Wall time,Step,Value
1569840361.0593128,0,0.42888036370277405
1569840363.3552907,1,0.5010355710983276
1569840365.649047,2,0.5682870149612427
1569840367.91726,3,0.5730689764022827
1569840370.2135735,4,0.6016995906829834
1569840372.4948363,5,0.6016082167625427
1569840374.7696936,6,0.6321576237678528
1569840377.0444922,7,0.6456201076507568
1569840379.3196027,8,0.6722709536552429
1569840381.5874863,9,0.6616106033325195
1569840383.8651443,10,0.6670626401901245
1569840386.1408741,11,0.646594762802124
1569840388.4242449,12,0.6418128609657288
1569840390.6913888,13,0.6306042671203613
1569840392.9652956,14,0.6303301453590393
1569840395.269329,15,0.6633771657943726
1569840397.5858831,16,0.6821698546409607
1569840399.860341,17,0.7060489654541016
1569840402.1349647,18,0.7094907164573669
1569840404.4040027,19,0.7174098491668701
1569840406.6750443,20,0.7307505011558533
1569840408.9555218,21,0.7538986206054688
1569840411.2691138,22,0.7736050486564636
1569840413.5604615,23,0.764132559299469
1569840415.8337889,24,0.7687621712684631
1569840418.1095908,25,0.7576144933700562
1569840420.3833299,26,0.7672088146209717
1569840422.6515791,27,0.7511574029922485
1569840424.9389544,28,0.7644980549812317
1569840427.2110035,29,0.7679702639579773
1569840429.4948425,30,0.7697368264198303
1569840431.7861013,31,0.752162516117096
1569840434.0555704,32,0.7662950754165649
1569840436.3235786,33,0.7529239654541016
1569840438.5969303,34,0.761421799659729
1569840440.8708344,35,0.7637670636177063
1569840443.166899,36,0.7648635506629944
1569840445.4394903,37,0.7685794234275818
1569840447.7254007,38,0.7590765357017517
1569840450.0295575,39,0.7780519127845764
1569840452.3050299,40,0.7674524784088135
1569840454.5860927,41,0.7540813684463501
1569840456.8610349,42,0.7766813039779663
1569840459.1331007,43,0.7620005011558533
1569840461.4010026,44,0.7683966755867004
1569840463.6788414,45,0.769158124923706
1569840465.9574733,46,0.7864887714385986
1569840468.2308009,47,0.779757559299469
1569840470.500781,48,0.7716556787490845
1569840472.7714546,49,0.7762853503227234
1569840475.0503457,50,0.7882857918739319
1569840477.319307,51,0.75271075963974
1569840479.5914097,52,0.7747624516487122
1569840481.8615184,53,0.7763158082962036
1569840484.133622,54,0.7867628931999207
1569840486.4409964,55,0.7724171280860901
1569840488.7215238,56,0.7685489654541016
1569840491.005363,57,0.7830774784088135
1569840493.289603,58,0.7840521335601807
1569840495.5688426,59,0.765899121761322
1569840497.8480816,60,0.7681530117988586
1569840500.1233795,61,0.7681530117988586
1569840502.3997192,62,0.7648330926895142
1569840504.6798298,63,0.7760721445083618
1569840506.9451156,64,0.7821028232574463
1569840509.2113712,65,0.7855445742607117
1569840511.4772007,66,0.782468318939209
1569840513.7458239,67,0.7724780440330505
1569840516.0218832,68,0.7762548923492432
1569840518.2948618,69,0.7674220204353333
1569840520.5673504,70,0.7913621068000793
1569840522.8394,71,0.776498556137085
1569840525.1068943,72,0.7751279473304749
1569840527.3816514,73,0.762365996837616
1569840529.6534657,74,0.7593201994895935
1569840531.9329834,75,0.774610161781311
1569840534.2132714,76,0.7614522576332092
1569840536.48164,77,0.7661123275756836
1569840538.749376,78,0.7700718641281128
1569840541.0182528,79,0.7826815247535706
1569840543.2895136,80,0.7626096606254578
1569840545.5947883,81,0.7709246873855591
1569840547.883694,82,0.7658686637878418
1569840550.1731756,83,0.7836561799049377
1569840552.4535809,84,0.7587414979934692
1569840554.7403681,85,0.7739705443382263
1569840557.0177178,86,0.7722343802452087
1569840559.2905977,87,0.7652595043182373
1569840561.556135,88,0.7652595043182373
1569840563.8334062,89,0.7759198546409607
1569840566.1164823,90,0.7690058350563049
1569840568.433784,91,0.7612695097923279
1569840570.7098982,92,0.7795443534851074
1569840572.990151,93,0.7517970204353333
1569840575.267107,94,0.7664778232574463
1569840577.5438921,95,0.7586805820465088
1569840579.817204,96,0.772264838218689
1569840582.0992408,97,0.7766508460044861
1569840584.3873336,98,0.7799403071403503
1569840586.6595027,99,0.7739705443382263
1569840588.937289,100,0.769158124923706
1569840591.2074678,101,0.776498556137085
1569840593.4837728,102,0.7855445742607117
1569840595.7685995,103,0.7705287337303162
1569840598.0513518,104,0.7768945097923279
1569840600.3347955,105,0.7662646174430847
1569840602.6178195,106,0.7651072144508362
1569840604.9049075,107,0.7725998759269714
1569840607.1718485,108,0.7706505656242371
1569840609.4481037,109,0.7747624516487122
1569840611.7241879,110,0.7809149622917175
1569840614.0000088,111,0.7763158082962036
1569840616.2862628,112,0.7849963307380676
1569840618.5850918,113,0.780975878238678
1569840620.8669112,114,0.7667824029922485
1569840623.1439595,115,0.7786001563072205
1569840625.428928,116,0.7668128609657288
1569840627.7148912,117,0.77853924036026
1569840629.989302,118,0.7758589386940002
1569840632.2693765,119,0.7868847250938416
1569840634.5507329,120,0.7876766324043274
1569840636.8253658,121,0.7697063684463501
1569840639.1192582,122,0.768609881401062
1569840641.3911033,123,0.778813362121582
1569840643.6874866,124,0.7681530117988586
1569840645.9779274,125,0.7653204202651978
1569840648.2499037,126,0.7778691649436951
1569840650.5300126,127,0.7526803016662598
1569840652.8152223,128,0.7581323385238647
1569840655.1048524,129,0.7780519127845764
1569840657.378853,130,0.7859709858894348
1569840659.6555297,131,0.7612390518188477
1569840661.965425,132,0.7733917832374573
1569840664.2765079,133,0.7651072144508362
1569840666.5515542,134,0.7660818696022034
1569840668.8283691,135,0.7745492458343506
1569840671.099423,136,0.7652899622917175
1569840673.375028,137,0.7830470204353333
1569840675.660721,138,0.7654727101325989
1569840677.9378507,139,0.776102602481842
1569840680.209952,140,0.7689449191093445
1569840682.4942517,141,0.7671783566474915
1569840684.7849252,142,0.775554358959198
1569840687.0651345,143,0.775554358959198
1569840689.3494267,144,0.7688230872154236
1569840691.6276393,145,0.7811281681060791
1569840693.910465,146,0.7648940086364746
1569840696.2112367,147,0.7699195742607117
1569840698.49321,148,0.7643762230873108
1569840700.7679582,149,0.7849963307380676
1569840703.048765,150,0.7754934430122375
1569840705.3215406,151,0.7655031681060791
1569840707.5951457,152,0.7646503448486328
1569840709.865703,153,0.7647417187690735
1569840712.1436467,154,0.7681834697723389
1569840714.42086,155,0.76833575963974
1569840716.696441,156,0.7668737769126892
1569840718.975129,157,0.7664778232574463
1569840721.2495828,158,0.7680311799049377
1569840723.52382,159,0.7789351940155029
1569840725.8105361,160,0.7595029473304749
1569840728.104933,161,0.7716556787490845
1569840730.3793344,162,0.7674220204353333
1569840732.6674516,163,0.7732394933700562
1569840734.969772,164,0.7610867619514465
1569840737.247082,165,0.7601121068000793
1569840739.525584,166,0.7570357918739319
1569840741.8008416,167,0.7461622953414917
1569840744.0953438,168,0.7675743103027344
1569840746.3929276,169,0.7772600054740906
1569840748.6716578,170,0.7594724893569946
1569840750.9509604,171,0.7666301131248474
1569840753.2384093,172,0.7859405279159546
1569840755.513221,173,0.773787796497345
1569840757.8077352,174,0.7778387069702148
1569840760.1045697,175,0.7696759104728699
1569840762.383863,176,0.7685794234275818
1569840764.6783807,177,0.7687317132949829
1569840766.989486,178,0.7548732757568359
1569840769.2694247,179,0.7509746551513672
1569840771.544741,180,0.7697368264198303
1569840773.8337305,181,0.7762853503227234
1569840776.1077604,182,0.7598989009857178
1569840778.3804295,183,0.7732699513435364
1569840780.648424,184,0.742537796497345
1569840782.9304183,185,0.7691885828971863
1569840785.2209837,186,0.7720820903778076
1569840787.5062473,187,0.7461927533149719
1569840789.785633,188,0.782742440700531
1569840792.063839,189,0.7848135828971863
1569840794.3508077,190,0.759655237197876
1569840796.6266198,191,0.7751888632774353
1569840798.9017456,192,0.7718384265899658
1569840801.1849246,193,0.7755239009857178
1569840803.4654033,194,0.782468318939209
1569840805.754663,195,0.7726303339004517
1569840808.0293381,196,0.7662646174430847
1569840810.301804,197,0.7695845365524292
1569840812.587311,198,0.7747624516487122
1569840814.8692842,199,0.7834734320640564
