Wall time,Step,Value
1569840348.916623,0,0.41435185074806213
1569840351.2073886,1,0.4400077164173126
1569840353.48475,2,0.540123462677002
1569840355.798217,3,0.542438268661499
1569840358.1047058,4,0.5582561492919922
1569840360.435817,5,0.5787037014961243
1569840362.8121006,6,0.5978009104728699
1569840365.1417594,7,0.6140046119689941
1569840367.4142792,8,0.6167052388191223
1569840369.686257,9,0.6242284178733826
1569840371.9588938,10,0.6062885522842407
1569840374.2148943,11,0.6514274477958679
1569840376.4866517,12,0.6624228358268738
1569840378.7475746,13,0.6695601940155029
1569840381.0101748,14,0.6587576866149902
1569840383.2732093,15,0.6776620149612427
1569840385.5273552,16,0.7023534178733826
1569840387.7915127,17,0.6558641791343689
1569840390.0687113,18,0.6936728358268738
1569840392.3479514,19,0.6944444179534912
1569840394.6050496,20,0.7064043283462524
1569840396.8624728,21,0.7185571193695068
1569840399.1143293,22,0.714313268661499
1569840401.3854039,23,0.7094907164573669
1569840403.6601827,24,0.7193287014961243
1569840405.914588,25,0.7347608208656311
1569840408.1823316,26,0.7318673133850098
1569840410.45294,27,0.7654321193695068
1569840412.7238438,28,0.7492284178733826
1569840414.9960494,29,0.7858796119689941
1569840417.264424,30,0.7883873581886292
1569840419.5324135,31,0.758873462677002
1569840421.8004103,32,0.7920524477958679
1569840424.0770345,33,0.8053626418113708
1569840426.3387759,34,0.8136574029922485
1569840428.5969603,35,0.7907021641731262
1569840430.859578,36,0.7854938507080078
1569840433.1365223,37,0.7835648059844971
1569840435.3935256,38,0.7910879850387573
1569840437.6689396,39,0.7947530746459961
1569840439.9270442,40,0.8015046119689941
1569840442.1997268,41,0.8128858208656311
1569840444.4829102,42,0.7837576866149902
1569840446.7546287,43,0.8072916865348816
1569840449.014087,44,0.8157793283462524
1569840451.2782629,45,0.8028549551963806
1569840453.5469947,46,0.8119212985038757
1569840455.8197737,47,0.8188657164573669
1569840458.0886686,48,0.8055555820465088
1569840460.3538022,49,0.8086419701576233
1569840462.631691,50,0.8132715821266174
1569840464.8913584,51,0.8119212985038757
1569840467.1454806,52,0.7937885522842407
1569840469.3995233,53,0.803626537322998
1569840471.6615782,54,0.8103780746459961
1569840473.9280815,55,0.8265817761421204
1569840476.1900084,56,0.8042052388191223
1569840478.4596498,57,0.8074845671653748
1569840480.7265205,58,0.8015046119689941
1569840483.003966,59,0.8146219253540039
1569840485.2783074,60,0.8175154328346252
1569840487.553331,61,0.7947530746459961
1569840489.8150666,62,0.8285108208656311
1569840492.0916555,63,0.7943673133850098
1569840494.3661523,64,0.8042052388191223
1569840496.6448653,65,0.8221450448036194
1569840498.9181309,66,0.790123462677002
1569840501.176274,67,0.8067129850387573
1569840503.4480846,68,0.8138502836227417
1569840505.6990535,69,0.8042052388191223
1569840507.9486952,70,0.8161651492118835
1569840510.2174516,71,0.8198302388191223
1569840512.4930212,72,0.8076774477958679
1569840514.769521,73,0.8246527910232544
1569840517.026913,74,0.8302469253540039
1569840519.2930348,75,0.8018904328346252
1569840521.5651498,76,0.8146219253540039
1569840523.8385727,77,0.7984182238578796
1569840526.0975676,78,0.8279321193695068
1569840528.3577883,79,0.8063271641731262
1569840530.6281986,80,0.8163580298423767
1569840532.898136,81,0.821373462677002
1569840535.1744168,82,0.8163580298423767
1569840537.4440265,83,0.834876537322998
1569840539.7138479,84,0.8155864477157593
1569840541.9757833,85,0.8285108208656311
1569840544.2490094,86,0.8287037014961243
1569840546.5176494,87,0.7889660596847534
1569840548.7977927,88,0.8076774477958679
1569840551.053169,89,0.8022762537002563
1569840553.3372676,90,0.8171296119689941
1569840555.6013448,91,0.8227237462997437
1569840557.8877754,92,0.8126928806304932
1569840560.160455,93,0.8090277910232544
1569840562.4241962,94,0.8190586566925049
1569840564.694107,95,0.8165509104728699
1569840566.9878116,96,0.8352623581886292
1569840569.2743604,97,0.8067129850387573
1569840571.5582342,98,0.8260030746459961
1569840573.8562481,99,0.8240740895271301
1569840576.1145308,100,0.8123071193695068
1569840578.3804514,101,0.8132715821266174
1569840580.6350784,102,0.8092206716537476
1569840582.9218812,103,0.8101851940155029
1569840585.1986725,104,0.8155864477157593
1569840587.5347397,105,0.8202160596847534
1569840589.811608,106,0.8431712985038757
1569840592.0935574,107,0.8171296119689941
1569840594.3627923,108,0.8125
1569840596.6345506,109,0.8204089403152466
1569840598.907572,110,0.8302469253540039
1569840601.1927645,111,0.8084490895271301
1569840603.4792461,112,0.8045910596847534
1569840605.7546616,113,0.8171296119689941
1569840608.0311172,114,0.8314043283462524
1569840610.3101428,115,0.8146219253540039
1569840612.5929291,116,0.8296682238578796
1569840614.8549485,117,0.8304398059844971
1569840617.1148171,118,0.839313268661499
1569840619.3688636,119,0.8408564925193787
1569840621.6441262,120,0.8146219253540039
1569840623.9144871,121,0.8026620149612427
1569840626.192378,122,0.8371913433074951
1569840628.4680448,123,0.8449074029922485
1569840630.742343,124,0.8202160596847534
1569840633.045915,125,0.8190586566925049
1569840635.3139024,126,0.8287037014961243
1569840637.5822878,127,0.8283178806304932
1569840639.8641844,128,0.8360339403152466
1569840642.1350873,129,0.8001543283462524
1569840644.4214914,130,0.8204089403152466
1569840646.687913,131,0.8140432238578796
1569840648.963955,132,0.8344907164573669
1569840651.2579494,133,0.8165509104728699
1569840653.5301301,134,0.8119212985038757
1569840655.816513,135,0.8420138955116272
1569840658.084492,136,0.8003472089767456
1569840660.3427682,137,0.8287037014961243
1569840662.6249478,138,0.826196014881134
1569840664.8941271,139,0.8283178806304932
1569840667.1591775,140,0.8246527910232544
1569840669.4394755,141,0.796875
1569840671.7042155,142,0.8267747163772583
1569840673.9907265,143,0.8221450448036194
1569840676.2718794,144,0.8358410596847534
1569840678.5379195,145,0.8190586566925049
1569840680.8022037,146,0.7959104776382446
1569840683.0848083,147,0.8350694179534912
1569840685.3425913,148,0.8319830298423767
1569840687.614291,149,0.8240740895271301
1569840689.8871398,150,0.8366126418113708
1569840692.1812341,151,0.8516589403152466
1569840694.4640892,152,0.8366126418113708
1569840696.7286992,153,0.8215663433074951
1569840699.0033805,154,0.8179012537002563
1569840701.295513,155,0.832561731338501
1569840703.5673249,156,0.8292824029922485
1569840705.828878,157,0.832561731338501
1569840708.1061175,158,0.8350694179534912
1569840710.379828,159,0.8225308656692505
1569840712.6490893,160,0.8323688507080078
1569840714.9162,161,0.8134645223617554
1569840717.1870265,162,0.8196373581886292
1569840719.4575737,163,0.8333333134651184
1569840721.7389064,164,0.8200231194496155
1569840724.0124536,165,0.8510802388191223
1569840726.2943254,166,0.8470293283462524
1569840728.5593243,167,0.8346836566925049
1569840730.8348007,168,0.8491512537002563
1569840733.1177843,169,0.8362268805503845
1569840735.392767,170,0.8333333134651184
1569840737.667785,171,0.8329475522041321
1569840739.9553397,172,0.8294752836227417
1569840742.228865,173,0.8238811492919922
1569840744.512053,174,0.8342978358268738
1569840746.795928,175,0.8339120149612427
1569840749.0576143,176,0.8337191343307495
1569840751.3296626,177,0.8304398059844971
1569840753.5983634,178,0.8443287014961243
1569840755.8547301,179,0.8254243731498718
1569840758.121696,180,0.8234953880310059
1569840760.3867266,181,0.8182870149612427
1569840762.6737669,182,0.841821014881134
1569840764.9587133,183,0.8354552388191223
1569840767.224758,184,0.8371913433074951
1569840769.4894528,185,0.8342978358268738
1569840771.7479217,186,0.8350694179534912
1569840774.0305176,187,0.8476080298423767
1569840776.310328,188,0.819251537322998
1569840778.5846655,189,0.8350694179534912
1569840780.844442,190,0.8034336566925049
1569840783.1208189,191,0.8543595671653748
1569840785.3993676,192,0.8258101940155029
1569840787.6546168,193,0.8460648059844971
1569840789.922127,194,0.8288965821266174
1569840792.1952503,195,0.8134645223617554
1569840794.4850247,196,0.8233024477958679
1569840796.779747,197,0.8466435074806213
1569840799.045092,198,0.8379629850387573
1569840801.3275998,199,0.8344907164573669
