Wall time,Step,Value
1569840840.5816283,0,0.381759375333786
1569840842.927011,1,0.33922848105430603
1569840845.2921422,2,0.5035771727561951
1569840847.584648,3,0.5242330431938171
1569840849.8631968,4,0.5734489560127258
1569840852.215811,5,0.5602850317955017
1569840854.55978,6,0.5868475437164307
1569840856.853152,7,0.6027873158454895
1569840859.1348596,8,0.6135531067848206
1569840861.428362,9,0.6439617872238159
1569840863.7308233,10,0.6533081531524658
1569840866.0705276,11,0.6652873158454895
1569840868.399259,12,0.6782222986221313
1569840870.6779523,13,0.6950320601463318
1569840872.910356,14,0.6910370588302612
1569840875.1348364,15,0.7170215249061584
1569840877.3418932,16,0.7126545310020447
1569840879.5857894,17,0.7227793335914612
1569840881.8577273,18,0.7191048264503479
1569840884.1751435,19,0.7309123277664185
1569840886.484416,20,0.7217090129852295
1569840888.7958877,21,0.7388965487480164
1569840891.1101208,22,0.737448513507843
1569840893.3814492,23,0.7328182458877563
1569840895.6685274,24,0.7446542978286743
1569840897.9364548,25,0.7389251589775085
1569840900.2164416,26,0.7509901523590088
1569840902.5045679,27,0.7388678789138794
1569840904.7891326,28,0.7483287453651428
1569840907.0509696,29,0.7467090487480164
1569840909.2812505,30,0.7476361989974976
1569840911.511465,31,0.7483287453651428
1569840913.7560894,32,0.7567479610443115
1569840915.9984286,33,0.7437270879745483
1569840918.24041,34,0.7524954080581665
1569840920.450533,35,0.7582818269729614
1569840922.6524959,36,0.7567479610443115
1569840924.883004,37,0.7592662572860718
1569840927.1027098,38,0.7617273330688477
1569840929.310301,39,0.7675995826721191
1569840931.5308297,40,0.7555059790611267
1569840933.750364,41,0.7632039785385132
1569840935.985321,42,0.7610576748847961
1569840938.1974375,43,0.7698259949684143
1569840940.4072127,44,0.7675137519836426
1569840942.6175263,45,0.7679487466812134
1569840944.8407207,46,0.7686412334442139
1569840947.0516179,47,0.7581101059913635
1569840949.2802637,48,0.7691620588302612
1569840951.5118299,49,0.7691620588302612
1569840953.7360678,50,0.7691907286643982
1569840955.941167,51,0.7571542859077454
1569840958.1630757,52,0.7702609896659851
1569840960.381858,53,0.768698513507843
1569840962.5967977,54,0.7644173502922058
1569840964.817062,55,0.766180157661438
1569840967.027938,56,0.7775526642799377
1569840969.2368364,57,0.7656593322753906
1569840971.4770174,58,0.7696829438209534
1569840973.7170308,59,0.7717090249061584
1569840975.938759,60,0.775383472442627
1569840978.1639647,61,0.7844951748847961
1569840980.3820958,62,0.7780448794364929
1569840982.5873322,63,0.7546359896659851
1569840984.8213744,64,0.7791151404380798
1569840987.0350292,65,0.7785943150520325
1569840989.252738,66,0.7881124019622803
1569840991.4671998,67,0.7699118852615356
1569840993.7020676,68,0.778708815574646
1569840995.9176404,69,0.7821543216705322
1569840998.1443605,70,0.768698513507843
1569841000.3563454,71,0.7746565937995911
1569841002.5917418,72,0.7721726298332214
1569841004.8211267,73,0.7813129425048828
1569841007.0416965,74,0.7715373039245605
1569841009.254939,75,0.7716804146766663
1569841011.4725688,76,0.7693337798118591
1569841013.679578,77,0.7754979133605957
1569841015.892498,78,0.7776671051979065
1569841018.1058388,79,0.7733860015869141
1569841020.316819,80,0.7739068269729614
1569841022.5421226,81,0.7890968322753906
1569841024.7830856,82,0.7802712917327881
1569841026.9922364,83,0.7853365540504456
1569841029.2008448,84,0.774919867515564
1569841031.421994,85,0.769597053527832
1569841033.6372898,86,0.7796932458877563
1569841035.846444,87,0.784466564655304
1569841038.0615306,88,0.7770890593528748
1569841040.2813165,89,0.783396303653717
1569841042.5000987,90,0.7754120826721191
1569841044.7158568,91,0.7743990421295166
1569841046.9274697,92,0.7853365540504456
1569841049.1395695,93,0.7782166004180908
1569841051.353008,94,0.7671359777450562
1569841053.5596635,95,0.7729223966598511
1569841055.7671819,96,0.7811126112937927
1569841057.9862213,97,0.7752976417541504
1569841060.206748,98,0.7860863208770752
1569841062.43501,99,0.7798076868057251
1569841064.647008,100,0.7875057458877563
1569841066.8822136,101,0.7737923264503479
1569841069.1115308,102,0.7720581293106079
1569841071.3332431,103,0.7811698913574219
1569841073.5610368,104,0.7820970416069031
1569841075.7762177,105,0.7807348966598511
1569841078.0052192,106,0.7853651642799377
1569841080.237329,107,0.7759901285171509
1569841082.4746404,108,0.786492645740509
1569841084.7113905,109,0.784002959728241
1569841086.9265983,110,0.7775526642799377
1569841089.1470022,111,0.7869848608970642
1569841091.3681276,112,0.7927140593528748
1569841093.5822277,113,0.7801568508148193
1569841095.8114643,114,0.7812271118164062
1569841098.031332,115,0.782268762588501
1569841100.2415318,116,0.7897035479545593
1569841102.457071,117,0.7753262519836426
1569841104.692584,118,0.7881124019622803
1569841106.9168468,119,0.784323513507843
1569841109.1321688,120,0.7819826006889343
1569841111.345042,121,0.7812271118164062
1569841113.5568128,122,0.7722012400627136
1569841115.7766633,123,0.7863782048225403
1569841117.9963849,124,0.7885473966598511
1569841120.221531,125,0.7853365540504456
1569841122.434962,126,0.792136013507843
1569841124.6718943,127,0.791351854801178
1569841126.8969738,128,0.7779876589775085
1569841129.1303508,129,0.7860004305839539
1569841131.3448794,130,0.7828468680381775
1569841133.5849497,131,0.7973729372024536
1569841135.8017554,132,0.7853937745094299
1569841138.011479,133,0.7818337678909302
1569841140.2323809,134,0.7829613089561462
1569841142.4507396,135,0.7854509949684143
1569841144.6901472,136,0.7897321581840515
1569841146.9781353,137,0.7812843322753906
1569841149.30988,138,0.7790293097496033
1569841151.6386695,139,0.7786229252815247
1569841153.9746084,140,0.7760187983512878
1569841156.3174891,141,0.7845295071601868
1569841158.617274,142,0.7809352278709412
1569841160.8683372,143,0.7899668216705322
1569841163.1190362,144,0.7832245826721191
1569841165.3809526,145,0.7972012162208557
1569841167.6418922,146,0.790544867515564
1569841169.8888974,147,0.7719093561172485
1569841172.1423512,148,0.7796932458877563
1569841174.3571563,149,0.7827037572860718
1569841176.5661473,150,0.7884042859077454
1569841178.7953663,151,0.7879406809806824
1569841181.0174823,152,0.7964457273483276
1569841183.255477,153,0.7889537811279297
1569841185.51169,154,0.7839171290397644
1569841187.7967432,155,0.795232355594635
1569841190.0895157,156,0.7795215249061584
1569841192.385708,157,0.7797218561172485
1569841194.7075782,158,0.7760760188102722
1569841196.984785,159,0.7879979610443115
1569841199.2217653,160,0.7837740182876587
1569841201.4508939,161,0.7889823913574219
1569841203.677223,162,0.7988781929016113
1569841205.895037,163,0.7838885188102722
1569841208.122169,164,0.77778160572052
1569841210.3522182,165,0.7750343680381775
1569841212.6153827,166,0.7958104610443115
1569841214.867769,167,0.7701751589775085
1569841217.0866756,168,0.7628834843635559
1569841219.313649,169,0.7911229133605957
1569841221.5408432,170,0.7828181982040405
1569841223.7528832,171,0.7848157286643982
1569841225.9722178,172,0.7690476179122925
1569841228.2068052,173,0.7905734777450562
1569841230.4205577,174,0.7755265831947327
1569841232.6460757,175,0.7832245826721191
1569841234.873235,176,0.7845237851142883
1569841237.082193,177,0.7712168097496033
1569841239.301557,178,0.7754120826721191
1569841241.5123994,179,0.7812271118164062
1569841243.7302406,180,0.7774954438209534
1569841245.9402993,181,0.7817193269729614
1569841248.1572,182,0.7852793335914612
1569841250.3650308,183,0.7865785360336304
1569841252.5873072,184,0.7792010307312012
1569841254.8212798,185,0.7926282286643982
1569841257.0347958,186,0.7769745588302612
1569841259.2577426,187,0.7785657048225403
1569841261.4625883,188,0.778708815574646
1569841263.7388446,189,0.7870135307312012
1569841265.9649622,190,0.786492645740509
1569841268.176293,191,0.7824977040290833
1569841270.387162,192,0.784466564655304
1569841272.6103692,193,0.7845237851142883
1569841274.8274868,194,0.7748340368270874
1569841277.0651362,195,0.7859718203544617
1569841279.2926886,196,0.7890682220458984
1569841281.506046,197,0.7674278616905212
1569841283.7218373,198,0.7888965010643005
1569841285.9523773,199,0.7828181982040405
