Wall time,Step,Value
1569840290.4727588,0,0.2791193127632141
1569840293.1574535,1,0.34493371844291687
1569840295.9305525,2,0.3745265007019043
1569840298.586771,3,0.4166666567325592
1569840301.2944665,4,0.49976325035095215
1569840304.0168855,5,0.5009469985961914
1569840306.7207236,6,0.5333806872367859
1569840309.4505198,7,0.5435606241226196
1569840312.1329048,8,0.5461647510528564
1569840314.8346512,9,0.5712594985961914
1569840317.5721087,10,0.5875946879386902
1569840320.307692,11,0.5963541865348816
1569840323.0427964,12,0.6070075631141663
1569840325.790634,13,0.5994318127632141
1569840328.476851,14,0.6460700631141663
1569840331.1718829,15,0.6531723737716675
1569840333.9512773,16,0.6626420617103577
1569840336.846063,17,0.6711647510528564
1569840339.6559737,18,0.6749526262283325
1569840342.465383,19,0.6590909361839294
1569840345.1965802,20,0.6808711886405945
1569840347.9392612,21,0.6946022510528564
1569840350.6620162,22,0.6962594985961914
1569840353.459106,23,0.6960227489471436
1569840356.2727184,24,0.689393937587738
1569840359.0671718,25,0.7102272510528564
1569840361.8271472,26,0.7109375
1569840364.5998216,27,0.7218276262283325
1569840367.3830788,28,0.7263257503509521
1569840370.110628,29,0.7265625
1569840372.890362,30,0.7156723737716675
1569840375.7220912,31,0.7346117496490479
1569840378.5456915,32,0.7381628751754761
1569840381.39223,33,0.7279829382896423
1569840384.1589484,34,0.7279829382896423
1569840386.918941,35,0.7379261255264282
1569840389.6150732,36,0.7294034361839294
1569840392.3507419,37,0.7376893758773804
1569840395.084951,38,0.7466856241226196
1569840397.7628248,39,0.7350852489471436
1569840400.4166937,40,0.7433711886405945
1569840403.1288104,41,0.7443181872367859
1569840405.857073,42,0.755918562412262
1569840408.5488389,43,0.7547348737716675
1569840411.222353,44,0.7514204382896423
1569840413.9650223,45,0.7462121248245239
1569840416.662744,46,0.7549715638160706
1569840419.3060982,47,0.7660984992980957
1569840421.9881768,48,0.7665719985961914
1569840424.715442,49,0.7653882503509521
1569840427.392195,50,0.7459753751754761
1569840430.0524912,51,0.7687026262283325
1569840432.7179885,52,0.7689393758773804
1569840435.389238,53,0.7606534361839294
1569840438.116497,54,0.7606534361839294
1569840440.8415196,55,0.7587594985961914
1569840443.5659933,56,0.7734375
1569840446.2346263,57,0.7639678120613098
1569840448.8935122,58,0.7774621248245239
1569840451.6227407,59,0.7748579382896423
1569840454.2821853,60,0.7750946879386902
1569840457.0517735,61,0.7774621248245239
1569840459.778603,62,0.7769886255264282
1569840462.4346302,63,0.7817234992980957
1569840465.104474,64,0.7824336886405945
1569840467.7564228,65,0.7800663113594055
1569840470.4818473,66,0.7713068127632141
1569840473.193498,67,0.7720170617103577
1569840475.8674924,68,0.7803030014038086
1569840478.5511363,69,0.7694128751754761
1569840481.2777717,70,0.783143937587738
1569840484.0017552,71,0.7795928120613098
1569840486.6882427,72,0.7805397510528564
1569840489.3468156,73,0.7904829382896423
1569840492.0694022,74,0.7840909361839294
1569840494.7903378,75,0.7791193127632141
1569840497.4783547,76,0.7814867496490479
1569840500.1372733,77,0.787168562412262
1569840502.7959876,78,0.7829071879386902
1569840505.5166657,79,0.7710700631141663
1569840508.2313678,80,0.7824336886405945
1569840510.9684322,81,0.7826704382896423
1569840513.7023833,82,0.7897727489471436
1569840516.4161377,83,0.7803030014038086
1569840519.1453798,84,0.7888257503509521
1569840521.8126144,85,0.7634943127632141
1569840524.5326908,86,0.7781723737716675
1569840527.2086508,87,0.775331437587738
1569840529.8725748,88,0.7824336886405945
1569840532.5389402,89,0.7836174368858337
1569840535.2680857,90,0.7888257503509521
1569840537.98563,91,0.790956437587738
1569840540.6753514,92,0.7885890007019043
1569840543.3635345,93,0.7762784361839294
1569840546.0716937,94,0.7786458134651184
1569840548.740539,95,0.7743844985961914
1569840551.4222577,96,0.7748579382896423
1569840554.1513026,97,0.7878788113594055
1569840556.862004,98,0.7836174368858337
1569840559.5322378,99,0.7805397510528564
1569840562.257853,100,0.7848011255264282
1569840564.9267328,101,0.7776988744735718
1569840567.650379,102,0.7791193127632141
1569840570.3820004,103,0.7862215638160706
1569840573.048181,104,0.7874053120613098
1569840575.7458787,105,0.7708333134651184
1569840578.486498,106,0.7724905014038086
1569840581.2220488,107,0.7736742496490479
1569840583.8944995,108,0.7684659361839294
1569840586.5527,109,0.78125
1569840589.230994,110,0.7848011255264282
1569840591.9806056,111,0.7741477489471436
1569840594.6470153,112,0.7800663113594055
1569840597.3661208,113,0.7855113744735718
1569840600.099271,114,0.7672821879386902
1569840602.8448465,115,0.7852746248245239
1569840605.5790086,116,0.7821969985961914
1569840608.23909,117,0.7703598737716675
1569840610.9148066,118,0.7975852489471436
1569840613.6421354,119,0.7696496248245239
1569840616.3705978,120,0.7862215638160706
1569840619.0371728,121,0.7788825631141663
1569840621.702416,122,0.7824336886405945
1569840624.418919,123,0.7722538113594055
1569840627.135024,124,0.7578125
1569840629.864618,125,0.7720170617103577
1569840632.5969326,126,0.7836174368858337
1569840635.244921,127,0.7829071879386902
1569840637.9666097,128,0.7781723737716675
1569840640.6687312,129,0.7883522510528564
1569840643.336836,130,0.775331437587738
1569840646.0391717,131,0.7855113744735718
1569840648.7547448,132,0.7713068127632141
1569840651.41634,133,0.7791193127632141
1569840654.1150007,134,0.7767518758773804
1569840656.807981,135,0.7821969985961914
1569840659.478765,136,0.7883522510528564
1569840662.170438,137,0.7821969985961914
1569840664.8318849,138,0.7900094985961914
1569840667.4863465,139,0.7817234992980957
1569840670.15253,140,0.7743844985961914
1569840672.8224292,141,0.771543562412262
1569840675.476581,142,0.7852746248245239
1569840678.2090507,143,0.7698863744735718
1569840680.9321225,144,0.7708333134651184
1569840683.602949,145,0.7829071879386902
1569840686.3103104,146,0.7845643758773804
1569840689.0482137,147,0.7800663113594055
1569840691.7248886,148,0.7819602489471436
1569840694.4580772,149,0.7819602489471436
1569840697.1164768,150,0.7833806872367859
1569840699.7722924,151,0.7840909361839294
1569840702.4985268,152,0.7803030014038086
1569840705.233327,153,0.7786458134651184
1569840707.8884883,154,0.7743844985961914
1569840710.6317725,155,0.7727272510528564
1569840713.3750143,156,0.7760416865348816
1569840716.0815117,157,0.7805397510528564
1569840718.847143,158,0.7805397510528564
1569840721.5366492,159,0.779356062412262
1569840724.2130263,160,0.7713068127632141
1569840726.9061003,161,0.7769886255264282
1569840729.6068876,162,0.7748579382896423
1569840732.2662323,163,0.7805397510528564
1569840734.9538765,164,0.7696496248245239
1569840737.6162167,165,0.7767518758773804
1569840740.3377483,166,0.7613636255264282
1569840742.987052,167,0.7774621248245239
1569840745.652095,168,0.7708333134651184
1569840748.3913913,169,0.7720170617103577
1569840751.1078024,170,0.7760416865348816
1569840753.77345,171,0.7781723737716675
1569840756.4674265,172,0.7729640007019043
1569840759.1405823,173,0.7736742496490479
1569840761.8025155,174,0.7743844985961914
1569840764.5446959,175,0.7658617496490479
1569840767.275667,176,0.7722538113594055
1569840769.9945936,177,0.7743844985961914
1569840772.7118268,178,0.7743844985961914
1569840775.4361835,179,0.7724905014038086
1569840778.1651542,180,0.7788825631141663
1569840780.860735,181,0.7843276262283325
1569840783.543303,182,0.7660984992980957
1569840786.2824924,183,0.7727272510528564
1569840788.9595432,184,0.7760416865348816
1569840791.6945567,185,0.7682291865348816
1569840794.5038848,186,0.7653882503509521
1569840797.2851048,187,0.7791193127632141
1569840799.9712946,188,0.7767518758773804
1569840802.700682,189,0.7687026262283325
1569840805.3585737,190,0.7758049368858337
1569840808.0828865,191,0.7734375
1569840810.7987068,192,0.7660984992980957
1569840813.4592566,193,0.7698863744735718
1569840816.1705577,194,0.7679924368858337
1569840818.8969963,195,0.7772253751754761
1569840821.5705783,196,0.7658617496490479
1569840824.2432082,197,0.7705965638160706
1569840826.9127688,198,0.7736742496490479
1569840829.5904996,199,0.7824336886405945
