Wall time,Step,Value
1569840385.0483148,0,0.3888888955116272
1569840387.3973575,1,0.39898988604545593
1569840389.732438,2,0.44081440567970276
1569840392.0698774,3,0.44649621844291687
1569840394.4165134,4,0.48200756311416626
1569840396.7825165,5,0.49889519810676575
1569840399.1420941,6,0.46985480189323425
1569840401.4977212,7,0.47711488604545593
1569840403.8469946,8,0.4955808222293854
1569840406.1975582,9,0.5160984992980957
1569840408.5064807,10,0.5714961886405945
1569840410.843792,11,0.6092171669006348
1569840413.2075152,12,0.645044207572937
1569840415.5280943,13,0.6835542917251587
1569840417.83883,14,0.6875
1569840420.1791995,15,0.6991792917251587
1569840422.5000308,16,0.6904987096786499
1569840424.846226,17,0.7159090638160706
1569840427.1636465,18,0.703125
1569840429.5463874,19,0.7069128751754761
1569840431.8978493,20,0.7045454382896423
1569840434.2467797,21,0.6996527910232544
1569840436.6072037,22,0.6931818127632141
1569840438.920221,23,0.7129103541374207
1569840441.237951,24,0.7099116444587708
1569840443.53982,25,0.7047032713890076
1569840445.8460505,26,0.7102272510528564
1569840448.153982,27,0.7277461886405945
1569840450.4578254,28,0.7305871248245239
1569840452.7635312,29,0.7297979593276978
1569840455.1081917,30,0.7018623948097229
1569840457.4618878,31,0.7193813323974609
1569840459.778643,32,0.7353219985961914
1569840462.1465552,33,0.7144886255264282
1569840464.529473,34,0.725063145160675
1569840466.8895333,35,0.7152777910232544
1569840469.2662838,36,0.7258522510528564
1569840471.6286614,37,0.716856062412262
1569840473.9676738,38,0.7152777910232544
1569840476.2703495,39,0.7264835834503174
1569840478.5904033,40,0.7316918969154358
1569840480.91253,41,0.745580792427063
1569840483.289702,42,0.75
1569840485.6370363,43,0.7479482293128967
1569840488.001775,44,0.7616792917251587
1569840490.3677828,45,0.7574179172515869
1569840492.7393281,46,0.7589961886405945
1569840495.0482228,47,0.7490530014038086
1569840497.3562593,48,0.7623106241226196
1569840499.6746542,49,0.7487373948097229
1569840501.9765942,50,0.7536300420761108
1569840504.2836301,51,0.7634153962135315
1569840506.595293,52,0.7739899158477783
1569840508.91061,53,0.7635732293128967
1569840511.2247093,54,0.7752525210380554
1569840513.5485256,55,0.7736742496490479
1569840515.8567789,56,0.7638888955116272
1569840518.1839545,57,0.7842487096786499
1569840520.544127,58,0.7649936676025391
1569840522.9132226,59,0.7588383555412292
1569840525.236037,60,0.7487373948097229
1569840527.5460856,61,0.7771464586257935
1569840529.8605342,62,0.776830792427063
1569840532.1725936,63,0.7834596037864685
1569840534.4848466,64,0.7615214586257935
1569840536.798191,65,0.7694128751754761
1569840539.114127,66,0.7634153962135315
1569840541.423949,67,0.7851957082748413
1569840543.744571,68,0.7765151262283325
1569840546.1090636,69,0.7356376051902771
1569840548.4834185,70,0.7714646458625793
1569840550.805699,71,0.7706754803657532
1569840553.1531835,72,0.7485795617103577
1569840555.4704056,73,0.7578914165496826
1569840557.7851655,74,0.7635732293128967
1569840560.1076713,75,0.761205792427063
1569840562.4711857,76,0.7818813323974609
1569840564.8192427,77,0.7929292917251587
1569840567.1670423,78,0.7771464586257935
1569840569.482156,79,0.7763573527336121
1569840571.7853558,80,0.7716224789619446
1569840574.0975516,81,0.7757260203361511
1569840576.3968468,82,0.7713068127632141
1569840578.7092798,83,0.7717803120613098
1569840581.0238037,84,0.7725694179534912
1569840583.3626325,85,0.7784090638160706
1569840585.7070916,86,0.778724730014801
1569840588.0864484,87,0.7602588534355164
1569840590.4096496,88,0.7708333134651184
1569840592.7256029,89,0.7815656661987305
1569840595.0889328,90,0.7976641654968262
1569840597.4461741,91,0.7872474789619446
1569840599.7579362,92,0.7695707082748413
1569840602.078112,93,0.7645202279090881
1569840604.4348109,94,0.7806186676025391
1569840606.8074186,95,0.783775269985199
1569840609.1637993,96,0.7582070827484131
1569840611.5254648,97,0.7683081030845642
1569840613.8303423,98,0.7820391654968262
1569840616.1428108,99,0.7575757503509521
1569840618.4658568,100,0.7773042917251587
1569840620.8429303,101,0.7640467286109924
1569840623.1668587,102,0.7692550420761108
1569840625.4783657,103,0.7776199579238892
1569840627.799433,104,0.7690972089767456
1569840630.1212282,105,0.7826704382896423
1569840632.4305346,106,0.7886679172515869
1569840634.7774308,107,0.7807765007019043
1569840637.0926316,108,0.7645202279090881
1569840639.4198587,109,0.7640467286109924
1569840641.7384655,110,0.7765151262283325
1569840644.056233,111,0.7851957082748413
1569840646.3747556,112,0.7829861044883728
1569840648.7564092,113,0.7689393758773804
1569840651.1287353,114,0.7720959782600403
1569840653.4736712,115,0.7738320827484131
1569840655.8076935,116,0.7744633555412292
1569840658.152727,117,0.7886679172515869
1569840660.460277,118,0.7806186676025391
1569840662.7992842,119,0.7615214586257935
1569840665.113558,120,0.7798295617103577
1569840667.4631171,121,0.7780934572219849
1569840669.776658,122,0.7697285413742065
1569840672.0945656,123,0.7779356241226196
1569840674.4691024,124,0.7870896458625793
1569840676.824666,125,0.7738320827484131
1569840679.1905801,126,0.7747790217399597
1569840681.549934,127,0.7785668969154358
1569840683.859831,128,0.7863004803657532
1569840686.1756773,129,0.7821969985961914
1569840688.5294335,130,0.7851957082748413
1569840690.8438745,131,0.7599431872367859
1569840693.1523268,132,0.7594696879386902
1569840695.468172,133,0.7757260203361511
1569840697.779162,134,0.7601010203361511
1569840700.0890722,135,0.7739899158477783
1569840702.398318,136,0.7864583134651184
1569840704.7136896,137,0.7657828330993652
1569840707.0253088,138,0.7664141654968262
1569840709.3381937,139,0.783775269985199
1569840711.6458423,140,0.7915088534355164
1569840713.9493518,141,0.7771464586257935
1569840716.259572,142,0.7702020406723022
1569840718.5850456,143,0.7809343338012695
1569840720.9463682,144,0.7829861044883728
1569840723.3098376,145,0.7776199579238892
1569840725.6235561,146,0.7795138955116272
1569840727.9565938,147,0.7750946879386902
1569840730.287868,148,0.7861426472663879
1569840732.597711,149,0.7806186676025391
1569840734.9106631,150,0.7782512903213501
1569840737.229157,151,0.7861426472663879
1569840739.5493717,152,0.7810921669006348
1569840741.8739638,153,0.7689393758773804
1569840744.2216682,154,0.7694128751754761
1569840746.5529013,155,0.7610479593276978
1569840748.8663344,156,0.7735164165496826
1569840751.2239683,157,0.7823547720909119
1569840753.566748,158,0.7804608345031738
1569840755.873635,159,0.7716224789619446
1569840758.1941779,160,0.7692550420761108
1569840760.5305104,161,0.7552083134651184
1569840762.8783257,162,0.7679924368858337
1569840765.2181373,163,0.7773042917251587
1569840767.5605233,164,0.801294207572937
1569840769.909013,165,0.7741477489471436
1569840772.225118,166,0.7599431872367859
1569840774.5780342,167,0.7779356241226196
1569840776.8993938,168,0.7959280014038086
1569840779.2106483,169,0.7714646458625793
1569840781.5240586,170,0.7877209782600403
1569840783.8684711,171,0.785669207572937
1569840786.209765,172,0.7776199579238892
1569840788.558094,173,0.7845643758773804
1569840790.880651,174,0.7736742496490479
1569840793.1954968,175,0.7771464586257935
1569840795.506537,176,0.7765151262283325
1569840797.8236868,177,0.7810921669006348
1569840800.2037835,178,0.7706754803657532
1569840802.576834,179,0.7801452279090881
1569840804.96055,180,0.7883522510528564
1569840807.3219917,181,0.7810921669006348
1569840809.6400054,182,0.7791982293128967
1569840811.953745,183,0.7908775210380554
1569840814.2980735,184,0.7820391654968262
1569840816.6078465,185,0.7821969985961914
1569840818.9146168,186,0.7760416865348816
1569840821.262729,187,0.7814078330993652
1569840823.5806506,188,0.7766729593276978
1569840825.8902645,189,0.7738320827484131
1569840828.2106738,190,0.7801452279090881
1569840830.5598524,191,0.7714646458625793
1569840832.8657486,192,0.7823547720909119
1569840835.1976004,193,0.7741477489471436
1569840837.506592,194,0.7708333134651184
1569840839.8181968,195,0.7720959782600403
1569840842.1244757,196,0.7774621248245239
1569840844.462352,197,0.7817234992980957
1569840846.7692764,198,0.776830792427063
1569840849.0925238,199,0.7683081030845642
