Wall time,Step,Value
1569840397.5247235,0,0.2970336973667145
1569840399.8524446,1,0.3984014391899109
1569840402.173236,2,0.4064808487892151
1569840404.5021145,3,0.4049515128135681
1569840406.8108244,4,0.5234591364860535
1569840409.1321805,5,0.5878058671951294
1569840411.4433992,6,0.6155932545661926
1569840413.7982686,7,0.6313481330871582
1569840416.103439,8,0.6127077341079712
1569840418.4174914,9,0.6473049521446228
1569840420.75073,10,0.6541147232055664
1569840423.073023,11,0.7028220295906067
1569840425.3983562,12,0.6874134540557861
1569840427.750782,13,0.7044667601585388
1569840430.0651712,14,0.7121421694755554
1569840432.3818388,15,0.6921456456184387
1569840434.6931534,16,0.7124307751655579
1569840437.0021777,17,0.7375057935714722
1569840439.316644,18,0.7539820075035095
1569840441.6467783,19,0.75227952003479
1569840443.956711,20,0.7643986344337463
1569840446.267826,21,0.7520198225975037
1569840448.5858634,22,0.757935106754303
1569840450.9122663,23,0.7749596238136292
1569840453.2293572,24,0.7746421694755554
1569840455.5536594,25,0.7941770553588867
1569840457.8823197,26,0.7943213582038879
1569840460.2007475,27,0.779720664024353
1569840462.510272,28,0.783327579498291
1569840464.8178682,29,0.7895025610923767
1569840467.1409175,30,0.7964854836463928
1569840469.4522395,31,0.7900219559669495
1569840471.7734184,32,0.8015350699424744
1569840474.0885627,33,0.8055459260940552
1569840476.4335313,34,0.8059499263763428
1569840478.7507753,35,0.8034683465957642
1569840481.0721428,36,0.7946387529373169
1569840483.3765397,37,0.8097876310348511
1569840485.7278113,38,0.8087776899337769
1569840488.0375593,39,0.8110572695732117
1569840490.3690813,40,0.8195406198501587
1569840492.6854954,41,0.8245614171028137
1569840494.9984431,42,0.8152989149093628
1569840497.3283546,43,0.8082871437072754
1569840499.6748805,44,0.8237823247909546
1569840501.9975677,45,0.8114035129547119
1569840504.316593,46,0.8229455351829529
1569840506.626917,47,0.8241574168205261
1569840508.9529817,48,0.8314577341079712
1569840511.2732615,49,0.8405182361602783
1569840513.5894587,50,0.8322945237159729
1569840515.9081278,51,0.8300727009773254
1569840518.2190092,52,0.8420475721359253
1569840520.5375957,53,0.8343432545661926
1569840522.8766348,54,0.823926568031311
1569840525.208301,55,0.8364208340644836
1569840527.536558,56,0.8231186270713806
1569840529.850861,57,0.8350646495819092
1569840532.1685925,58,0.8298130035400391
1569840534.480852,59,0.8351800441741943
1569840536.80645,60,0.8336507678031921
1569840539.1162143,61,0.8387003540992737
1569840541.4406025,62,0.835151195526123
1569840543.7533157,63,0.8405759334564209
1569840546.0821214,64,0.8414415717124939
1569840548.4002516,65,0.84135502576828
1569840550.7201698,66,0.8495498895645142
1569840553.0351455,67,0.8343432545661926
1569840555.3481584,68,0.8453370332717896
1569840557.6580076,69,0.8440962433815002
1569840559.97313,70,0.8443270921707153
1569840562.2905574,71,0.8439520001411438
1569840564.6036403,72,0.8344875574111938
1569840566.9122512,73,0.8432594537734985
1569840569.2180362,74,0.8499826788902283
1569840571.5331645,75,0.8396525979042053
1569840573.9013007,76,0.8239554762840271
1569840576.2215323,77,0.8461161255836487
1569840578.5383804,78,0.8469529151916504
1569840580.8722672,79,0.8369690775871277
1569840583.1916342,80,0.8450484871864319
1569840585.5109692,81,0.8432594537734985
1569840587.8252547,82,0.8361034393310547
1569840590.1484435,83,0.8529835939407349
1569840592.4907873,84,0.8517717123031616
1569840594.8114324,85,0.8532432913780212
1569840597.1321166,86,0.8438365459442139
1569840599.4473867,87,0.8415858745574951
1569840601.7780957,88,0.8480782508850098
1569840604.0875347,89,0.8196849226951599
1569840606.4163244,90,0.842566967010498
1569840608.756381,91,0.8266100883483887
1569840611.1255145,92,0.8390466570854187
1569840613.4602442,93,0.8477608561515808
1569840615.7832549,94,0.8442116975784302
1569840618.1063874,95,0.8400853872299194
1569840620.462305,96,0.8448753356933594
1569840622.7779417,97,0.8479050993919373
1569840625.1025622,98,0.8307363986968994
1569840627.4250674,99,0.8380655646324158
1569840629.7505417,100,0.8415281772613525
1569840632.0624578,101,0.8373730182647705
1569840634.380868,102,0.8391332030296326
1569840636.6967654,103,0.8462603688240051
1569840639.0224605,104,0.8426823616027832
1569840641.3381686,105,0.8458564281463623
1569840643.6594028,106,0.8499826788902283
1569840645.9685676,107,0.8295533061027527
1569840648.2824104,108,0.8347761034965515
1569840650.6165717,109,0.8351223468780518
1569840652.9574175,110,0.8419898152351379
1569840655.291786,111,0.8403739333152771
1569840657.612096,112,0.8362765312194824
1569840659.930653,113,0.8309383392333984
1569840662.2509813,114,0.8432594537734985
1569840664.5623097,115,0.8534164428710938
1569840666.8765323,116,0.8395659923553467
1569840669.2204418,117,0.8200311660766602
1569840671.5528646,118,0.8181844353675842
1569840673.8707201,119,0.8326985239982605
1569840676.1908226,120,0.8381809592247009
1569840678.509067,121,0.8333621621131897
1569840680.8364027,122,0.8127596974372864
1569840683.173163,123,0.830476701259613
1569840685.4935703,124,0.8255713582038879
1569840687.808771,125,0.8259176015853882
1569840690.1221335,126,0.8417878746986389
1569840692.443027,127,0.8255713582038879
1569840694.7708566,128,0.8357571363449097
1569840697.0909138,129,0.8356994390487671
1569840699.4075878,130,0.8215893507003784
1569840701.7380304,131,0.8346318006515503
1569840704.0584378,132,0.8429709076881409
1569840706.3864043,133,0.8474723100662231
1569840708.712351,134,0.8352954983711243
1569840711.0481565,135,0.834054708480835
1569840713.3709276,136,0.829582154750824
1569840715.6924424,137,0.830794095993042
1569840718.015548,138,0.8222818374633789
1569840720.3734102,139,0.828716516494751
1569840722.692399,140,0.8287453651428223
1569840725.0134175,141,0.8354108929634094
1569840727.336352,142,0.8150103688240051
1569840729.6824338,143,0.8331024646759033
1569840732.0211465,144,0.8460006713867188
1569840734.3385243,145,0.8250230550765991
1569840736.6580834,146,0.830245852470398
1569840738.9802644,147,0.8298418521881104
1569840741.3033547,148,0.8343432545661926
1569840743.624696,149,0.8290339112281799
1569840745.943258,150,0.8423938155174255
1569840748.2678068,151,0.8318617343902588
1569840750.587805,152,0.8252827525138855
1569840752.910913,153,0.8179824352264404
1569840755.2311044,154,0.818703830242157
1569840757.5537148,155,0.8332467675209045
1569840759.8707128,156,0.8407779335975647
1569840762.1864848,157,0.8377193212509155
1569840764.5080166,158,0.8321791291236877
1569840766.828079,159,0.8114323616027832
1569840769.1521554,160,0.8236380219459534
1569840771.4725,161,0.8339393138885498
1569840773.7887328,162,0.8190789222717285
1569840776.109144,163,0.8177515864372253
1569840778.4273474,164,0.8380078673362732
1569840780.7480671,165,0.8356994390487671
1569840783.0708737,166,0.8343144059181213
1569840785.385613,167,0.824042022228241
1569840787.6977267,168,0.8042762875556946
1569840790.0164485,169,0.8380367159843445
1569840792.3688085,170,0.8359591364860535
1569840794.6876557,171,0.8364208340644836
1569840797.0123134,172,0.8283414244651794
1569840799.3328424,173,0.8371999263763428
1569840801.6581697,174,0.8292070627212524
1569840804.0034552,175,0.8259752988815308
1569840806.3181076,176,0.8247634172439575
1569840808.638602,177,0.8410376310348511
1569840811.0133574,178,0.82663893699646
1569840813.3355296,179,0.8299573063850403
1569840815.6606927,180,0.8167705535888672
1569840817.9792793,181,0.8252539038658142
1569840820.2967136,182,0.8269275426864624
1569840822.619196,183,0.8233494758605957
1569840824.930823,184,0.8438076972961426
1569840827.24659,185,0.8186461329460144
1569840829.6108766,186,0.8280240297317505
1569840831.9324024,187,0.8377770185470581
1569840834.2523603,188,0.8435479998588562
1569840836.5686846,189,0.834054708480835
1569840838.8924499,190,0.8237823247909546
1569840841.2163212,191,0.8246768116950989
1569840843.5923133,192,0.8336507678031921
1569840845.9087663,193,0.8091528415679932
1569840848.233107,194,0.8354108929634094
1569840850.5710945,195,0.8296399116516113
1569840852.8926542,196,0.8271872401237488
1569840855.2133522,197,0.8290916681289673
1569840857.5232131,198,0.8478185534477234
1569840859.8410344,199,0.8317462801933289
