Wall time,Step,Value
1569840385.5541265,0,0.355686753988266
1569840387.9902427,1,0.5534914135932922
1569840390.3708777,2,0.6607303023338318
1569840392.7619698,3,0.7163338661193848
1569840395.151711,4,0.7276465892791748
1569840397.5329525,5,0.7462397813796997
1569840399.900622,6,0.7385592460632324
1569840402.2782054,7,0.7347350120544434
1569840404.6562214,8,0.7471358180046082
1569840407.0522785,9,0.7629608511924744
1569840409.414221,10,0.7706413269042969
1569840411.7886355,11,0.7918747067451477
1569840414.1822636,12,0.7828981280326843
1569840416.5474396,13,0.7857303023338318
1569840418.8826988,14,0.8063076138496399
1569840421.217846,15,0.8157321810722351
1569840423.5584576,16,0.7967870235443115
1569840425.9153519,17,0.8072996735572815
1569840428.2815506,18,0.8032354116439819
1569840430.6721418,19,0.8082437515258789
1569840433.0683277,20,0.8006592392921448
1569840435.466843,21,0.8112199306488037
1569840438.4596207,22,0.795202910900116
1569840440.8318138,23,0.800707221031189
1569840443.1735291,24,0.8107718825340271
1569840445.5034254,25,0.8087397813796997
1569840447.8361819,26,0.8046274781227112
1569840450.1680427,27,0.8222286105155945
1569840452.4964736,28,0.8151401877403259
1569840454.8150048,29,0.8057155609130859
1569840457.1393616,30,0.8261488676071167
1569840459.5252972,31,0.8149481415748596
1569840461.911064,32,0.8206444978713989
1569840464.283797,33,0.8145961165428162
1569840466.6070645,34,0.8265008926391602
1569840468.978606,35,0.8301171064376831
1569840471.3639836,36,0.8329012989997864
1569840473.7369432,37,0.821444571018219
1569840476.121011,38,0.8351734280586243
1569840478.526822,39,0.8345814347267151
1569840480.918677,40,0.8296691179275513
1569840483.3038602,41,0.8416698575019836
1569840485.6568813,42,0.8236207365989685
1569840487.9869478,43,0.8305171728134155
1569840490.368542,44,0.8316051959991455
1569840492.7419467,45,0.8370135426521301
1569840495.067819,46,0.819556474685669
1569840497.3802161,47,0.8052195310592651
1569840499.7021966,48,0.8271409273147583
1569840502.0332665,49,0.826996922492981
1569840504.405265,50,0.8284370303153992
1569840506.7864401,51,0.8371095657348633
1569840509.2022824,52,0.8331413269042969
1569840511.5661216,53,0.8245647549629211
1569840513.960404,54,0.8306131362915039
1569840516.3513615,55,0.8435099720954895
1569840518.731719,56,0.8197964429855347
1569840521.104523,57,0.8230286836624146
1569840523.4236658,58,0.8489663600921631
1569840525.7481368,59,0.8175243139266968
1569840528.0716012,60,0.8380536437034607
1569840530.4401138,61,0.821876585483551
1569840532.8058808,62,0.8227246403694153
1569840535.1725028,63,0.8314611911773682
1569840537.5150852,64,0.8218286037445068
1569840539.8806627,65,0.8247087597846985
1569840542.2469807,66,0.8251088261604309
1569840544.6416829,67,0.8403418064117432
1569840547.028161,68,0.8261488676071167
1569840549.4067957,69,0.8413338661193848
1569840551.7798448,70,0.8479742407798767
1569840554.113421,71,0.8345333933830261
1569840556.441027,72,0.8329973220825195
1569840558.7750225,73,0.8207885026931763
1569840561.0979865,74,0.8352214694023132
1569840563.4330335,75,0.8151401877403259
1569840565.7623127,76,0.805171549320221
1569840568.087894,77,0.8425659537315369
1569840570.4075942,78,0.8116679191589355
1569840572.7939043,79,0.8056195378303528
1569840575.175381,80,0.8180683851242065
1569840577.5473723,81,0.8410298228263855
1569840579.8886921,82,0.8237807154655457
1569840582.2123573,83,0.8261488676071167
1569840584.5321746,84,0.8375576138496399
1569840586.859567,85,0.8163882493972778
1569840589.243903,86,0.7973470091819763
1569840591.5836904,87,0.8116199374198914
1569840593.9044132,88,0.8380056619644165
1569840596.2765758,89,0.8187084197998047
1569840598.6367567,90,0.8305651545524597
1569840600.9887056,91,0.8105798959732056
1569840603.3733287,92,0.8240687251091003
1569840605.7461634,93,0.8261008858680725
1569840608.1280491,94,0.8148361444473267
1569840610.5214357,95,0.8261008858680725
1569840612.9246867,96,0.8344854116439819
1569840615.3172495,97,0.8305171728134155
1569840617.6797225,98,0.8254128098487854
1569840620.0712008,99,0.8017473220825195
1569840622.4544492,100,0.8270929455757141
1569840624.8449013,101,0.8021953701972961
1569840627.228494,102,0.8115719556808472
1569840629.6456652,103,0.7980350852012634
1569840632.0584235,104,0.8241167664527893
1569840634.4511147,105,0.8381496667861938
1569840636.8414657,106,0.8174763321876526
1569840639.242544,107,0.8131080269813538
1569840641.5999842,108,0.8017953038215637
1569840643.9826274,109,0.8367095589637756
1569840646.370983,110,0.8145961165428162
1569840648.7298498,111,0.8123080134391785
1569840651.1154234,112,0.831413209438324
1569840653.5045724,113,0.8062115907669067
1569840655.9129958,114,0.8057635426521301
1569840658.3125446,115,0.8483262658119202
1569840660.7135894,116,0.8150441646575928
1569840663.0994697,117,0.8152841925621033
1569840665.474442,118,0.8498623967170715
1569840667.8284702,119,0.8182123899459839
1569840670.1650739,120,0.8231247067451477
1569840672.5371878,121,0.8336373567581177
1569840674.9039145,122,0.8285810351371765
1569840677.3114898,123,0.8430139422416687
1569840679.6991365,124,0.8563107848167419
1569840682.0645614,125,0.7947068810462952
1569840684.397861,126,0.8181643486022949
1569840686.7185493,127,0.8111239075660706
1569840689.0529995,128,0.8230766654014587
1569840691.441961,129,0.8280370235443115
1569840693.7979639,130,0.8351734280586243
1569840696.1192827,131,0.8206444978713989
1569840698.4402344,132,0.7992191314697266
1569840700.8428059,133,0.8336853384971619
1569840703.2200987,134,0.8409818410873413
1569840705.6054695,135,0.8004672527313232
1569840707.9915016,136,0.8216365575790405
1569840710.3231664,137,0.8024993538856506
1569840712.6490893,138,0.8365175127983093
1569840714.971115,139,0.8389496803283691
1569840717.292289,140,0.8237647414207458
1569840719.6243439,141,0.826404869556427
1569840721.9528775,142,0.8188043832778931
1569840724.2885132,143,0.8453981280326843
1569840726.623883,144,0.8201484680175781
1569840728.9631658,145,0.8125159740447998
1569840731.2845163,146,0.824516773223877
1569840733.6139019,147,0.8444060683250427
1569840735.9451401,148,0.8141481280326843
1569840738.2790616,149,0.8329973220825195
1569840740.605052,150,0.8251727819442749
1569840742.9401567,151,0.7704973220825195
1569840745.291546,152,0.817572295665741
1569840747.6526704,153,0.8225806355476379
1569840750.0339463,154,0.8170762658119202
1569840752.4329882,155,0.8206925392150879
1569840754.797244,156,0.822036623954773
1569840757.178362,157,0.8186123967170715
1569840759.562222,158,0.8315572142601013
1569840761.9563978,159,0.8079556822776794
1569840764.3398256,160,0.8269489407539368
1569840766.7031875,161,0.8331413269042969
1569840769.0966172,162,0.8146921396255493
1569840771.428586,163,0.8298771381378174
1569840773.7642574,164,0.8185644149780273
1569840776.0940347,165,0.8186603784561157
1569840778.4333878,166,0.8261008858680725
1569840780.7819004,167,0.8274929523468018
1569840783.1757212,168,0.8246127963066101
1569840785.5574694,169,0.8304691314697266
1569840787.9501367,170,0.815092146396637
1569840790.3562226,171,0.8304691314697266
1569840792.7403638,172,0.8325012922286987
1569840795.1368492,173,0.8226766586303711
1569840797.527329,174,0.8464381694793701
1569840799.8995135,175,0.8211405277252197
1569840802.2823331,176,0.8172683119773865
1569840804.6291635,177,0.8371576070785522
1569840807.0172343,178,0.8146441578865051
1569840809.413146,179,0.8261488676071167
1569840811.8067217,180,0.815092146396637
1569840814.210454,181,0.8091877698898315
1569840816.6050363,182,0.8305651545524597
1569840819.003884,183,0.8193644285202026
1569840821.3794348,184,0.8248527646064758
1569840823.777411,185,0.8370135426521301
1569840826.1687696,186,0.8231247067451477
1569840828.5765579,187,0.8286290168762207
1569840830.9821622,188,0.8012512922286987
1569840833.3905318,189,0.8359255194664001
1569840835.7907498,190,0.8265008926391602
1569840838.1881351,191,0.8030914068222046
1569840840.5704627,192,0.8468381762504578
1569840842.977198,193,0.8231726884841919
1569840845.3668678,194,0.8326932787895203
1569840847.771912,195,0.8128520250320435
1569840850.1739006,196,0.8151401877403259
1569840852.5827875,197,0.8137961030006409
1569840854.9765923,198,0.8156362175941467
1569840857.3443909,199,0.8301171064376831
