Wall time,Step,Value
1569840394.6075635,0,0.3043765425682068
1569840397.0978956,1,0.3483656048774719
1569840399.5557132,2,0.35600319504737854
1569840402.021159,3,0.3647485375404358
1569840404.4863415,4,0.3628828525543213
1569840406.9481342,5,0.46055853366851807
1569840409.4026408,6,0.5618586540222168
1569840411.860986,7,0.5523748397827148
1569840414.3180466,8,0.5881821513175964
1569840416.776999,9,0.6281774640083313
1569840419.243042,10,0.66439288854599
1569840421.7017193,11,0.6957303285598755
1569840424.2003994,12,0.7069729566574097
1569840426.6558044,13,0.7256782650947571
1569840429.1076689,14,0.7222287058830261
1569840431.558244,15,0.7256588339805603
1569840434.0122144,16,0.7421486377716064
1569840436.4676716,17,0.727067768573761
1569840438.9502075,18,0.7246579527854919
1569840441.4166126,19,0.7520891427993774
1569840443.8801594,20,0.75096195936203
1569840446.3427472,21,0.738154947757721
1569840448.8317192,22,0.7502235174179077
1569840451.2793162,23,0.7517198920249939
1569840453.7307308,24,0.7601834535598755
1569840456.1817272,25,0.7525458931922913
1569840458.6523788,26,0.7508745193481445
1569840461.1048353,27,0.7406522035598755
1569840463.5666425,28,0.7652848958969116
1569840466.027616,29,0.7706195712089539
1569840468.4800317,30,0.7771105170249939
1569840470.9428892,31,0.7629819512367249
1569840473.3906558,32,0.7768287658691406
1569840475.8417277,33,0.7711637020111084
1569840478.296936,34,0.7802783250808716
1569840480.7450597,35,0.7872648239135742
1569840483.198013,36,0.7792580127716064
1569840485.6534662,37,0.7712511420249939
1569840488.1072164,38,0.7770230770111084
1569840490.5623815,39,0.7791511416435242
1569840493.0226934,40,0.7862251400947571
1569840495.4733033,41,0.7932116985321045
1569840497.9528906,42,0.7961850762367249
1569840500.40702,43,0.7870705127716064
1569840502.8755898,44,0.7962920069694519
1569840505.3266373,45,0.7981382012367249
1569840507.7772427,46,0.7912585735321045
1569840510.2216208,47,0.7922788262367249
1569840512.676009,48,0.7897621393203735
1569840515.1357868,49,0.7867012619972229
1569840517.5827856,50,0.7951648235321045
1569840520.0407426,51,0.7930367588996887
1569840522.49718,52,0.7903257012367249
1569840524.947265,53,0.7950578927993774
1569840527.3932185,54,0.7964668869972229
1569840529.8507469,55,0.7936003804206848
1569840532.3075004,56,0.7992459535598755
1569840534.7669783,57,0.7821439504623413
1569840537.226168,58,0.8041045069694519
1569840539.6771252,59,0.7925606369972229
1569840542.1362169,60,0.8010241985321045
1569840544.6003838,61,0.7933865785598755
1569840547.078174,62,0.8009366989135742
1569840549.537122,63,0.7978564500808716
1569840552.0440195,64,0.8026955127716064
1569840554.5312543,65,0.803346574306488
1569840556.9925876,66,0.7903257012367249
1569840559.4875486,67,0.7949898838996887
1569840561.943197,68,0.8107023239135742
1569840564.4373477,69,0.793580949306488
1569840566.8942134,70,0.8067960739135742
1569840569.371912,71,0.8113533854484558
1569840571.8726366,72,0.8035408854484558
1569840574.3307827,73,0.8080981969833374
1569840576.783474,74,0.8082730770111084
1569840579.234825,75,0.7885669469833374
1569840581.6835546,76,0.8057758212089539
1569840584.1515172,77,0.81868976354599
1569840586.6056747,78,0.8244616985321045
1569840589.0599933,79,0.7903257012367249
1569840591.5125144,80,0.82650226354599
1569840593.9668677,81,0.8026955127716064
1569840596.4227383,82,0.8000038862228394
1569840598.9336746,83,0.8050373196601868
1569840601.3866765,84,0.8039101362228394
1569840603.875957,85,0.7908018231391907
1569840606.3279672,86,0.7937752604484558
1569840608.7849803,87,0.8010241985321045
1569840611.2362568,88,0.810420572757721
1569840613.7035396,89,0.8109841346740723
1569840616.1563635,90,0.8120044469833374
1569840618.62091,91,0.8167560696601868
1569840621.0836859,92,0.8099443912506104
1569840623.5474527,93,0.7970985174179077
1569840626.0058863,94,0.8099638819694519
1569840628.477937,95,0.7950773239135742
1569840630.9473438,96,0.8021318912506104
1569840633.4063234,97,0.8125485777854919
1569840635.8648975,98,0.8086617588996887
1569840638.3474548,99,0.8074471354484558
1569840640.809612,100,0.8044736981391907
1569840643.2667718,101,0.8121987581253052
1569840645.7270033,102,0.8036477565765381
1569840648.2107766,103,0.8231595754623413
1569840650.6705837,104,0.80697101354599
1569840653.1426578,105,0.8098763823509216
1569840655.6070876,106,0.8085548877716064
1569840658.0639803,107,0.8256763219833374
1569840660.5259268,108,0.8251127004623413
1569840662.981735,109,0.7885475158691406
1569840665.440507,110,0.7968361377716064
1569840667.9157145,111,0.8080981969833374
1569840670.3763804,112,0.7975746393203735
1569840672.8403819,113,0.8175625801086426
1569840675.293127,114,0.8186217546463013
1569840677.756886,115,0.813112199306488
1569840680.2129936,116,0.801393449306488
1569840682.6894913,117,0.826045572757721
1569840685.147403,118,0.8049498796463013
1569840687.6107376,119,0.8000038862228394
1569840690.0734766,120,0.8025886416435242
1569840692.537294,121,0.8091184496879578
1569840694.9998136,122,0.802608072757721
1569840697.5018306,123,0.8178638219833374
1569840699.9672945,124,0.8008298277854919
1569840702.4265358,125,0.8025011420249939
1569840704.8867826,126,0.7998970150947571
1569840707.3558996,127,0.8204679489135742
1569840709.8270254,128,0.8289509415626526
1569840712.2972991,129,0.8378517627716064
1569840714.7613294,130,0.8291938900947571
1569840717.2272286,131,0.8224210739135742
1569840719.6828642,132,0.8184273838996887
1569840722.146356,133,0.8229846954345703
1569840724.5962107,134,0.8109647035598755
1569840727.0673547,135,0.8270852565765381
1569840729.5262969,136,0.8174945712089539
1569840731.9815636,137,0.8212939500808716
1569840734.441274,138,0.8120044469833374
1569840736.9123015,139,0.8003731369972229
1569840739.392628,140,0.8178832530975342
1569840741.8570368,141,0.81932133436203
1569840744.3198295,142,0.8073402643203735
1569840746.7723024,143,0.8027829527854919
1569840749.235182,144,0.8125485777854919
1569840751.6926064,145,0.8094002604484558
1569840754.1748264,146,0.7959033250808716
1569840756.631882,147,0.8459655046463013
1569840759.112848,148,0.8207497596740723
1569840761.594928,149,0.815065324306488
1569840764.0535486,150,0.8085548877716064
1569840766.513661,151,0.8210121393203735
1569840768.9755065,152,0.8122667670249939
1569840771.4305735,153,0.8173877000808716
1569840773.885656,154,0.8095946311950684
1569840776.346879,155,0.8161050081253052
1569840778.8312585,156,0.8179706931114197
1569840781.281618,157,0.8212939500808716
1569840783.7397645,158,0.8150847554206848
1569840786.2070303,159,0.8271727561950684
1569840788.6760056,160,0.7932116985321045
1569840791.1337106,161,0.8187772035598755
1569840793.5964324,162,0.8373950719833374
1569840796.0616212,163,0.8380460739135742
1569840798.5535343,164,0.8153470754623413
1569840801.0052505,165,0.8274350762367249
1569840803.4475691,166,0.8258706331253052
1569840805.9002693,167,0.8137632012367249
1569840808.3609385,168,0.833858072757721
1569840810.8152032,169,0.8235288262367249
1569840813.2672832,170,0.8316231369972229
1569840815.722532,171,0.8355293869972229
1569840818.176252,172,0.817018449306488
1569840820.6263614,173,0.8199723958969116
1569840823.0872004,174,0.8200986981391907
1569840825.540721,175,0.820186197757721
1569840828.0517707,176,0.8352475762367249
1569840830.5006523,177,0.8313607573509216
1569840832.9793239,178,0.8140450119972229
1569840835.4275868,179,0.8237231969833374
1569840837.8906572,180,0.8153276443481445
1569840840.3407788,181,0.8219643831253052
1569840842.812966,182,0.8203805088996887
1569840845.3410215,183,0.8264148235321045
1569840847.810891,184,0.789567768573761
1569840850.2673357,185,0.8278043270111084
1569840852.734914,186,0.8266091346740723
1569840855.1925366,187,0.8117032051086426
1569840857.6817267,188,0.8055620193481445
1569840860.2022848,189,0.8300392627716064
1569840862.6609876,190,0.8131996393203735
1569840865.1162457,191,0.8185828924179077
1569840867.5824838,192,0.8082730770111084
1569840870.0456295,193,0.8252196311950684
1569840872.505707,194,0.831904947757721
1569840874.9782062,195,0.8156968951225281
1569840877.437247,196,0.8253070712089539
1569840879.8973753,197,0.8168435096740723
1569840882.3648872,198,0.817193329334259
1569840884.8250043,199,0.8009366989135742
