Wall time,Step,Value
1569840390.6097903,0,0.4059959352016449
1569840392.928716,1,0.3886271119117737
1569840395.2467704,2,0.48522958159446716
1569840397.5473323,3,0.4978750944137573
1569840399.8504674,4,0.5037070512771606
1569840402.1804183,5,0.5497967600822449
1569840404.4881337,6,0.6017184257507324
1569840406.7987332,7,0.5985656976699829
1569840409.1099837,8,0.5949510335922241
1569840411.439574,9,0.6071115136146545
1569840413.7558327,10,0.6178284287452698
1569840416.0708094,11,0.6798664927482605
1569840418.37907,12,0.685559868812561
1569840420.6870992,13,0.6866685152053833
1569840423.0123558,14,0.7081023454666138
1569840425.3430657,15,0.6918653249740601
1569840427.6355512,16,0.692512035369873
1569840429.9938762,17,0.7303907871246338
1569840432.2974093,18,0.713333785533905
1569840434.6322505,19,0.7385901808738708
1569840436.9573023,20,0.7367193102836609
1569840439.2618344,21,0.7381051182746887
1569840441.5698345,22,0.7272265553474426
1569840443.8905697,23,0.7351256608963013
1569840446.1878335,24,0.7542267441749573
1569840448.4897454,25,0.7455307841300964
1569840450.803234,26,0.7561091184616089
1569840453.1016443,27,0.7651053071022034
1569840455.4033453,28,0.7624145150184631
1569840457.7032063,29,0.7543883919715881
1569840460.0060916,30,0.761790931224823
1569840462.3099728,31,0.7521710991859436
1569840464.6280859,32,0.7621027231216431
1569840466.941804,33,0.7758453488349915
1569840469.2555041,34,0.7714107632637024
1569840471.5597348,35,0.7663756608963013
1569840473.8654866,36,0.7733162641525269
1569840476.166277,37,0.788629412651062
1569840478.4855893,38,0.7842179536819458
1569840480.7921255,39,0.7831093072891235
1569840483.0897224,40,0.7786747217178345
1569840485.3934584,41,0.7618024945259094
1569840487.713742,42,0.7820006608963013
1569840490.0282545,43,0.7883060574531555
1569840492.327102,44,0.7649436593055725
1569840494.6362715,45,0.7737897038459778
1569840496.9421983,46,0.7723692655563354
1569840499.24892,47,0.7943112254142761
1569840501.560611,48,0.7873706817626953
1569840503.8657532,49,0.7823124527931213
1569840506.1807168,50,0.782785952091217
1569840508.497864,51,0.7833980321884155
1569840510.79968,52,0.7701750993728638
1569840513.1018007,53,0.802533745765686
1569840515.4000013,54,0.76749587059021
1569840517.7116523,55,0.7974870800971985
1569840520.0132651,56,0.7914819121360779
1569840522.3134472,57,0.7880058288574219
1569840524.6187265,58,0.7726926207542419
1569840526.9574401,59,0.7906734943389893
1569840529.2567751,60,0.7788248062133789
1569840531.5607934,61,0.786735475063324
1569840533.8664353,62,0.7875323295593262
1569840536.1956408,63,0.8028339743614197
1569840538.49983,64,0.791793704032898
1569840540.797815,65,0.7690548896789551
1569840543.1021488,66,0.7780742049217224
1569840545.4118853,67,0.7809150815010071
1569840547.7397158,68,0.7703367471694946
1569840550.0557487,69,0.8004781007766724
1569840552.3555176,70,0.7843565344810486
1569840554.6687708,71,0.779309868812561
1569840556.9986105,72,0.7813770174980164
1569840559.296127,73,0.7775775790214539
1569840561.5931125,74,0.7742747664451599
1569840563.8976016,75,0.7805917263031006
1569840566.2002485,76,0.78343266248703
1569840568.4973195,77,0.7780742049217224
1569840570.8129566,78,0.7718842625617981
1569840573.1158454,79,0.779956579208374
1569840575.4303613,80,0.779644787311554
1569840577.7427118,81,0.7744364142417908
1569840580.0556989,82,0.778998076915741
1569840582.3599513,83,0.778374433517456
1569840584.6831024,84,0.7788248062133789
1569840586.980994,85,0.7714338302612305
1569840589.2735505,86,0.7726926207542419
1569840591.5701923,87,0.7651168704032898
1569840593.8872287,88,0.7810536623001099
1569840596.2016273,89,0.7570676207542419
1569840598.5132136,90,0.7504503726959229
1569840600.8271937,91,0.7687315344810486
1569840603.1324794,92,0.7559705376625061
1569840605.4398897,93,0.7750484943389893
1569840607.7430658,94,0.755012035369873
1569840610.0495493,95,0.7704868912696838
1569840612.3496466,96,0.7526330351829529
1569840614.658565,97,0.7710989713668823
1569840616.9838152,98,0.7742516398429871
1569840619.297632,99,0.7595852017402649
1569840621.5966318,100,0.7543768286705017
1569840623.915925,101,0.7767807841300964
1569840626.223124,102,0.748995304107666
1569840628.525636,103,0.7794830799102783
1569840630.8383417,104,0.7744364142417908
1569840633.1374867,105,0.748059868812561
1569840635.449952,106,0.7736280560493469
1569840637.752734,107,0.7725309729576111
1569840640.0552764,108,0.7659021615982056
1569840642.3787754,109,0.7802568078041077
1569840644.6887116,110,0.7703367471694946
1569840647.008696,111,0.7854767441749573
1569840649.3135633,112,0.7516860961914062
1569840651.6265764,113,0.7550004720687866
1569840653.9421954,114,0.765913724899292
1569840656.2575212,115,0.7780395150184631
1569840658.5634832,116,0.7861234545707703
1569840660.8687928,117,0.7641468048095703
1569840663.1787648,118,0.7570445537567139
1569840665.4884958,119,0.781538724899292
1569840667.7970576,120,0.7800951600074768
1569840670.0958488,121,0.7802799344062805
1569840672.40195,122,0.7460157871246338
1569840674.7179189,123,0.771757185459137
1569840677.0171654,124,0.7782242894172668
1569840679.325275,125,0.7831093072891235
1569840681.6332588,126,0.7622644305229187
1569840683.9322467,127,0.7594350576400757
1569840686.2473042,128,0.7690548896789551
1569840688.5575545,129,0.7826358079910278
1569840690.9000375,130,0.7791597247123718
1569840693.215153,131,0.7823124527931213
1569840695.531907,132,0.7365114688873291
1569840697.833525,133,0.7748983502388
1569840700.1331842,134,0.7750600576400757
1569840702.4374125,135,0.7688931822776794
1569840704.7474833,136,0.7780510783195496
1569840707.0575635,137,0.7829475998878479
1569840709.3784778,138,0.7654055953025818
1569840711.6821246,139,0.7707986831665039
1569840713.9906256,140,0.7974755167961121
1569840716.3170357,141,0.7840562462806702
1569840718.631695,142,0.7755104303359985
1569840720.948356,143,0.7846798896789551
1569840723.2573864,144,0.7725309729576111
1569840725.5721116,145,0.7794830799102783
1569840727.8755205,146,0.7641583681106567
1569840730.1932073,147,0.7800951600074768
1569840732.4973445,148,0.7729929089546204
1569840734.8133414,149,0.768142580986023
1569840737.119758,150,0.7875438928604126
1569840739.4220357,151,0.7654286623001099
1569840741.7323139,152,0.7845181822776794
1569840744.0354502,153,0.7888026833534241
1569840746.348107,154,0.7835828065872192
1569840748.6704667,155,0.760208785533905
1569840750.9899497,156,0.788629412651062
1569840753.2984788,157,0.78312087059021
1569840755.6135535,158,0.7608439326286316
1569840757.9257524,159,0.7867470383644104
1569840760.2372892,160,0.7654286623001099
1569840762.5421686,161,0.7649320960044861
1569840764.8575,162,0.7786747217178345
1569840767.177224,163,0.7777508497238159
1569840769.488395,164,0.7687546014785767
1569840771.7916844,165,0.787670910358429
1569840774.1020758,166,0.7845413088798523
1569840776.4099116,167,0.7782012224197388
1569840778.7186723,168,0.7621258497238159
1569840781.0225906,169,0.7763303518295288
1569840783.3524742,170,0.7648050785064697
1569840785.7031574,171,0.7758453488349915
1569840788.0349133,172,0.7797948718070984
1569840790.3711932,173,0.7681078910827637
1569840792.755786,174,0.7655903697013855
1569840795.1624753,175,0.7559474110603333
1569840797.5399284,176,0.7597237825393677
1569840799.8424299,177,0.7676228880882263
1569840802.170117,178,0.7763303518295288
1569840804.4821928,179,0.7655672430992126
1569840806.793374,180,0.766849160194397
1569840809.1015437,181,0.7726810574531555
1569840811.421194,182,0.757379412651062
1569840813.7335007,183,0.7704753279685974
1569840816.0465076,184,0.7625992894172668
1569840818.357666,185,0.7840562462806702
1569840820.6633015,186,0.7785245776176453
1569840822.9722717,187,0.7752102017402649
1569840825.2878668,188,0.78343266248703
1569840827.6026218,189,0.7630497217178345
1569840829.9131641,190,0.7768154144287109
1569840832.2272978,191,0.7767807841300964
1569840834.5595255,192,0.7813655138015747
1569840836.9610004,193,0.7670223712921143
1569840839.3850825,194,0.7698401808738708
1569840841.8393571,195,0.7889527678489685
1569840844.2480354,196,0.7647935152053833
1569840846.6108558,197,0.771283745765686
1569840848.9904416,198,0.778062641620636
1569840851.3590019,199,0.7728543281555176
