Wall time,Step,Value
1569840801.318961,0,0.37484216690063477
1569840803.8975298,1,0.5084701180458069
1569840806.4156935,2,0.5714961886405945
1569840808.9746866,3,0.5408248901367188
1569840811.5012321,4,0.5962226390838623
1569840813.9970505,5,0.6415719985961914
1569840816.4947338,6,0.6759785413742065
1569840818.9944909,7,0.6753998398780823
1569840821.5252364,8,0.6683501601219177
1569840824.097793,9,0.6883417367935181
1569840826.611357,10,0.6840803623199463
1569840829.1085644,11,0.6904987096786499
1569840831.6389422,12,0.6992319226264954
1569840834.1516855,13,0.7096485495567322
1569840836.6490264,14,0.7210122346878052
1569840839.1402197,15,0.7231165766716003
1569840841.6340888,16,0.7309027910232544
1569840844.1397333,17,0.7301136255264282
1569840846.6483436,18,0.745580792427063
1569840849.1501617,19,0.7688341736793518
1569840851.6356459,20,0.7472643256187439
1569840854.1711438,21,0.7821443676948547
1569840856.6848166,22,0.773411214351654
1569840859.1819863,23,0.7794086933135986
1569840861.7209537,24,0.7859848737716675
1569840864.2823079,25,0.7770938277244568
1569840866.8489447,26,0.7867739796638489
1569840869.341007,27,0.7996106743812561
1569840871.836334,28,0.7763573527336121
1569840874.381276,29,0.7926136255264282
1569840876.925885,30,0.7996106743812561
1569840879.4456313,31,0.7888783812522888
1569840881.9611425,32,0.8006628751754761
1569840884.4559805,33,0.8056607842445374
1569840886.9587502,34,0.7879840135574341
1569840889.4633138,35,0.7853535413742065
1569840891.964103,36,0.8007680773735046
1569840894.4757175,37,0.7867739796638489
1569840896.9801989,38,0.8007155060768127
1569840899.4908879,39,0.8005576729774475
1569840902.011837,40,0.8178135752677917
1569840904.5684009,41,0.8099221587181091
1569840907.1129072,42,0.7855639457702637
1569840909.6107905,43,0.7990319728851318
1569840912.1303556,44,0.8005576729774475
1569840914.6386821,45,0.7892466187477112
1569840917.1770267,46,0.7776199579238892
1569840919.7059262,47,0.7929819226264954
1569840922.2393427,48,0.7815656661987305
1569840924.7916884,49,0.7962962985038757
1569840927.2963955,50,0.8030828833580017
1569840929.7893722,51,0.8005050420761108
1569840932.3144362,52,0.809553861618042
1569840934.8412256,53,0.7850378751754761
1569840937.343997,54,0.7859848737716675
1569840939.8408656,55,0.7872474789619446
1569840942.335066,56,0.7937184572219849
1569840944.8369772,57,0.7923505902290344
1569840947.3298874,58,0.7875105142593384
1569840949.8248315,59,0.7854587435722351
1569840952.3312986,60,0.7861952781677246
1569840954.8336966,61,0.7942445278167725
1569840957.3559833,62,0.8015046119689941
1569840959.844334,63,0.8022937774658203
1569840962.3331513,64,0.7833544015884399
1569840964.8484504,65,0.8022937774658203
1569840967.3505907,66,0.8046085834503174
1569840969.8499553,67,0.7903514504432678
1569840972.3555503,68,0.8065551519393921
1569840974.9027712,69,0.7868266105651855
1569840977.474433,70,0.7934027910232544
1569840980.0157301,71,0.7955071330070496
1569840982.5825222,72,0.7965067625045776
1569840985.152638,73,0.8011363744735718
1569840987.6412282,74,0.783143937587738
1569840990.201731,75,0.8060816526412964
1569840992.7353585,76,0.7980850338935852
1569840995.259317,77,0.7915088534355164
1569840997.797209,78,0.7857744097709656
1569841000.3381927,79,0.8045033812522888
1569841002.8893075,80,0.779776930809021
1569841005.4339912,81,0.8130260705947876
1569841007.982256,82,0.8043981194496155
1569841010.496093,83,0.8136574029922485
1569841012.9880655,84,0.8007680773735046
1569841015.5623903,85,0.8107638955116272
1569841018.0754852,86,0.8119212985038757
1569841020.575486,87,0.8175504803657532
1569841023.1224327,88,0.8019254803657532
1569841025.6352735,89,0.8192866444587708
1569841028.1444836,90,0.8041350841522217
1569841030.7316668,91,0.7824600338935852
1569841033.3183408,92,0.8157091736793518
1569841035.9043648,93,0.8169717788696289
1569841038.4740756,94,0.7888783812522888
1569841040.9802027,95,0.7959806323051453
1569841043.5263991,96,0.8181291818618774
1569841046.0891001,97,0.7980324029922485
1569841048.636364,98,0.8146044015884399
1569841051.1857822,99,0.7985059022903442
1569841053.686048,100,0.7911405563354492
1569841056.2136505,101,0.8140257000923157
1569841058.730178,102,0.8078703880310059
1569841061.230777,103,0.8161826729774475
1569841063.7274284,104,0.795401930809021
1569841066.229217,105,0.8038194179534912
1569841068.728627,106,0.8234953880310059
1569841071.229652,107,0.79582279920578
1569841073.736446,108,0.7936131954193115
1569841076.240024,109,0.79582279920578
1569841078.7454774,110,0.8132365345954895
1569841081.2569518,111,0.7885100841522217
1569841083.7626,112,0.820338785648346
1569841086.3276708,113,0.815025269985199
1569841088.880057,114,0.8005576729774475
1569841091.3789666,115,0.8056607842445374
1569841093.8893902,116,0.7941918969154358
1569841096.3910053,117,0.8078177571296692
1569841098.8954859,118,0.8130260705947876
1569841101.4143682,119,0.8111847639083862
1569841103.941307,120,0.807659924030304
1569841106.440092,121,0.8168139457702637
1569841108.9493363,122,0.8102903962135315
1569841111.4702988,123,0.7946127653121948
1569841113.9761226,124,0.7982428669929504
1569841116.4908414,125,0.8130260705947876
1569841119.0420384,126,0.8077125549316406
1569841121.5641975,127,0.8009259104728699
1569841124.0703456,128,0.8154987096786499
1569841126.572142,129,0.8014520406723022
1569841129.1009772,130,0.8149200081825256
1569841131.60453,131,0.8127104640007019
1569841134.2548923,132,0.7959806323051453
1569841136.749642,133,0.7961384654045105
1569841139.294718,134,0.8152356743812561
1569841141.8349152,135,0.8069233894348145
1569841144.4082263,136,0.8104482293128967
1569841146.9625854,137,0.8010837435722351
1569841149.5094929,138,0.8122895359992981
1569841152.0508494,139,0.8029251098632812
1569841154.5793104,140,0.8066603541374207
1569841157.1313708,141,0.8042929172515869
1569841159.6775634,142,0.8065025210380554
1569841162.2369623,143,0.8003472089767456
1569841164.8065333,144,0.811026930809021
1569841167.3552358,145,0.8041877150535583
1569841169.8494353,146,0.8124473690986633
1569841172.3485918,147,0.8143413066864014
1569841174.8747246,148,0.8083438277244568
1569841177.415325,149,0.8170770406723022
1569841179.9191468,150,0.8100799918174744
1569841182.4185603,151,0.8059238195419312
1569841184.9424202,152,0.8248631954193115
1569841187.4487202,153,0.8069760203361511
1569841189.9596817,154,0.8105008602142334
1569841192.4604542,155,0.8102377653121948
1569841194.9804633,156,0.815025269985199
1569841197.4784105,157,0.8126052021980286
1569841200.008866,158,0.8025041818618774
1569841202.5186777,159,0.8231797218322754
1569841205.0269086,160,0.817340075969696
1569841207.520947,161,0.820759654045105
1569841210.0165758,162,0.8040298819541931
1569841212.553149,163,0.8185501098632812
1569841215.0954552,164,0.8211805820465088
1569841217.6377108,165,0.8108690977096558
1569841220.1546233,166,0.8035563826560974
1569841222.69046,167,0.7985059022903442
1569841225.2304394,168,0.8022937774658203
1569841227.7310884,169,0.8157091736793518
1569841230.2566912,170,0.8083964586257935
1569841232.7811165,171,0.8213909864425659
1569841235.3330429,172,0.8103955984115601
1569841237.8881023,173,0.800873339176178
1569841240.4551964,174,0.8265467286109924
1569841243.0042698,175,0.8196548819541931
1569841245.5601737,176,0.8153409361839294
1569841248.0540614,177,0.815025269985199
1569841250.5707164,178,0.7887731194496155
1569841253.0713453,179,0.8131839036941528
1569841255.5704784,180,0.8185501098632812
1569841258.070267,181,0.8292297720909119
1569841260.5740564,182,0.7971906661987305
1569841263.0846076,183,0.8200757503509521
1569841265.5836132,184,0.8058711886405945
1569841268.1384103,185,0.8201283812522888
1569841270.6543725,186,0.8186026811599731
1569841273.157019,187,0.8111847639083862
1569841275.6484962,188,0.8099221587181091
1569841278.168449,189,0.8068181872367859
1569841280.6837904,190,0.8175504803657532
1569841283.1951985,191,0.8156039714813232
1569841285.735587,192,0.8098168969154358
1569841288.2847095,193,0.8087647557258606
1569841290.7887073,194,0.8069760203361511
1569841293.2929788,195,0.8078703880310059
1569841295.80637,196,0.804713785648346
1569841298.308623,197,0.8107112646102905
1569841300.8063369,198,0.8109217286109924
1569841303.3056324,199,0.8155513405799866
