Wall time,Step,Value
1569840315.1522095,0,0.4285408556461334
1569840317.7303114,1,0.5212879776954651
1569840320.3780403,2,0.596049964427948
1569840323.0982184,3,0.6059986352920532
1569840325.8411446,4,0.6287574768066406
1569840328.530755,5,0.6401235461235046
1569840331.2593913,6,0.6314184665679932
1569840333.8459396,7,0.6507006883621216
1569840336.4007492,8,0.6561028957366943
1569840338.9879923,9,0.6851599216461182
1569840341.619413,10,0.7078251838684082
1569840344.2000067,11,0.6946672797203064
1569840346.7546341,12,0.6783937811851501
1569840349.3506966,13,0.7045223712921143
1569840351.9929504,14,0.7409205436706543
1569840354.547881,15,0.7347828149795532
1569840357.1395802,16,0.7271074056625366
1569840359.7919302,17,0.7197930216789246
1569840362.4180377,18,0.731493353843689
1569840365.0302064,19,0.7408937811851501
1569840367.6480966,20,0.7483953833580017
1569840370.2587543,21,0.7728123664855957
1569840372.9029148,22,0.7629305720329285
1569840375.4608889,23,0.7650299668312073
1569840378.0201268,24,0.7652171850204468
1569840380.6631176,25,0.7633050084114075
1569840383.2319226,26,0.767958402633667
1569840385.7942822,27,0.7756338119506836
1569840388.3462121,28,0.7724379301071167
1569840390.8985915,29,0.7614730596542358
1569840393.478246,30,0.7800331711769104
1569840396.1206584,31,0.789527177810669
1569840398.6848228,32,0.778642475605011
1569840401.269934,33,0.7823197245597839
1569840403.9055955,34,0.7755535840988159
1569840406.4597352,35,0.8017757534980774
1569840409.0860198,36,0.7692286968231201
1569840411.7111964,37,0.7867725491523743
1569840414.323236,38,0.7803006172180176
1569840416.9418821,39,0.7847667932510376
1569840419.5205472,40,0.7928299903869629
1569840422.1100538,41,0.7754600048065186
1569840424.6699271,42,0.7900887727737427
1569840427.2247696,43,0.776168704032898
1569840429.8128164,44,0.790449857711792
1569840432.4410052,45,0.7783884406089783
1569840434.9902217,46,0.7806616425514221
1569840437.623181,47,0.7860504984855652
1569840440.2073193,48,0.7807552218437195
1569840442.8171012,49,0.7845929861068726
1569840445.445592,50,0.7884306907653809
1569840448.075761,51,0.7854220271110535
1569840450.69427,52,0.7888050675392151
1569840453.2547495,53,0.7941003441810608
1569840455.80906,54,0.793993353843689
1569840458.4568632,55,0.7879626750946045
1569840461.076581,56,0.7982990741729736
1569840463.6910303,57,0.7909846901893616
1569840466.310074,58,0.7858632802963257
1569840468.8697054,59,0.7910783290863037
1569840471.430022,60,0.7914393544197083
1569840473.9841106,61,0.8084349632263184
1569840476.5297685,62,0.8071780204772949
1569840479.1028848,63,0.7930974364280701
1569840481.6703405,64,0.790623664855957
1569840484.2351692,65,0.8103604912757874
1569840486.8627126,66,0.7957450747489929
1569840489.4665527,67,0.8094512224197388
1569840492.0206358,68,0.7982990741729736
1569840494.5854642,69,0.7999438643455505
1569840497.2057486,70,0.8029658794403076
1569840499.8359401,71,0.8151208758354187
1569840502.4097524,72,0.7979246973991394
1569840504.9672642,73,0.8060681223869324
1569840507.5498755,74,0.7940067648887634
1569840510.1041377,75,0.7961997389793396
1569840512.6898024,76,0.8089029788970947
1569840515.3096156,77,0.8096250295639038
1569840517.865896,78,0.8015885949134827
1569840520.4885926,79,0.8157627582550049
1569840523.045424,80,0.810748279094696
1569840525.6819286,81,0.809718668460846
1569840528.325336,82,0.8095448017120361
1569840530.8854706,83,0.8033269047737122
1569840533.4399767,84,0.8087157607078552
1569840536.0558214,85,0.7919073700904846
1569840538.617049,86,0.7934585213661194
1569840541.2259076,87,0.8048780560493469
1569840543.7799532,88,0.8043164610862732
1569840546.3346884,89,0.8078064918518066
1569840548.9045608,90,0.7951834797859192
1569840551.4551206,91,0.7930840849876404
1569840554.0619931,92,0.8024176359176636
1569840556.6746068,93,0.8002246618270874
1569840559.230305,94,0.8163110017776489
1569840561.7846625,95,0.795089840888977
1569840564.3631203,96,0.80735182762146
1569840566.9208136,97,0.7997699975967407
1569840569.5030441,98,0.803059458732605
1569840572.1073802,99,0.8027786612510681
1569840574.739154,100,0.8099994659423828
1569840577.361454,101,0.8117244243621826
1569840579.9985054,102,0.801133930683136
1569840582.574676,103,0.7968147993087769
1569840585.1357064,104,0.8021501898765564
1569840587.700348,105,0.7960927486419678
1569840590.327946,106,0.7971892356872559
1569840592.9002569,107,0.8166720271110535
1569840595.4671152,108,0.8049582839012146
1569840598.058452,109,0.8060547709465027
1569840600.6316826,110,0.795089840888977
1569840603.2113335,111,0.8003182411193848
1569840605.7769172,112,0.797764241695404
1569840608.4307973,113,0.7947421669960022
1569840611.0713964,114,0.7969352006912231
1569840613.7100153,115,0.8122860789299011
1569840616.338357,116,0.8089832067489624
1569840618.906331,117,0.8047041893005371
1569840621.5012207,118,0.8113767504692078
1569840624.1390336,119,0.7991147637367249
1569840626.7632844,120,0.7994892001152039
1569840629.3259494,121,0.8086221814155579
1569840631.8802323,122,0.7958386540412903
1569840634.5077627,123,0.7952904105186462
1569840637.0659542,124,0.7872405648231506
1569840639.6999195,125,0.8026850819587708
1569840642.2558682,126,0.8070710301399231
1569840644.815803,127,0.8110959529876709
1569840647.3748906,128,0.8125534653663635
1569840649.935122,129,0.8205097317695618
1569840652.5096362,130,0.8035141229629517
1569840655.1387668,131,0.8030461072921753
1569840657.7128572,132,0.8008664846420288
1569840660.3225994,133,0.7914393544197083
1569840662.9545176,134,0.7993019819259644
1569840665.5827503,135,0.8057873249053955
1569840668.2045107,136,0.8061483502388
1569840670.8361855,137,0.8146528601646423
1569840673.4728007,138,0.8096384406089783
1569840676.0911536,139,0.8003048896789551
1569840678.7307065,140,0.798833966255188
1569840681.314617,141,0.8010403513908386
1569840683.8703933,142,0.7985799312591553
1569840686.4747539,143,0.7947288155555725
1569840689.0557797,144,0.8080872893333435
1569840691.652228,145,0.8044100403785706
1569840694.279784,146,0.8096250295639038
1569840696.899255,147,0.8081675171852112
1569840699.5330195,148,0.8026716709136963
1569840702.0901425,149,0.7905300855636597
1569840704.655801,150,0.8030461072921753
1569840707.2971697,151,0.7959322929382324
1569840709.9037461,152,0.80735182762146
1569840712.5139751,153,0.8000374436378479
1569840715.1320012,154,0.8110959529876709
1569840717.6957426,155,0.7994892001152039
1569840720.2641075,156,0.814666211605072
1569840722.8520846,157,0.8001176714897156
1569840725.4144912,158,0.8064292073249817
1569840727.9717088,159,0.8043431639671326
1569840730.545718,160,0.7926428318023682
1569840733.195725,161,0.8056135177612305
1569840735.8410065,162,0.7942741513252258
1569840738.4751606,163,0.7964671850204468
1569840741.042206,164,0.8004786968231201
1569840743.6005163,165,0.807418704032898
1569840746.1728916,166,0.8070710301399231
1569840748.7620244,167,0.808822751045227
1569840751.3863208,168,0.8032333254814148
1569840753.9851415,169,0.8018693923950195
1569840756.5931778,170,0.8160435557365417
1569840759.2126257,171,0.7983793616294861
1569840761.8430812,172,0.8006792664527893
1569840764.45835,173,0.7969352006912231
1569840767.0972464,174,0.7989409565925598
1569840769.667035,175,0.7982054948806763
1569840772.3080459,176,0.7941805720329285
1569840774.8700588,177,0.7922683954238892
1569840777.4250546,178,0.7941003441810608
1569840780.0644853,179,0.8075256943702698
1569840782.700639,180,0.7916265726089478
1569840785.4250085,181,0.8077128529548645
1569840788.189833,182,0.7994089722633362
1569840790.9461367,183,0.8023239970207214
1569840793.638133,184,0.7892329692840576
1569840796.3105767,185,0.8002380132675171
1569840799.0097723,186,0.8030461072921753
1569840801.630026,187,0.8056268692016602
1569840804.269724,188,0.8022304177284241
1569840806.9180539,189,0.7985799312591553
1569840809.662016,190,0.8050652742385864
1569840812.4404364,191,0.818410336971283
1569840815.1624162,192,0.8054396510124207
1569840817.8817754,193,0.8035943508148193
1569840820.6169815,194,0.7936323285102844
1569840823.346482,195,0.8058809638023376
1569840825.9843428,196,0.8086355328559875
1569840828.6664805,197,0.8031530976295471
1569840831.4428024,198,0.7961061000823975
1569840834.1936214,199,0.7972962260246277
