Wall time,Step,Value
1569840348.5134282,0,0.3842359781265259
1569840350.7799952,1,0.3959547281265259
1569840353.0919414,2,0.4348517060279846
1569840355.3980045,3,0.47203829884529114
1569840357.688417,4,0.530643105506897
1569840359.961722,5,0.5575785636901855
1569840362.2673,6,0.5797140002250671
1569840364.567351,7,0.5614848136901855
1569840366.7951758,8,0.5858161449432373
1569840369.048552,9,0.6099156737327576
1569840371.3511064,10,0.6571217179298401
1569840373.6102026,11,0.673883318901062
1569840375.8783088,12,0.6996821761131287
1569840378.1604943,13,0.7124602794647217
1569840380.4520311,14,0.7069319486618042
1569840382.7576728,15,0.7275997400283813
1569840385.0384812,16,0.7200300097465515
1569840387.3175666,17,0.7171720266342163
1569840389.6018295,18,0.7479475736618042
1569840391.9081402,19,0.7560028433799744
1569840394.2148352,20,0.7618732452392578
1569840396.5094957,21,0.7564883232116699
1569840398.7788415,22,0.7669932842254639
1569840401.041431,23,0.7645546197891235
1569840403.321624,24,0.7627559900283813
1569840405.6036463,25,0.7480248212814331
1569840407.9001431,26,0.7704912424087524
1569840410.2048082,27,0.7713850736618042
1569840412.5169928,28,0.7589380145072937
1569840414.7705283,29,0.7652056813240051
1569840417.003799,30,0.7703257203102112
1569840419.2463555,31,0.7746402621269226
1569840421.5191386,32,0.7718706130981445
1569840423.78444,33,0.7773216962814331
1569840426.0745492,34,0.7721133232116699
1569840428.3706005,35,0.782861053943634
1569840430.6833897,36,0.7870873212814331
1569840432.9679189,37,0.7684498429298401
1569840435.2635276,38,0.7767478823661804
1569840437.5313413,39,0.7626787424087524
1569840439.8170006,40,0.7673905491828918
1569840442.1103835,41,0.7649518847465515
1569840444.4079015,42,0.7756996154785156
1569840446.6742458,43,0.7773216962814331
1569840448.9759996,44,0.7671477794647217
1569840451.2578487,45,0.7792858481407166
1569840453.4966486,46,0.7841631174087524
1569840455.7417305,47,0.7831038236618042
1569840457.9843235,48,0.7924611568450928
1569840460.2146127,49,0.7890514731407166
1569840462.4499261,50,0.7900224924087524
1569840464.6851408,51,0.7853769659996033
1569840466.9617279,52,0.7885549068450928
1569840469.2143693,53,0.7684498429298401
1569840471.4547644,54,0.789614200592041
1569840473.7431655,55,0.7780609726905823
1569840476.0565577,56,0.7748830318450928
1569840478.3564255,57,0.7717823386192322
1569840480.5954032,58,0.7758651375770569
1569840482.8672738,59,0.7776527404785156
1569840485.1388643,60,0.7760306596755981
1569840487.386036,61,0.7704912424087524
1569840489.687474,62,0.7848914265632629
1569840491.9893389,63,0.7668167352676392
1569840494.3067932,64,0.7832693457603455
1569840496.6069138,65,0.7705684900283813
1569840498.8997862,66,0.7499006986618042
1569840501.1821468,67,0.7643119096755981
1569840503.4501195,68,0.7941715121269226
1569840505.6809223,69,0.7752030491828918
1569840507.9248607,70,0.7882348895072937
1569840510.1870766,71,0.7857851982116699
1569840512.4927459,72,0.781801700592041
1569840514.7860649,73,0.7897025346755981
1569840517.0742788,74,0.7783809900283813
1569840519.3681474,75,0.7670705318450928
1569840521.6317012,76,0.7639698386192322
1569840523.886711,77,0.7814707159996033
1569840526.1538475,78,0.793520450592041
1569840528.4147286,79,0.7779837846755981
1569840530.656839,80,0.790353536605835
1569840532.90422,81,0.7835893630981445
1569840535.1461911,82,0.7703257203102112
1569840537.3899329,83,0.7710540294647217
1569840539.6266463,84,0.7738237380981445
1569840541.8728085,85,0.7694319486618042
1569840544.13171,86,0.7768361568450928
1569840546.3722649,87,0.7808969020843506
1569840548.6428964,88,0.7835121154785156
1569840550.9197178,89,0.7739120125770569
1569840553.1554055,90,0.7812279462814331
1569840555.3842568,91,0.773095428943634
1569840557.6253288,92,0.7892942428588867
1569840559.865684,93,0.7738237380981445
1569840562.1109712,94,0.7654374241828918
1569840564.3518634,95,0.7673133015632629
1569840566.600493,96,0.7709767818450928
1569840568.8892248,97,0.7650401592254639
1569840571.1834617,98,0.7787892818450928
1569840573.5052238,99,0.7752140760421753
1569840575.9043179,100,0.7625904679298401
1569840578.204316,101,0.7732499241828918
1569840580.4941585,102,0.7730071544647217
1569840582.7596734,103,0.7814817428588867
1569840585.0627003,104,0.7668277621269226
1569840587.3381429,105,0.7802568674087524
1569840589.608852,106,0.7748057842254639
1569840591.887701,107,0.7650291323661804
1569840594.1569057,108,0.7704139947891235
1569840596.394244,109,0.7614539265632629
1569840598.6322072,110,0.7706567645072937
1569840600.8721504,111,0.7833465933799744
1569840603.1293929,112,0.7766706347465515
1569840605.3762517,113,0.7761078476905823
1569840607.6196299,114,0.7861162424087524
1569840609.8538873,115,0.7776527404785156
1569840612.109642,116,0.7570621371269226
1569840614.3864737,117,0.7656029462814331
1569840616.6243508,118,0.7738237380981445
1569840618.8643584,119,0.7722788453102112
1569840621.1116626,120,0.7827727794647217
1569840623.376917,121,0.7753795981407166
1569840625.644279,122,0.7738237380981445
1569840627.8856242,123,0.7767589092254639
1569840630.13525,124,0.7814707159996033
1569840632.38433,125,0.7777299880981445
1569840634.6634653,126,0.7765933871269226
1569840636.9098194,127,0.7782264947891235
1569840639.1707575,128,0.7779726982116699
1569840641.4116104,129,0.7765933871269226
1569840643.665334,130,0.7808306813240051
1569840645.9190645,131,0.7603945732116699
1569840648.1565812,132,0.7892942428588867
1569840650.446363,133,0.7627559900283813
1569840652.7199304,134,0.7698402404785156
1569840654.9819248,135,0.7747175097465515
1569840657.2927482,136,0.7907508015632629
1569840659.6073422,137,0.7809851765632629
1569840661.9084797,138,0.7752913236618042
1569840664.231038,139,0.7685381174087524
1569840666.4755256,140,0.7682953476905823
1569840668.755809,141,0.7849797010421753
1569840671.0473146,142,0.7760195732116699
1569840673.315373,143,0.7802568674087524
1569840675.6235123,144,0.7879038453102112
1569840677.9250913,145,0.779848575592041
1569840680.2271564,146,0.790673553943634
1569840682.5366488,147,0.7928694486618042
1569840684.8250153,148,0.7851452231407166
1569840687.1117027,149,0.7647863626480103
1569840689.3908172,150,0.7877383232116699
1569840691.6306489,151,0.7722015976905823
1569840693.885196,152,0.775048553943634
1569840696.1770537,153,0.7702484726905823
1569840698.4732409,154,0.7545351982116699
1569840700.7625618,155,0.795473575592041
1569840703.0568225,156,0.785211443901062
1569840705.3524857,157,0.7765161395072937
1569840707.6714532,158,0.7767589092254639
1569840709.9902415,159,0.7674788236618042
1569840712.2844214,160,0.7822872400283813
1569840714.5733454,161,0.7797713875770569
1569840716.8373928,162,0.7841631174087524
1569840719.085751,163,0.7671477794647217
1569840721.3364797,164,0.7833465933799744
1569840723.574216,165,0.7843286395072937
1569840725.8117468,166,0.7761850953102112
1569840728.0509489,167,0.7686153650283813
1569840730.29553,168,0.7710540294647217
1569840732.564333,169,0.7781382203102112
1569840734.8054776,170,0.7858734726905823
1569840737.0438752,171,0.766573965549469
1569840739.3072202,172,0.7716278433799744
1569840741.6218078,173,0.7865245342254639
1569840743.9235759,174,0.7799369096755981
1569840746.2294607,175,0.7838320732116699
1569840748.533821,176,0.764620840549469
1569840750.8381135,177,0.764223575592041
1569840753.1436906,178,0.7663311958312988
1569840755.397253,179,0.7873411178588867
1569840757.6395478,180,0.7800913453102112
1569840759.9278505,181,0.7748830318450928
1569840762.2128637,182,0.7761850953102112
1569840764.4992871,183,0.7927922010421753
1569840766.7970512,184,0.7586842179298401
1569840769.0754027,185,0.7708112597465515
1569840771.3118162,186,0.7641353011131287
1569840773.5934746,187,0.7741547226905823
1569840775.88332,188,0.7717823386192322
1569840778.1210496,189,0.7686153650283813
1569840780.3568382,190,0.7815589904785156
1569840782.6244342,191,0.7794403433799744
1569840784.8696854,192,0.7830265760421753
1569840787.1120844,193,0.7800140976905823
1569840789.3415956,194,0.7873300909996033
1569840791.5859914,195,0.7845714092254639
1569840793.8363106,196,0.7734154462814331
1569840796.0871909,197,0.7816362380981445
1569840798.3703623,198,0.7878265976905823
1569840800.6241252,199,0.7838320732116699
