Wall time,Step,Value
1569840379.4598958,0,0.2569444477558136
1569840381.9592843,1,0.3375000059604645
1569840384.427331,2,0.4166666567325592
1569840386.9005702,3,0.4347222149372101
1569840389.370421,4,0.5263888835906982
1569840391.8544056,5,0.44999998807907104
1569840394.34088,6,0.5048611164093018
1569840396.8195233,7,0.5340277552604675
1569840399.3108666,8,0.574999988079071
1569840401.7904072,9,0.5611110925674438
1569840404.275001,10,0.5791666507720947
1569840406.749018,11,0.5249999761581421
1569840409.2372148,12,0.6006944179534912
1569840411.7140663,13,0.6534722447395325
1569840414.195661,14,0.6270833611488342
1569840416.690434,15,0.675694465637207
1569840419.1663334,16,0.6861110925674438
1569840421.6502805,17,0.6722221970558167
1569840424.1490138,18,0.6979166865348816
1569840426.634851,19,0.6951388716697693
1569840429.1261165,20,0.6986111402511597
1569840431.610917,21,0.7104166746139526
1569840434.0890257,22,0.7236111164093018
1569840436.5740936,23,0.6951388716697693
1569840439.049515,24,0.6826388835906982
1569840441.5307443,25,0.675694465637207
1569840444.0245917,26,0.6958333253860474
1569840446.4993587,27,0.7291666865348816
1569840448.974748,28,0.7048611044883728
1569840451.4455576,29,0.71875
1569840453.9276588,30,0.7270833253860474
1569840456.395731,31,0.6861110925674438
1569840458.8745546,32,0.6763888597488403
1569840461.3490334,33,0.6777777671813965
1569840463.826688,34,0.7395833134651184
1569840466.2873878,35,0.7166666388511658
1569840468.7547827,36,0.6812499761581421
1569840471.2291484,37,0.6777777671813965
1569840473.7187994,38,0.6798611283302307
1569840476.1961725,39,0.6881944537162781
1569840478.6670823,40,0.7166666388511658
1569840481.1645427,41,0.7291666865348816
1569840483.650361,42,0.6951388716697693
1569840486.1362379,43,0.6875
1569840488.6279404,44,0.6916666626930237
1569840491.1164846,45,0.7180555462837219
1569840493.6097248,46,0.6958333253860474
1569840496.0852954,47,0.7402777671813965
1569840498.5519938,48,0.6958333253860474
1569840501.0273502,49,0.738194465637207
1569840503.5036583,50,0.7437499761581421
1569840505.981084,51,0.7118055820465088
1569840508.4666843,52,0.7680555582046509
1569840510.9571424,53,0.7229166626930237
1569840513.451957,54,0.7159722447395325
1569840515.9346478,55,0.7034721970558167
1569840518.4070623,56,0.7729166746139526
1569840520.896795,57,0.7437499761581421
1569840523.3788915,58,0.7472222447395325
1569840525.850468,59,0.7145833373069763
1569840528.3399372,60,0.7548611164093018
1569840530.81376,61,0.7423611283302307
1569840533.3061807,62,0.7881944179534912
1569840535.7986584,63,0.7527777552604675
1569840538.2886465,64,0.7263888716697693
1569840540.7579956,65,0.7173610925674438
1569840543.2398546,66,0.7749999761581421
1569840545.7273715,67,0.800694465637207
1569840548.2178137,68,0.7208333611488342
1569840550.7113862,69,0.7298611402511597
1569840553.2010949,70,0.7277777791023254
1569840555.6794517,71,0.7645833492279053
1569840558.1764877,72,0.7319444417953491
1569840560.6504648,73,0.7743055820465088
1569840563.1308308,74,0.7763888835906982
1569840565.6219676,75,0.7680555582046509
1569840568.1110384,76,0.7513889074325562
1569840570.585051,77,0.7513889074325562
1569840573.0685282,78,0.7423611283302307
1569840575.5403867,79,0.7479166388511658
1569840578.026102,80,0.7597222328186035
1569840580.5148532,81,0.7388888597488403
1569840583.0051892,82,0.7722222208976746
1569840585.4809144,83,0.7409722208976746
1569840587.9492788,84,0.7631944417953491
1569840590.4298491,85,0.8013888597488403
1569840592.9007325,86,0.7284722328186035
1569840595.3757303,87,0.7340278029441833
1569840597.8576374,88,0.7631944417953491
1569840600.3409562,89,0.730555534362793
1569840602.824022,90,0.7347221970558167
1569840605.3047454,91,0.7263888716697693
1569840607.7758307,92,0.7388888597488403
1569840610.254686,93,0.7201389074325562
1569840612.739142,94,0.7715277671813965
1569840615.2202265,95,0.7555555701255798
1569840617.694568,96,0.7729166746139526
1569840620.1789894,97,0.7298611402511597
1569840622.660972,98,0.761805534362793
1569840625.1458366,99,0.8020833134651184
1569840627.6310787,100,0.7437499761581421
1569840630.1158888,101,0.731249988079071
1569840632.6213095,102,0.8097222447395325
1569840635.12758,103,0.7340278029441833
1569840637.6313949,104,0.7437499761581421
1569840640.13174,105,0.737500011920929
1569840642.6188014,106,0.7715277671813965
1569840645.1071813,107,0.7472222447395325
1569840647.600199,108,0.7652778029441833
1569840650.0847228,109,0.7659721970558167
1569840652.5604444,110,0.7854166626930237
1569840655.0449069,111,0.7652778029441833
1569840657.518759,112,0.7854166626930237
1569840660.0211935,113,0.7770833373069763
1569840662.5070603,114,0.7972221970558167
1569840665.0099607,115,0.8076388835906982
1569840667.4858232,116,0.75
1569840669.9847522,117,0.75
1569840672.4714465,118,0.7361111044883728
1569840674.9692113,119,0.7395833134651184
1569840677.4706137,120,0.7451388835906982
1569840679.9609456,121,0.7152777910232544
1569840682.444435,122,0.7777777910232544
1569840684.930121,123,0.7555555701255798
1569840687.409544,124,0.7791666388511658
1569840689.9006872,125,0.7701388597488403
1569840692.3810847,126,0.7590277791023254
1569840694.859171,127,0.7430555820465088
1569840697.3285708,128,0.7638888955116272
1569840699.8049512,129,0.768750011920929
1569840702.2784142,130,0.7798610925674438
1569840704.7460814,131,0.7472222447395325
1569840707.216515,132,0.7368055582046509
1569840709.6902587,133,0.762499988079071
1569840712.1660602,134,0.7548611164093018
1569840714.658643,135,0.7416666746139526
1569840717.1455712,136,0.7673611044883728
1569840719.6398184,137,0.7854166626930237
1569840722.1192925,138,0.737500011920929
1569840724.6007388,139,0.7347221970558167
1569840727.0913887,140,0.737500011920929
1569840729.5788822,141,0.7472222447395325
1569840732.0607798,142,0.738194465637207
1569840734.5387928,143,0.7194444537162781
1569840737.0357556,144,0.7708333134651184
1569840739.515744,145,0.7465277910232544
1569840741.9966965,146,0.7388888597488403
1569840744.4780798,147,0.7340278029441833
1569840746.9586341,148,0.7791666388511658
1569840749.4458077,149,0.7347221970558167
1569840751.925687,150,0.7986111044883728
1569840754.406572,151,0.7340278029441833
1569840756.8895047,152,0.7388888597488403
1569840759.3697495,153,0.7548611164093018
1569840761.8586318,154,0.7236111164093018
1569840764.344415,155,0.768750011920929
1569840766.8404207,156,0.7347221970558167
1569840769.3412151,157,0.7416666746139526
1569840771.8217607,158,0.7416666746139526
1569840774.3141,159,0.7291666865348816
1569840776.7984407,160,0.7784722447395325
1569840779.2725897,161,0.7263888716697693
1569840781.7936978,162,0.7854166626930237
1569840784.360083,163,0.7416666746139526
1569840786.9571297,164,0.7708333134651184
1569840789.6067626,165,0.7805555462837219
1569840792.2774575,166,0.731249988079071
1569840794.8011408,167,0.7902777791023254
1569840797.3116176,168,0.7708333134651184
1569840799.9246714,169,0.731249988079071
1569840802.512581,170,0.7409722208976746
1569840805.1251516,171,0.7784722447395325
1569840807.7290695,172,0.7611111402511597
1569840810.3762362,173,0.7749999761581421
1569840813.0417054,174,0.7409722208976746
1569840815.6996763,175,0.7611111402511597
1569840818.3403263,176,0.8083333373069763
1569840820.937122,177,0.7604166865348816
1569840823.5870275,178,0.7708333134651184
1569840826.1889677,179,0.7708333134651184
1569840828.7844737,180,0.731249988079071
1569840831.441547,181,0.7361111044883728
1569840834.0696332,182,0.7645833492279053
1569840836.7365382,183,0.7229166626930237
1569840839.3629553,184,0.7229166626930237
1569840842.002019,185,0.7423611283302307
1569840844.646085,186,0.7472222447395325
1569840847.2420473,187,0.7208333611488342
1569840849.762772,188,0.7284722328186035
1569840852.3786888,189,0.7826389074325562
1569840855.0032704,190,0.7395833134651184
1569840857.5759473,191,0.7763888835906982
1569840860.1510835,192,0.7333333492279053
1569840862.74607,193,0.7486110925674438
1569840865.3625264,194,0.7347221970558167
1569840868.022604,195,0.7361111044883728
1569840870.6009865,196,0.7631944417953491
1569840873.1043582,197,0.7388888597488403
1569840875.601793,198,0.7736111283302307
1569840878.0859952,199,0.7652778029441833
