Wall time,Step,Value
1569840381.7203846,0,0.35591062903404236
1569840384.2021127,1,0.48783937096595764
1569840386.6037369,2,0.4756787419319153
1569840388.9935007,3,0.5041478276252747
1569840391.393646,4,0.5380844473838806
1569840393.809587,5,0.614300549030304
1569840396.2319744,6,0.6036010384559631
1569840398.6332638,7,0.6259427070617676
1569840401.0195715,8,0.7000848650932312
1569840403.418228,9,0.7324660420417786
1569840405.8038101,10,0.7325131893157959
1569840408.187696,11,0.737085223197937
1569840410.593441,12,0.7446738481521606
1569840413.0325181,13,0.7523567080497742
1569840415.4296858,14,0.7591911554336548
1569840417.8218346,15,0.7582956552505493
1569840420.1994634,16,0.7637160420417786
1569840422.6072214,17,0.7771021723747253
1569840425.0434892,18,0.7905825972557068
1569840427.429547,19,0.7799773812294006
1569840429.8433511,20,0.7830411195755005
1569840432.233622,21,0.7933163642883301
1569840434.6415684,22,0.7765365839004517
1569840437.0793786,23,0.7852092981338501
1569840439.479953,24,0.8028374910354614
1569840441.8709857,25,0.7976527214050293
1569840444.2734823,26,0.7836067080497742
1569840446.667852,27,0.7878487706184387
1569840449.0599027,28,0.7753582000732422
1569840451.453842,29,0.8077394366264343
1569840453.873593,30,0.7949660420417786
1569840456.2794547,31,0.7879430651664734
1569840458.746575,32,0.7882258892059326
1569840461.166864,33,0.7970399856567383
1569840463.5536482,34,0.8006693124771118
1569840465.9668996,35,0.7921851277351379
1569840468.3498783,36,0.8137726187705994
1569840470.7396846,37,0.7974641919136047
1569840473.1233423,38,0.807833731174469
1569840475.528314,39,0.798972487449646
1569840477.910006,40,0.7835124731063843
1569840480.3032925,41,0.7845965027809143
1569840482.6868353,42,0.7983126044273376
1569840485.0893052,43,0.788885772228241
1569840487.4923673,44,0.8010463714599609
1569840489.8897069,45,0.8025075197219849
1569840492.3052382,46,0.8001037240028381
1569840494.6981716,47,0.8114159107208252
1569840497.091567,48,0.8061839938163757
1569840499.479576,49,0.7896870374679565
1569840501.8737695,50,0.8019890785217285
1569840504.2680423,51,0.7805429697036743
1569840506.668372,52,0.8004336357116699
1569840509.1160622,53,0.8041101098060608
1569840511.5771492,54,0.8120286464691162
1569840513.9672008,55,0.8010463714599609
1569840516.3494532,56,0.8062782883644104
1569840518.805515,57,0.8182503581047058
1569840521.2649612,58,0.7979826331138611
1569840523.6618695,59,0.8102375268936157
1569840526.0723047,60,0.8090120553970337
1569840528.4694355,61,0.8051470518112183
1569840530.9133642,62,0.8135840892791748
1569840533.3998525,63,0.8035916090011597
1569840535.7799299,64,0.7998680472373962
1569840538.1826997,65,0.8157051205635071
1569840540.5789144,66,0.8002451062202454
1569840543.019483,67,0.816694974899292
1569840545.462468,68,0.8162707686424255
1569840547.9011688,69,0.8313065767288208
1569840550.279495,70,0.8187688589096069
1569840552.6757658,71,0.8133012652397156
1569840555.0717118,72,0.8157051205635071
1569840557.489512,73,0.8246135115623474
1569840559.9340386,74,0.8221625089645386
1569840562.326574,75,0.8230580687522888
1569840564.7166088,76,0.8378111124038696
1569840567.1108632,77,0.8034502267837524
1569840569.513441,78,0.8182032704353333
1569840571.9099176,79,0.813254177570343
1569840574.2996454,80,0.8081164956092834
1569840576.7084413,81,0.8208898901939392
1569840579.0997577,82,0.8106146454811096
1569840581.5034318,83,0.8246135115623474
1569840583.8838565,84,0.8283371329307556
1569840586.282371,85,0.8065611124038696
1569840588.6737216,86,0.8182975053787231
1569840591.0598543,87,0.8226810097694397
1569840593.4538019,88,0.8313065767288208
1569840595.8398883,89,0.8264517188072205
1569840598.2335603,90,0.8187688589096069
1569840600.6200042,91,0.8175433874130249
1569840603.0293834,92,0.8194758892059326
1569840605.438955,93,0.8268288373947144
1569840607.8392706,94,0.8346530795097351
1569840610.247385,95,0.8334747552871704
1569840612.6498334,96,0.8436086177825928
1569840615.057864,97,0.828242838382721
1569840617.4572678,98,0.8408747911453247
1569840619.9036133,99,0.837716817855835
1569840622.2918851,100,0.8391779661178589
1569840624.6982722,101,0.8148095607757568
1569840627.095834,102,0.8334747552871704
1569840629.4895608,103,0.8310708999633789
1569840631.9217186,104,0.8276772499084473
1569840634.3731122,105,0.8350772857666016
1569840636.8428128,106,0.8259332776069641
1569840639.277141,107,0.8323435187339783
1569840641.7370505,108,0.8432786464691162
1569840644.1920226,109,0.8258861303329468
1569840646.6076906,110,0.8190987706184387
1569840648.989709,111,0.8322492241859436
1569840651.447509,112,0.8307409286499023
1569840653.8394434,113,0.8209841847419739
1569840656.2434206,114,0.8295154571533203
1569840658.6438758,115,0.8309766054153442
1569840661.0738354,116,0.833521842956543
1569840663.4799345,117,0.8237650990486145
1569840665.8899012,118,0.8191930651664734
1569840668.3457854,119,0.8255561590194702
1569840670.7488089,120,0.8353601098060608
1569840673.1494117,121,0.8325320482254028
1569840675.5396502,122,0.8198058009147644
1569840677.9928582,123,0.8297982811927795
1569840680.4635782,124,0.817307710647583
1569840682.9171765,125,0.820748507976532
1569840685.394979,126,0.8322963714599609
1569840687.8195968,127,0.8414404392242432
1569840690.2595446,128,0.8340874910354614
1569840692.7319431,129,0.8349830508232117
1569840695.2059855,130,0.8411104679107666
1569840697.651683,131,0.8298454284667969
1569840700.0493808,132,0.8319193124771118
1569840702.5170805,133,0.8331447839736938
1569840704.9415178,134,0.8315893411636353
1569840707.374304,135,0.8239536285400391
1569840709.846125,136,0.8231523633003235
1569840712.303995,137,0.8264988660812378
1569840714.700227,138,0.8349830508232117
1569840717.0993676,139,0.8374811410903931
1569840719.5471375,140,0.8355486392974854
1569840721.943776,141,0.8463423848152161
1569840724.3421924,142,0.8361613750457764
1569840726.7480307,143,0.8319664597511292
1569840729.1520417,144,0.8243306875228882
1569840731.5595205,145,0.8265460133552551
1569840734.0153134,146,0.8379996418952942
1569840736.4337454,147,0.8293269276618958
1569840738.8339825,148,0.8374811410903931
1569840741.232703,149,0.8368212580680847
1569840743.6233172,150,0.8324849009513855
1569840746.076,151,0.8263574838638306
1569840748.5432546,152,0.8240007758140564
1569840751.0231671,153,0.8328148722648621
1569840753.4396298,154,0.8422888517379761
1569840755.8729632,155,0.8313065767288208
1569840758.3308601,156,0.8297982811927795
1569840760.7398028,157,0.8350301384925842
1569840763.1300585,158,0.8347002267837524
1569840765.5969543,159,0.8295154571533203
1569840768.060235,160,0.842383086681366
1569840770.495541,161,0.8276772499084473
1569840772.9619443,162,0.8209370374679565
1569840775.3694391,163,0.8210784196853638
1569840777.8404064,164,0.8396021723747253
1569840780.2332346,165,0.8365855813026428
1569840782.6278312,166,0.8319664597511292
1569840785.0195754,167,0.850631594657898
1569840787.4495842,168,0.8289969563484192
1569840789.873851,169,0.8347002267837524
1569840792.2718914,170,0.8287141919136047
1569840794.6641908,171,0.8456825017929077
1569840797.0730467,172,0.8463423848152161
1569840799.5321274,173,0.8368212580680847
1569840801.9338126,174,0.8277243375778198
1569840804.3197944,175,0.8420531749725342
1569840806.7289717,176,0.8310708999633789
1569840809.1137028,177,0.8323435187339783
1569840811.489802,178,0.8461067080497742
1569840813.893901,179,0.8326263427734375
1569840816.2896237,180,0.8408277034759521
1569840818.7076218,181,0.8359728455543518
1569840821.1083674,182,0.8475207686424255
1569840823.5717566,183,0.8284313678741455
1569840826.036688,184,0.839083731174469
1569840828.4592183,185,0.8359728455543518
1569840830.911764,186,0.8353601098060608
1569840833.3719075,187,0.8444570302963257
1569840835.8255153,188,0.8405920267105103
1569840838.2236621,189,0.8432786464691162
1569840840.6298282,190,0.8453525900840759
1569840843.057038,191,0.8289027214050293
1569840845.463515,192,0.829609751701355
1569840847.8585458,193,0.8277243375778198
1569840850.2595112,194,0.8405448794364929
1569840852.7116227,195,0.8466722965240479
1569840855.1683357,196,0.826168954372406
1569840857.630062,197,0.8332862257957458
1569840860.0439332,198,0.8384238481521606
1569840862.4926493,199,0.8407805562019348
