Wall time,Step,Value
1569840282.1482043,0,0.25857841968536377
1569840284.7284062,1,0.27748599648475647
1569840287.2686083,2,0.3012079894542694
1569840289.7931235,3,0.2866334021091461
1569840292.3087895,4,0.29529938101768494
1569840294.7966914,5,0.27446603775024414
1569840297.2938418,6,0.3699667453765869
1569840299.78428,7,0.4208245873451233
1569840302.257755,8,0.4807860553264618
1569840304.7736607,9,0.5509454011917114
1569840307.284001,10,0.5452556014060974
1569840309.7839942,11,0.5640756487846375
1569840312.3018134,12,0.5742734670639038
1569840314.803869,13,0.5809261202812195
1569840317.3035085,14,0.5945816040039062
1569840319.7989008,15,0.606267511844635
1569840322.2850938,16,0.6233806014060974
1569840324.785029,17,0.6233368515968323
1569840327.2978659,18,0.6453956365585327
1569840329.8190706,19,0.633797287940979
1569840332.3261392,20,0.6481967568397522
1569840334.9019973,21,0.6595763564109802
1569840337.5546873,22,0.6437762379646301
1569840340.2148073,23,0.6704744100570679
1569840342.8936522,24,0.6882877945899963
1569840345.3976932,25,0.6697303652763367
1569840347.9388323,26,0.7001925706863403
1569840350.5250125,27,0.671262264251709
1569840353.144622,28,0.6690301299095154
1569840355.766986,29,0.6823791861534119
1569840358.4072487,30,0.6910451650619507
1569840361.022746,31,0.6927521228790283
1569840363.624144,32,0.6826418042182922
1569840366.2690368,33,0.7170868515968323
1569840368.885219,34,0.7019870281219482
1569840371.4923654,35,0.688112735748291
1569840374.125512,36,0.6982230544090271
1569840376.752583,37,0.7162989974021912
1569840379.3725905,38,0.6878501176834106
1569840382.0193346,39,0.6992297172546387
1569840384.629727,40,0.7061887383460999
1569840387.2336216,41,0.7126225233078003
1569840389.7870018,42,0.6985294222831726
1569840392.2867997,43,0.7044380307197571
1569840394.7824469,44,0.6923144459724426
1569840397.290027,45,0.7178308963775635
1569840399.796127,46,0.7047006487846375
1569840402.3042536,47,0.7205444574356079
1569840404.8144925,48,0.696822464466095
1569840407.3225713,49,0.6997111439704895
1569840409.8274183,50,0.7262342572212219
1569840412.3344874,51,0.705707311630249
1569840414.839753,52,0.7155987620353699
1569840417.337365,53,0.6891193985939026
1569840419.8324778,54,0.6952468752861023
1569840422.327179,55,0.6850928068161011
1569840424.8147576,56,0.7022496461868286
1569840427.30795,57,0.7180935144424438
1569840429.7996888,58,0.71555495262146
1569840432.2809498,59,0.7079394459724426
1569840434.778344,60,0.7210696935653687
1569840437.2587204,61,0.7195816040039062
1569840439.748641,62,0.6851365566253662
1569840442.244888,63,0.6965160965919495
1569840444.750287,64,0.7082020044326782
1569840447.2432046,65,0.706932783126831
1569840449.7428522,66,0.7039566040039062
1569840452.2395897,67,0.707457959651947
1569840454.7484124,68,0.686887264251709
1569840457.24382,69,0.7173494100570679
1569840459.7375116,70,0.7171306014060974
1569840462.2296782,71,0.706932783126831
1569840464.7219672,72,0.7027310729026794
1569840467.2305503,73,0.6957720518112183
1569840469.7129045,74,0.7202818393707275
1569840472.1931605,75,0.6990108489990234
1569840474.686995,76,0.6980041861534119
1569840477.18327,77,0.7027310729026794
1569840479.6786246,78,0.7096463441848755
1569840482.1531847,79,0.7014618515968323
1569840484.6338136,80,0.701242983341217
1569840487.115358,81,0.7187937498092651
1569840489.5913644,82,0.6992297172546387
1569840492.0964665,83,0.6945465803146362
1569840494.5736349,84,0.690082311630249
1569840497.052527,85,0.7158613204956055
1569840499.5377522,86,0.6935399174690247
1569840502.020223,87,0.6927958726882935
1569840504.5126963,88,0.6935399174690247
1569840507.0119667,89,0.6957720518112183
1569840509.5060503,90,0.7141106724739075
1569840511.9832075,91,0.697522759437561
1569840514.4784627,92,0.7135854363441467
1569840516.9711223,93,0.7088585495948792
1569840519.4654646,94,0.6980041861534119
1569840521.9554327,95,0.7099089622497559
1569840524.433745,96,0.693802535533905
1569840526.926181,97,0.6949842572212219
1569840529.4175112,98,0.6908263564109802
1569840531.9028337,99,0.7143732309341431
1569840534.3914762,100,0.686887264251709
1569840536.889557,101,0.7002363204956055
1569840539.3845007,102,0.7054446935653687
1569840541.8828542,103,0.7099089622497559
1569840544.372069,104,0.7103903889656067
1569840546.862086,105,0.6925770044326782
1569840549.3610415,106,0.7123599648475647
1569840551.831056,107,0.7054446935653687
1569840554.3226726,108,0.6965160965919495
1569840556.8241684,109,0.703737735748291
1569840559.3132389,110,0.7027310729026794
1569840561.8012779,111,0.6955094337463379
1569840564.2832208,112,0.6682860851287842
1569840566.8050454,113,0.6937587261199951
1569840569.2912104,114,0.7131040096282959
1569840571.7873476,115,0.7024685144424438
1569840574.2672865,116,0.6940651535987854
1569840576.7522674,117,0.683167040348053
1569840579.2573647,118,0.6895570755004883
1569840581.740845,119,0.7187937498092651
1569840584.228435,120,0.6945465803146362
1569840586.7286422,121,0.6705182194709778
1569840589.230845,122,0.6878063678741455
1569840591.7332232,123,0.6938462853431702
1569840594.2282238,124,0.7202818393707275
1569840596.7153957,125,0.7232580780982971
1569840599.1912107,126,0.6705619692802429
1569840601.6883662,127,0.7009803652763367
1569840604.1718533,128,0.7007178068161011
1569840606.664665,129,0.709427535533905
1569840609.157627,130,0.6925770044326782
1569840611.6567836,131,0.6965598464012146
1569840614.168447,132,0.7029499411582947
1569840616.66891,133,0.7233018279075623
1569840619.1588404,134,0.6814600825309753
1569840621.6587257,135,0.6997548937797546
1569840624.1723256,136,0.7083771228790283
1569840626.676143,137,0.7183123230934143
1569840629.1684682,138,0.7034751176834106
1569840631.6742342,139,0.7041754126548767
1569840634.181128,140,0.6999737620353699
1569840636.682493,141,0.7176120281219482
1569840639.1779072,142,0.7153798937797546
1569840641.6739004,143,0.7036939859390259
1569840644.1569161,144,0.694327712059021
1569840646.6519277,145,0.6819415092468262
1569840649.16299,146,0.7104341983795166
1569840651.6528091,147,0.703212559223175
1569840654.1478739,148,0.7180935144424438
1569840656.639718,149,0.7007615566253662
1569840659.1181355,150,0.7081582546234131
1569840661.6123998,151,0.7250087261199951
1569840664.1093109,152,0.7041754126548767
1569840666.6177673,153,0.7106092572212219
1569840669.112146,154,0.7200630307197571
1569840671.6033785,155,0.7027310729026794
1569840674.094757,156,0.7198004126548767
1569840676.5969079,157,0.6801908016204834
1569840679.0806272,158,0.6945465803146362
1569840681.568207,159,0.6980041861534119
1569840684.0561192,160,0.718837559223175
1569840686.5606177,161,0.7019870281219482
1569840689.053592,162,0.7015056014060974
1569840691.536331,163,0.7138918042182922
1569840694.0083215,164,0.7064513564109802
1569840696.5085948,165,0.7138480544090271
1569840698.9954994,166,0.6952468752861023
1569840701.4658504,167,0.6997548937797546
1569840703.963411,168,0.7116596698760986
1569840706.4568312,169,0.7059698700904846
1569840708.9404807,170,0.7195816040039062
1569840711.426516,171,0.696297287940979
1569840713.9176989,172,0.7151172757148743
1569840716.4110026,173,0.6960784196853638
1569840718.898263,174,0.7096463441848755
1569840721.3711884,175,0.7081582546234131
1569840723.8572166,176,0.6970413327217102
1569840726.3667276,177,0.703212559223175
1569840728.8576314,178,0.7101715803146362
1569840731.3574789,179,0.7052258253097534
1569840733.8544607,180,0.7190563678741455
1569840736.3628526,181,0.6885941624641418
1569840738.8516383,182,0.701242983341217
1569840741.347973,183,0.6881564855575562
1569840743.8333068,184,0.7128851413726807
1569840746.3387113,185,0.7066701650619507
1569840748.8291178,186,0.7173494100570679
1569840751.3224907,187,0.7024685144424438
1569840753.813399,188,0.7022058963775635
1569840756.3225284,189,0.7026873230934143
1569840758.8233414,190,0.7007615566253662
1569840761.3419213,191,0.6950717568397522
1569840763.8133912,192,0.7039566040039062
1569840766.3094192,193,0.685661792755127
1569840768.793089,194,0.7143294811248779
1569840771.290557,195,0.6997548937797546
1569840773.7809887,196,0.7148547172546387
1569840776.277629,197,0.7074142098426819
1569840778.7807884,198,0.7101278305053711
1569840781.2646267,199,0.6985294222831726
