Wall time,Step,Value
1569840386.8085146,0,0.4252791404724121
1569840389.0450158,1,0.5446963310241699
1569840391.2786422,2,0.5984136462211609
1569840393.4815247,3,0.6125408411026001
1569840395.6852107,4,0.6240808963775635
1569840397.8884146,5,0.6493396162986755
1569840400.1213603,6,0.6755855083465576
1569840402.3480315,7,0.6632965803146362
1569840404.5735476,8,0.6728962659835815
1569840406.7985272,9,0.6815767884254456
1569840409.0067024,10,0.6871595978736877
1569840411.2252662,11,0.6725558042526245
1569840413.4244332,12,0.7087418437004089
1569840415.6557293,13,0.7118736505508423
1569840417.8547506,14,0.7334558963775635
1569840420.0952926,15,0.7398556470870972
1569840422.2992668,16,0.758544385433197
1569840424.5116758,17,0.742544949054718
1569840426.7491999,18,0.757557213306427
1569840428.951666,19,0.7697099447250366
1569840431.1755097,20,0.7652845978736877
1569840433.3938048,21,0.764535665512085
1569840435.592608,22,0.7803308963775635
1569840437.8391757,23,0.7857094407081604
1569840440.030133,24,0.7822712659835815
1569840442.2329688,25,0.7753267884254456
1569840444.4466486,26,0.7847902774810791
1569840446.6626716,27,0.7886369824409485
1569840448.8812337,28,0.7940495610237122
1569840451.0881305,29,0.7855392098426819
1569840453.294327,30,0.8071214556694031
1569840455.5054345,31,0.7936410903930664
1569840457.7091663,32,0.8077001571655273
1569840459.9143548,33,0.8046364188194275
1569840462.1281893,34,0.8002110719680786
1569840464.3392782,35,0.7971473336219788
1569840466.5390928,36,0.8075299859046936
1569840468.7421002,37,0.8084831237792969
1569840470.9514365,38,0.7746119499206543
1569840473.1508863,39,0.8055896162986755
1569840475.3595483,40,0.8133170008659363
1569840477.573521,41,0.80409175157547
1569840479.8133194,42,0.8179466128349304
1569840482.0275533,43,0.8110021948814392
1569840484.2353199,44,0.812363862991333
1569840486.4417267,45,0.7988494038581848
1569840488.6985419,46,0.7992238402366638
1569840490.928163,47,0.7853349447250366
1569840493.1329608,48,0.8090958595275879
1569840495.3437173,49,0.8158020377159119
1569840497.5572155,50,0.7890795469284058
1569840499.7583554,51,0.7927219271659851
1569840501.9644353,52,0.8088915944099426
1569840504.1639462,53,0.7838371396064758
1569840506.3768075,54,0.8021514415740967
1569840508.5828197,55,0.8053853511810303
1569840510.8185863,56,0.8096405267715454
1569840513.0392945,57,0.7899986505508423
1569840515.2494965,58,0.8059980869293213
1569840517.4539814,59,0.7998025417327881
1569840519.6527517,60,0.8036832809448242
1569840521.8781838,61,0.8092319965362549
1569840524.0792596,62,0.7953771948814392
1569840526.3052077,63,0.805181086063385
1569840528.508305,64,0.7996323704719543
1569840530.7069967,65,0.8117510676383972
1569840532.9084864,66,0.8003812432289124
1569840535.1088724,67,0.7924836874008179
1569840537.319366,68,0.7809436321258545
1569840539.5321286,69,0.7668845057487488
1569840541.7388773,70,0.8021173477172852
1569840543.9446428,71,0.7988494038581848
1569840546.208552,72,0.795547366142273
1569840548.4229705,73,0.8050109148025513
1569840550.625229,74,0.7880582809448242
1569840552.8585956,75,0.7776415944099426
1569840555.0684896,76,0.7934368252754211
1569840557.2743707,77,0.7928581237792969
1569840559.5126362,78,0.7768245935440063
1569840561.7271702,79,0.7835988402366638
1569840563.935514,80,0.7631739974021912
1569840566.141972,81,0.797487735748291
1569840568.3492887,82,0.7963303327560425
1569840570.557687,83,0.7995983362197876
1569840572.7697492,84,0.7890454530715942
1569840574.975689,85,0.7888412475585938
1569840577.1849773,86,0.7961260676383972
1569840579.3888943,87,0.7785947918891907
1569840581.594381,88,0.7861179113388062
1569840583.7949133,89,0.750476598739624
1569840585.9973571,90,0.7813180685043335
1569840588.1930873,91,0.7807053327560425
1569840590.3928525,92,0.7940155267715454
1569840592.633371,93,0.7893859148025513
1569840594.8381345,94,0.7886029481887817
1569840597.049079,95,0.7882625460624695
1569840599.2789326,96,0.7970792651176453
1569840601.5015836,97,0.7969090342521667
1569840603.7058303,98,0.763786792755127
1569840605.9133677,99,0.7949686646461487
1569840608.1185596,100,0.7718886137008667
1569840610.328408,101,0.7709014415740967
1569840612.5448422,102,0.7789692282676697
1569840614.747085,103,0.77284175157547
1569840616.9580595,104,0.7809095978736877
1569840619.163329,105,0.7851647734642029
1569840621.3715236,106,0.7855392098426819
1569840623.5772283,107,0.7809095978736877
1569840625.7856493,108,0.7859136462211609
1569840627.9928432,109,0.7711056470870972
1569840630.1990485,110,0.7863221764564514
1569840632.4115524,111,0.7870710492134094
1569840634.6136465,112,0.7828840017318726
1569840636.8415563,113,0.780160665512085
1569840639.0449157,114,0.7774373888969421
1569840641.2591014,115,0.7776075601577759
1569840643.4713418,116,0.7560593485832214
1569840645.6751606,117,0.7736247181892395
1569840647.8715076,118,0.7645016312599182
1569840650.0773823,119,0.780535101890564
1569840652.2894065,120,0.773182213306427
1569840654.4915211,121,0.7785947918891907
1569840656.6942668,122,0.773794949054718
1569840658.9044762,123,0.749148964881897
1569840661.117029,124,0.781862735748291
1569840663.320343,125,0.7531658411026001
1569840665.5340044,126,0.7780501246452332
1569840667.7398274,127,0.7716503143310547
1569840669.943513,128,0.787854015827179
1569840672.1599038,129,0.7807053327560425
1569840674.3686595,130,0.7947644591331482
1569840676.5732617,131,0.7845520377159119
1569840678.7743752,132,0.780535101890564
1569840680.985041,133,0.8007557392120361
1569840683.1939251,134,0.7791734933853149
1569840685.3985474,135,0.7743736505508423
1569840687.6074862,136,0.7869008779525757
1569840689.8114376,137,0.8082788586616516
1569840692.0303485,138,0.7843818068504333
1569840694.2327158,139,0.7753267884254456
1569840696.4451535,140,0.7853689789772034
1569840698.6550968,141,0.7838031053543091
1569840700.8743773,142,0.7622548937797546
1569840703.085192,143,0.7897603511810303
1569840705.2897394,144,0.7869008779525757
1569840707.4966848,145,0.759157121181488
1569840709.7129424,146,0.7830201387405396
1569840711.9292011,147,0.7890114188194275
1569840714.1366575,148,0.7969090342521667
1569840716.3401372,149,0.8009599447250366
1569840718.5535152,150,0.7753267884254456
1569840720.7914398,151,0.7801946997642517
1569840722.9954126,152,0.8007557392120361
1569840725.198499,153,0.7608932256698608
1569840727.397197,154,0.7911560535430908
1569840729.5992367,155,0.7866966128349304
1569840731.803354,156,0.7816925644874573
1569840734.0133271,157,0.7990196347236633
1569840736.222338,158,0.7890114188194275
1569840738.427348,159,0.7914964556694031
1569840740.632848,160,0.7944239974021912
1569840742.8466156,161,0.7982707023620605
1569840745.0472815,162,0.8040577173233032
1569840747.249156,163,0.8067470192909241
1569840749.4492836,164,0.7876838445663452
1569840751.6658092,165,0.7764841914176941
1569840753.8872316,166,0.7787989974021912
1569840756.0915933,167,0.7790032625198364
1569840758.342615,168,0.8021173477172852
1569840760.5533586,169,0.7922794222831726
1569840762.7596867,170,0.7992238402366638
1569840764.957584,171,0.7768586874008179
1569840767.1674054,172,0.7784245610237122
1569840769.3885531,173,0.7963303327560425
1569840771.5943274,174,0.7763140201568604
1569840773.8147054,175,0.774169385433197
1569840776.2955728,176,0.7952069640159607
1569840778.509372,177,0.795172929763794
1569840780.7220056,178,0.8013344407081604
1569840782.9285266,179,0.7853349447250366
1569840785.1453862,180,0.7990196347236633
1569840787.3555586,181,0.7913262248039246
1569840789.5745108,182,0.7774373888969421
1569840791.8097928,183,0.7710716128349304
1569840794.0198514,184,0.7880582809448242
1569840796.2214901,185,0.7864923477172852
1569840798.423262,186,0.7770969271659851
1569840800.6328094,187,0.8019131422042847
1569840802.8350391,188,0.7988494038581848
1569840805.0338683,189,0.7822712659835815
1569840807.2496593,190,0.7969430685043335
1569840809.4574099,191,0.795172929763794
1569840811.669604,192,0.7835988402366638
1569840813.8814173,193,0.7853689789772034
1569840816.0859125,194,0.798100471496582
1569840818.3049886,195,0.7832244038581848
1569840820.5086825,196,0.7890114188194275
1569840822.7171488,197,0.7903730869293213
1569840824.9218445,198,0.7832584381103516
1569840827.1272545,199,0.7988834381103516
