Wall time,Step,Value
1569840297.6553068,0,0.3028549253940582
1569840300.4792528,1,0.4125514328479767
1569840303.25889,2,0.3561599850654602
1569840305.9986193,3,0.5565200448036194
1569840308.7318413,4,0.5744598507881165
1569840311.5189345,5,0.5911136865615845
1569840314.3687606,6,0.6287937164306641
1569840317.2158713,7,0.6451903581619263
1569840320.1009116,8,0.6930941343307495
1569840322.9487429,9,0.7285236716270447
1569840325.743326,10,0.7406121492385864
1569840328.509373,11,0.758873462677002
1569840331.3152246,12,0.7683256268501282
1569840334.051789,13,0.7762988805770874
1569840336.91351,14,0.7721193432807922
1569840339.7815168,15,0.7784208059310913
1569840342.6672,16,0.7884516716003418
1569840345.4536679,17,0.7963606119155884
1569840348.1988068,18,0.8090277910232544
1569840350.964142,19,0.8040766716003418
1569840353.6687255,20,0.8082561492919922
1569840356.3676143,21,0.8233667612075806
1569840359.144516,22,0.821373462677002
1569840361.9205198,23,0.8023405075073242
1569840364.721564,24,0.8178369402885437
1569840367.4372494,25,0.8131430149078369
1569840370.1778402,26,0.795396089553833
1569840372.8168564,27,0.8191229701042175
1569840375.5412486,28,0.8056198358535767
1569840378.1812727,29,0.8106352686882019
1569840380.8039577,30,0.7994470000267029
1569840383.5088348,31,0.8137217164039612
1569840386.221101,32,0.8128858208656311
1569840388.9222274,33,0.8093492984771729
1569840391.5504937,34,0.8170653581619263
1569840394.1809118,35,0.8146862387657166
1569840396.9036305,36,0.8162294030189514
1569840399.540714,37,0.781700074672699
1569840402.209342,38,0.823688268661499
1569840404.8916771,39,0.8195730447769165
1569840407.6054242,40,0.8217592835426331
1569840410.3076348,41,0.8074202537536621
1569840413.0213015,42,0.8140432238578796
1569840415.7314703,43,0.8199588656425476
1569840418.354974,44,0.8206018805503845
1569840420.9895358,45,0.8152006268501282
1569840423.6107464,46,0.8233024477958679
1569840426.2596228,47,0.8183513283729553
1569840428.9153044,48,0.8111497163772583
1569840431.580045,49,0.8171296119689941
1569840434.2879553,50,0.8174511194229126
1569840437.0042932,51,0.8146862387657166
1569840439.6503627,52,0.8163580298423767
1569840442.3397663,53,0.8103137612342834
1569840445.0376496,54,0.8039480447769165
1569840447.7042682,55,0.8051697611808777
1569840450.4128525,56,0.8220164775848389
1569840453.0411866,57,0.8145576119422913
1569840455.746028,58,0.8175797462463379
1569840458.4516733,59,0.8283821940422058
1569840461.1399674,60,0.8007330298423767
1569840463.784802,61,0.8177083134651184
1569840466.490371,62,0.8107638955116272
1569840469.1216557,63,0.8156507015228271
1569840471.7884934,64,0.8221450448036194
1569840474.4110508,65,0.8191229701042175
1569840477.1064355,66,0.8206661343574524
1569840479.767498,67,0.8203446269035339
1569840482.4049926,68,0.8101851940155029
1569840485.033409,69,0.8322402238845825
1569840487.66605,70,0.816936731338501
1569840490.3711371,71,0.8209876418113708
1569840492.9998305,72,0.8168081045150757
1569840495.7208724,73,0.8087062835693359
1569840498.3452568,74,0.8358410596847534
1569840500.9976895,75,0.8290252089500427
1569840503.7191138,76,0.8336548209190369
1569840506.3622239,77,0.8254886865615845
1569840508.9936125,78,0.8115997910499573
1569840511.6803102,79,0.8252958059310913
1569840514.3774502,80,0.8283178806304932
1569840517.0567791,81,0.8352623581886292
1569840519.765918,82,0.8209233283996582
1569840522.414448,83,0.820730447769165
1569840525.1258466,84,0.8416280746459961
1569840527.8334503,85,0.8143004179000854
1569840530.5459101,86,0.8301182985305786
1569840533.2559805,87,0.8217592835426331
1569840535.8779151,88,0.8297325372695923
1569840538.5261714,89,0.8249742984771729
1569840541.2477388,90,0.8324974179267883
1569840543.941238,91,0.8246527910232544
1569840546.6475358,92,0.8328832387924194
1569840549.3264244,93,0.8200231194496155
1569840552.011064,94,0.8209876418113708
1569840554.634896,95,0.8296682238578796
1569840557.2645855,96,0.8366769552230835
1569840559.9760885,97,0.8304398059844971
1569840562.6234863,98,0.8317258358001709
1569840565.3019538,99,0.8267747163772583
1569840567.930262,100,0.8319830298423767
1569840570.651293,101,0.8301182985305786
1569840573.2802384,102,0.8386702537536621
1569840575.996109,103,0.8342978358268738
1569840578.725939,104,0.8308899402618408
1569840581.436203,105,0.8338477611541748
1569840584.1007469,106,0.8457432985305786
1569840586.7309332,107,0.8206018805503845
1569840589.4343185,108,0.8356481194496155
1569840592.132055,109,0.8368698358535767
1569840594.8435829,110,0.8308899402618408
1569840597.557916,111,0.8273534178733826
1569840600.1907449,112,0.8409208059310913
1569840602.8564208,113,0.8356481194496155
1569840605.563834,114,0.8258101940155029
1569840608.256113,115,0.8279321193695068
1569840610.8823082,116,0.8312757015228271
1569840613.5956078,117,0.8346193432807922
1569840616.3034234,118,0.8321115970611572
1569840619.0215364,119,0.8304398059844971
1569840621.728338,120,0.8332047462463379
1569840624.4519217,121,0.8373842835426331
1569840627.1496727,122,0.8382201790809631
1569840629.7817657,123,0.8221450448036194
1569840632.4117815,124,0.8311471343040466
1569840635.0499654,125,0.8229809403419495
1569840637.7604618,126,0.8382844924926758
1569840640.4705737,127,0.8290252089500427
1569840643.201353,128,0.8231738805770874
1569840645.830625,129,0.8366769552230835
1569840648.5413587,130,0.8377700448036194
1569840651.249826,131,0.8280606865882874
1569840653.9247007,132,0.8351980447769165
1569840656.621938,133,0.8360982537269592
1569840659.317536,134,0.8186085224151611
1569840662.01205,135,0.8293467164039612
1569840664.6753597,136,0.8287037014961243
1569840667.2999434,137,0.8269675970077515
1569840669.9985473,138,0.8491512537002563
1569840672.635168,139,0.8223379850387573
1569840675.2610815,140,0.8357767462730408
1569840677.8944912,141,0.8319830298423767
1569840680.5996897,142,0.820730447769165
1569840683.307016,143,0.8332690596580505
1569840685.9706337,144,0.8398276567459106
1569840688.594573,145,0.8313400149345398
1569840691.2613368,146,0.8269675970077515
1569840693.9762142,147,0.8339120149612427
1569840696.6816647,148,0.8307613134384155
1569840699.391298,149,0.836355447769165
1569840702.03987,150,0.8328832387924194
1569840704.6837838,151,0.8301826119422913
1569840707.3875728,152,0.8242026567459106
1569840710.0897777,153,0.821373462677002
1569840712.8063452,154,0.8177083134651184
1569840715.5058324,155,0.8375128507614136
1569840718.2202234,156,0.8259387612342834
1569840720.8615177,157,0.8166795372962952
1569840723.5139937,158,0.8212448358535767
1569840726.142116,159,0.8279963731765747
1569840728.7645605,160,0.8425925970077515
1569840731.4524057,161,0.8166795372962952
1569840734.1456034,162,0.8384130597114563
1569840736.8399599,163,0.8368055820465088
1569840739.490967,164,0.8233667612075806
1569840742.1775715,165,0.8356481194496155
1569840744.815906,166,0.8284465074539185
1569840747.4545794,167,0.8239454627037048
1569840750.144369,168,0.8181584477424622
1569840752.8465497,169,0.8279321193695068
1569840755.4649718,170,0.8335905075073242
1569840758.090549,171,0.8346193432807922
1569840760.713801,172,0.839313268661499
1569840763.3437529,173,0.8253600597381592
1569840765.9620209,174,0.8233024477958679
1569840768.6623697,175,0.8297967910766602
1569840771.321041,176,0.8284465074539185
1569840773.9712574,177,0.8326903581619263
1569840776.6057951,178,0.835519552230835
1569840779.230122,179,0.8258745074272156
1569840781.8704202,180,0.8368055820465088
1569840784.591179,181,0.8225308656692505
1569840787.2928548,182,0.8357767462730408
1569840789.9360082,183,0.808063268661499
1569840792.5646348,184,0.829153835773468
1569840795.26632,185,0.8274819850921631
1569840797.9576118,186,0.8224665522575378
1569840800.6704094,187,0.8305684328079224
1569840803.3022945,188,0.8419495820999146
1569840806.0587828,189,0.8379629850387573
1569840808.8949738,190,0.8287037014961243
1569840811.6762226,191,0.8448430895805359
1569840814.4862163,192,0.8344907164573669
1569840817.191967,193,0.8341049551963806
1569840819.8981996,194,0.8428497910499573
1569840822.5492547,195,0.8400205969810486
1569840825.1767344,196,0.8459362387657166
1569840827.812132,197,0.8375771641731262
1569840830.5288808,198,0.8430426716804504
1569840833.2319937,199,0.8380915522575378
