Wall time,Step,Value
1569840367.510372,0,0.4625000059604645
1569840369.986,1,0.5069853067398071
1569840372.4694262,2,0.49384191632270813
1569840374.958591,3,0.5690257549285889
1569840377.4349048,4,0.5717524290084839
1569840379.9078233,5,0.562224268913269
1569840382.3886447,6,0.5813725590705872
1569840384.8780763,7,0.5891237854957581
1569840387.3446307,8,0.5782475471496582
1569840389.806001,9,0.5477328300476074
1569840392.265883,10,0.5530331134796143
1569840394.735241,11,0.5880514979362488
1569840397.2137299,12,0.6154718399047852
1569840399.6904633,13,0.610600471496582
1569840402.1740255,14,0.642463207244873
1569840404.6452045,15,0.6499693393707275
1569840407.1157873,16,0.6460171341896057
1569840409.5793734,17,0.6538296341896057
1569840412.0560522,18,0.6658087968826294
1569840414.5281377,19,0.6587929129600525
1569840416.9988344,20,0.6687806248664856
1569840419.4681525,21,0.6874080896377563
1569840421.9452622,22,0.6857843399047852
1569840424.4197376,23,0.6739583611488342
1569840426.9059212,24,0.689460813999176
1569840429.393417,25,0.6963235139846802
1569840431.88582,26,0.6933210492134094
1569840434.3579102,27,0.7023897171020508
1569840436.8105097,28,0.6962316036224365
1569840439.275111,29,0.6954963207244873
1569840441.7379496,30,0.6976103186607361
1569840444.2001863,31,0.7009190917015076
1569840446.6844232,32,0.6997855305671692
1569840449.1705165,33,0.6920955777168274
1569840451.6378577,34,0.705085813999176
1569840454.1083314,35,0.7079963088035583
1569840456.5789857,36,0.7095894813537598
1569840459.069353,37,0.7145833373069763
1569840461.5436807,38,0.7223958373069763
1569840464.020296,39,0.7073529362678528
1569840466.4887683,40,0.6785845756530762
1569840468.9659054,41,0.6928002238273621
1569840471.434182,42,0.6936274766921997
1569840473.9088109,43,0.6867034435272217
1569840476.3784802,44,0.6988051533699036
1569840478.8483021,45,0.7029411792755127
1569840481.3158858,46,0.7362744808197021
1569840483.788749,47,0.7269914150238037
1569840486.2630603,48,0.7158088088035583
1569840488.740832,49,0.7072610259056091
1569840491.2047706,50,0.7054840922355652
1569840493.674596,51,0.7170649766921997
1569840496.1380966,52,0.7278186082839966
1569840498.6035464,53,0.7183210849761963
1569840501.0759063,54,0.7272365093231201
1569840503.5303547,55,0.7471813559532166
1569840506.010877,56,0.7519914507865906
1569840508.4838164,57,0.7322916388511658
1569840510.9498096,58,0.7202205657958984
1569840513.4246924,59,0.7420036792755127
1569840515.890649,60,0.755238950252533
1569840518.3693068,61,0.7383578419685364
1569840520.8544536,62,0.7496017217636108
1569840523.3388448,63,0.7525122761726379
1569840525.8050337,64,0.745649516582489
1569840528.2687252,65,0.7577205896377563
1569840530.7453704,66,0.7640625238418579
1569840533.2083876,67,0.7545343041419983
1569840535.6699588,68,0.7431066036224365
1569840538.1471107,69,0.765900731086731
1569840540.6235206,70,0.7340073585510254
1569840543.1059015,71,0.7387561202049255
1569840545.5750172,72,0.7692095637321472
1569840548.0395188,73,0.7556372284889221
1569840550.509773,74,0.7440869808197021
1569840552.9791305,75,0.7542585730552673
1569840555.4401703,76,0.7665441036224365
1569840557.9083188,77,0.7279717922210693
1569840560.3936522,78,0.7421262264251709
1569840562.8840227,79,0.7554534077644348
1569840565.3422856,80,0.7741727828979492
1569840567.8094757,81,0.7524203658103943
1569840570.2732544,82,0.7635416388511658
1569840572.7392724,83,0.7688419222831726
1569840575.2000434,84,0.7549938559532166
1569840577.663409,85,0.7666666507720947
1569840580.129937,86,0.754350483417511
1569840582.609049,87,0.76188725233078
1569840585.0944345,88,0.7475183606147766
1569840587.554892,89,0.7713541388511658
1569840590.03006,90,0.7526960968971252
1569840592.4984717,91,0.763786792755127
1569840594.973837,92,0.7600184082984924
1569840597.4399333,93,0.7619485259056091
1569840599.919853,94,0.7773284316062927
1569840602.3945386,95,0.7699448466300964
1569840604.8704221,96,0.7590686082839966
1569840607.3325734,97,0.7730085849761963
1569840609.799985,98,0.7607230544090271
1569840612.2801285,99,0.7661458253860474
1569840614.7670615,100,0.7642769813537598
1569840617.2396634,101,0.7671874761581421
1569840619.7001152,102,0.7733149528503418
1569840622.1660082,103,0.7750306129455566
1569840624.6403494,104,0.7378982901573181
1569840627.1089585,105,0.7739889621734619
1569840629.5747836,106,0.7433823347091675
1569840632.0532079,107,0.7592524290084839
1569840634.538542,108,0.7419730424880981
1569840637.0126548,109,0.7575674057006836
1569840639.4876935,110,0.7496936321258545
1569840641.972485,111,0.7617647051811218
1569840644.4559057,112,0.7661458253860474
1569840646.9346085,113,0.7616727948188782
1569840649.400292,114,0.7730085849761963
1569840651.8691432,115,0.7621017098426819
1569840654.34331,116,0.7454044222831726
1569840656.8245378,117,0.7552083134651184
1569840659.296603,118,0.7775735259056091
1569840661.7791183,119,0.7401041388511658
1569840664.260714,120,0.7701286673545837
1569840666.7259395,121,0.7713235020637512
1569840669.1939833,122,0.7685355544090271
1569840671.6693423,123,0.7504289150238037
1569840674.1534824,124,0.7856311202049255
1569840676.625823,125,0.7585784196853638
1569840679.117847,126,0.7648897171020508
1569840681.5799005,127,0.7496629953384399
1569840684.0541925,128,0.74592524766922
1569840686.5259748,129,0.7518688440322876
1569840688.9934201,130,0.7574142217636108
1569840691.4645405,131,0.7485294342041016
1569840693.9348395,132,0.7691789269447327
1569840696.4085243,133,0.7721813917160034
1569840698.8840144,134,0.7380514740943909
1569840701.3461568,135,0.7420036792755127
1569840703.8337386,136,0.7719975709915161
1569840706.3077924,137,0.7575061321258545
1569840708.7858033,138,0.7387561202049255
1569840711.258934,139,0.7696078419685364
1569840713.747945,140,0.75407475233078
1569840716.2193153,141,0.7613357901573181
1569840718.6878953,142,0.7572610378265381
1569840721.1793587,143,0.7388786673545837
1569840723.6553779,144,0.7389705777168274
1569840726.126119,145,0.757199764251709
1569840728.599742,146,0.7491728067398071
1569840731.070146,147,0.7484068870544434
1569840733.549599,148,0.7448835968971252
1569840736.0197546,149,0.7435355186462402
1569840738.5001202,150,0.7612438797950745
1569840740.9750593,151,0.7373468279838562
1569840743.4463189,152,0.7430146932601929
1569840745.9135957,153,0.7469975352287292
1569840748.3945346,154,0.762162983417511
1569840750.875451,155,0.7400735020637512
1569840753.3458862,156,0.7418504953384399
1569840755.8178287,157,0.7523284554481506
1569840758.2998295,158,0.7463847994804382
1569840760.767895,159,0.7643076181411743
1569840763.2358184,160,0.7592524290084839
1569840765.7042267,161,0.7278798818588257
1569840768.179569,162,0.7534007430076599
1569840770.6596181,163,0.7603554129600525
1569840773.1452262,164,0.7276041507720947
1569840775.6257167,165,0.737500011920929
1569840778.0926213,166,0.7507659196853638
1569840780.570329,167,0.7523897290229797
1569840783.0542686,168,0.7409926652908325
1569840785.52287,169,0.7504595518112183
1569840787.9879916,170,0.778124988079071
1569840790.4650578,171,0.7531556487083435
1569840792.925955,172,0.7409313917160034
1569840795.398974,173,0.7433516979217529
1569840797.8681142,174,0.7581495046615601
1569840800.3402424,175,0.7567095756530762
1569840802.8152509,176,0.7483762502670288
1569840805.35361,177,0.7475796341896057
1569840807.9245253,178,0.7309436202049255
1569840810.5109076,179,0.6879901885986328
1569840813.0837593,180,0.7435661554336548
1569840815.5649996,181,0.7476102709770203
1569840818.029546,182,0.7413296699523926
1569840820.4954967,183,0.7513786554336548
1569840822.9794405,184,0.7292585968971252
1569840825.45437,185,0.7517462968826294
1569840827.918711,186,0.73844975233078
1569840830.3809297,187,0.7109987735748291
1569840832.859387,188,0.7635722756385803
1569840835.3610177,189,0.7641544342041016
1569840837.934617,190,0.7501225471496582
1569840840.5380616,191,0.7336397171020508
1569840843.1657174,192,0.7419424057006836
1569840845.772054,193,0.7376838326454163
1569840848.317122,194,0.7464767098426819
1569840850.859291,195,0.7538296580314636
1569840853.399757,196,0.7654105424880981
1569840855.9435163,197,0.7608762383460999
1569840858.4849946,198,0.7428921461105347
1569840861.022911,199,0.7433516979217529
