Wall time,Step,Value
1569840282.251201,0,0.39183658361434937
1569840284.9064553,1,0.3844512701034546
1569840287.5177534,2,0.34393343329429626
1569840290.0777287,3,0.3877529203891754
1569840292.6285074,4,0.3321652114391327
1569840295.1721163,5,0.5074239373207092
1569840297.7099535,6,0.5482410192489624
1569840300.2449636,7,0.545885443687439
1569840302.77362,8,0.5795392990112305
1569840305.3059454,9,0.6176533102989197
1569840307.83999,10,0.6169775128364563
1569840310.38784,11,0.6133958697319031
1569840312.9121597,12,0.6660584807395935
1569840315.3969843,13,0.6846617460250854
1569840317.877081,14,0.6852120161056519
1569840320.3626995,15,0.6644269227981567
1569840322.92964,16,0.6600729823112488
1569840325.5163605,17,0.7086036205291748
1569840328.0807974,18,0.6926745176315308
1569840330.6644597,19,0.6723431944847107
1569840333.2170084,20,0.7016141414642334
1569840335.6900384,21,0.7109302878379822
1569840338.1581545,22,0.7421802878379822
1569840340.6438112,23,0.738926887512207
1569840343.1271732,24,0.7503185868263245
1569840345.6122952,25,0.7269076108932495
1569840348.1366253,26,0.7286839485168457
1569840350.6412952,27,0.7632645964622498
1569840353.133788,28,0.7468624711036682
1569840355.6171324,29,0.757404625415802
1569840358.1022701,30,0.755927562713623
1569840360.5833058,31,0.7773401141166687
1569840363.0582488,32,0.7815203070640564
1569840365.5283556,33,0.7756603360176086
1569840368.013816,34,0.7710264325141907
1569840370.4976807,35,0.760686993598938
1569840372.9797795,36,0.7708043456077576
1569840375.4700508,37,0.7601849436759949
1569840377.944282,38,0.7641431093215942
1569840380.4273567,39,0.7900834083557129
1569840382.9388816,40,0.7746080756187439
1569840385.4242594,41,0.7616137862205505
1569840387.9070966,42,0.7632645964622498
1569840390.3996208,43,0.7609090209007263
1569840392.865463,44,0.7677730321884155
1569840395.3432968,45,0.7649926543235779
1569840397.8229647,46,0.7577811479568481
1569840400.3034515,47,0.7471134662628174
1569840402.7726893,48,0.7568543553352356
1569840405.2507246,49,0.7513226270675659
1569840407.723901,50,0.7659194469451904
1569840410.2106295,51,0.7672709822654724
1569840412.6828976,52,0.7516218423843384
1569840415.1672122,53,0.7716056704521179
1569840417.642991,54,0.7813948392868042
1569840420.1224515,55,0.7721559405326843
1569840422.5911078,56,0.7765388488769531
1569840425.063341,57,0.770003080368042
1569840427.528724,58,0.7568543553352356
1569840430.0045178,59,0.7565550804138184
1569840432.4719002,60,0.7598084807395935
1569840434.9598467,61,0.7680240273475647
1569840437.447136,62,0.741629958152771
1569840439.9320896,63,0.7585341334342957
1569840442.4027464,64,0.7774656414985657
1569840444.8707964,65,0.7767125964164734
1569840447.3618479,66,0.7587078809738159
1569840449.8465161,67,0.7669717073440552
1569840452.3362148,68,0.7582058906555176
1569840454.827263,69,0.7819451093673706
1569840457.2972147,70,0.7606097459793091
1569840459.7755144,71,0.7646161317825317
1569840462.2643042,72,0.7651181817054749
1569840464.7586725,73,0.7564295530319214
1569840467.2334552,74,0.76343834400177
1569840469.7133904,75,0.7656201720237732
1569840472.1918886,76,0.7625887989997864
1569840474.6719067,77,0.757230818271637
1569840477.1422548,78,0.7784407138824463
1569840479.602683,79,0.7775139212608337
1569840482.0928082,80,0.7825726270675659
1569840484.5861833,81,0.7629363536834717
1569840487.05585,82,0.7692500948905945
1569840489.5290313,83,0.7729572057723999
1569840492.0169275,84,0.771528422832489
1569840494.497174,85,0.7811920642852783
1569840496.98336,86,0.7680723071098328
1569840499.465528,87,0.7577811479568481
1569840501.943466,88,0.7828718423843384
1569840504.4419913,89,0.7769636511802673
1569840506.9080193,90,0.7828718423843384
1569840509.380694,91,0.7945918440818787
1569840511.8785126,92,0.7903344035148621
1569840514.3535612,93,0.7889828681945801
1569840516.853823,94,0.7847737073898315
1569840519.3262439,95,0.776210606098175
1569840521.8121946,96,0.7678213119506836
1569840524.3070278,97,0.7926127314567566
1569840526.793547,98,0.791936993598938
1569840529.2769954,99,0.7754865884780884
1569840531.7585807,100,0.788529098033905
1569840534.2373497,101,0.7804680466651917
1569840536.711966,102,0.7816940546035767
1569840539.1885986,103,0.757230818271637
1569840541.6619146,104,0.7664214372634888
1569840544.1271112,105,0.794813871383667
1569840546.609707,106,0.7911356687545776
1569840549.090765,107,0.7920624613761902
1569840551.5722842,108,0.788654625415802
1569840554.046945,109,0.7758630514144897
1569840556.5216208,110,0.7658711671829224
1569840558.9939702,111,0.7785661816596985
1569840561.4770627,112,0.7608607411384583
1569840563.9616325,113,0.7920141816139221
1569840566.4323177,114,0.776210606098175
1569840568.9190006,115,0.7868782877922058
1569840571.3921738,116,0.7881815433502197
1569840573.8630595,117,0.7693755626678467
1569840576.3375583,118,0.7638148665428162
1569840578.8222153,119,0.7700996398925781
1569840581.2998896,120,0.7855749726295471
1569840583.7772183,121,0.785652220249176
1569840586.2571945,122,0.8069875836372375
1569840588.751931,123,0.7792419791221619
1569840591.2369804,124,0.7894076108932495
1569840593.712128,125,0.7660449743270874
1569840596.2086828,126,0.7800915241241455
1569840598.7029593,127,0.772879958152771
1569840601.189929,128,0.7759596109390259
1569840603.6835988,129,0.7792902588844299
1569840606.158815,130,0.779164731502533
1569840608.648028,131,0.7646933794021606
1569840611.119773,132,0.7772629261016846
1569840613.6097286,133,0.7927382588386536
1569840616.0899997,134,0.7808155417442322
1569840618.570977,135,0.802903950214386
1569840621.049016,136,0.7929892539978027
1569840623.533606,137,0.7940415740013123
1569840625.9988177,138,0.7905853986740112
1569840628.4762788,139,0.7881043553352356
1569840630.9599476,140,0.7802170515060425
1569840633.449714,141,0.7960206270217896
1569840635.9236155,142,0.7876312732696533
1569840638.4070873,143,0.8139480948448181
1569840640.8828652,144,0.7861542105674744
1569840643.3719862,145,0.813697099685669
1569840645.8513896,146,0.7937133312225342
1569840648.3316135,147,0.8028556704521179
1569840650.8115847,148,0.7898324131965637
1569840653.2886093,149,0.7973721623420715
1569840655.7595289,150,0.7692500948905945
1569840658.2412694,151,0.7890311479568481
1569840660.7188125,152,0.785526692867279
1569840663.2025745,153,0.775882363319397
1569840665.6792488,154,0.7913867235183716
1569840668.1540394,155,0.7845999598503113
1569840670.6313915,156,0.7676475048065186
1569840673.116433,157,0.7750617861747742
1569840675.5988433,158,0.7826980948448181
1569840678.077067,159,0.7951903939247131
1569840680.566934,160,0.7940897941589355
1569840683.0681612,161,0.7982217073440552
1569840685.5420454,162,0.7895331382751465
1569840688.0236747,163,0.8076633214950562
1569840690.4940557,164,0.7808927893638611
1569840692.975847,165,0.7708526253700256
1569840695.462385,166,0.7977969646453857
1569840697.937236,167,0.7855749726295471
1569840700.4187398,168,0.8025274276733398
1569840702.906774,169,0.7739805579185486
1569840705.3981893,170,0.797970712184906
1569840707.9037962,171,0.7916859984397888
1569840710.396112,172,0.801426887512207
1569840712.8712056,173,0.790286123752594
1569840715.3588483,174,0.7826980948448181
1569840717.8418684,175,0.7733530402183533
1569840720.3313634,176,0.7975459694862366
1569840722.812924,177,0.7731310129165649
1569840725.3013005,178,0.7867044806480408
1569840727.7785523,179,0.7779386639595032
1569840730.2470653,180,0.7985982298851013
1569840732.7328448,181,0.8086383938789368
1569840735.226885,182,0.8160526752471924
1569840737.6985369,183,0.809391438961029
1569840740.1744418,184,0.7986465096473694
1569840742.665805,185,0.7947173118591309
1569840745.1516378,186,0.7936650514602661
1569840747.6215603,187,0.7814430594444275
1569840750.0942557,188,0.8045064806938171
1569840752.5769963,189,0.8083391189575195
1569840755.0658329,190,0.7939160466194153
1569840757.552769,191,0.7907592058181763
1569840760.0319932,192,0.7958179116249084
1569840762.506941,193,0.8016778826713562
1569840764.9882603,194,0.7951421141624451
1569840767.463406,195,0.7649926543235779
1569840769.9498246,196,0.7799177765846252
1569840772.4393926,197,0.8018033504486084
1569840774.913725,198,0.8010503649711609
1569840777.3926075,199,0.804255485534668
