Wall time,Step,Value
1569840281.7230337,0,0.49513888359069824
1569840284.0905874,1,0.4958333373069763
1569840286.4330912,2,0.550694465637207
1569840288.7587192,3,0.5826388597488403
1569840291.0551436,4,0.6003472208976746
1569840293.3645709,5,0.5826388597488403
1569840295.6478353,6,0.5715277791023254
1569840297.9559572,7,0.5541666746139526
1569840300.2301133,8,0.5947916507720947
1569840302.5450096,9,0.5652777552604675
1569840304.8288138,10,0.5784721970558167
1569840307.1213703,11,0.7291666865348816
1569840309.3946245,12,0.7611111402511597
1569840311.6793869,13,0.7565972208976746
1569840313.9664795,14,0.7736111283302307
1569840316.2705631,15,0.7763888835906982
1569840318.6252995,16,0.7749999761581421
1569840320.9147165,17,0.7708333134651184
1569840323.2107801,18,0.7704861164093018
1569840325.5333362,19,0.7631944417953491
1569840327.8437028,20,0.753819465637207
1569840330.1292427,21,0.753819465637207
1569840332.4612017,22,0.761805534362793
1569840334.7679303,23,0.7680555582046509
1569840337.0529103,24,0.7673611044883728
1569840339.3338223,25,0.7649305462837219
1569840341.679984,26,0.7534722089767456
1569840343.983665,27,0.762499988079071
1569840346.3329086,28,0.7465277910232544
1569840348.6648927,29,0.7590277791023254
1569840351.0426502,30,0.7798610925674438
1569840353.3557408,31,0.7777777910232544
1569840355.6880867,32,0.7833333611488342
1569840358.04421,33,0.7319444417953491
1569840360.4050977,34,0.761805534362793
1569840362.7441194,35,0.7659721970558167
1569840365.0301266,36,0.7871527671813965
1569840367.3474169,37,0.7868055701255798
1569840369.6627207,38,0.796875
1569840371.9733489,39,0.7760416865348816
1569840374.2984688,40,0.7923611402511597
1569840376.5843878,41,0.8079861402511597
1569840378.874152,42,0.793749988079071
1569840381.1703641,43,0.7885416746139526
1569840383.4543707,44,0.7670139074325562
1569840385.7456245,45,0.7951388955116272
1569840388.0523937,46,0.7663194537162781
1569840390.3927042,47,0.7871527671813965
1569840392.6641006,48,0.8045138716697693
1569840394.9500623,49,0.808680534362793
1569840397.249218,50,0.7972221970558167
1569840399.5946343,51,0.7701388597488403
1569840401.937398,52,0.7715277671813965
1569840404.2333255,53,0.7944444417953491
1569840406.5292406,54,0.7802083492279053
1569840408.8305435,55,0.7993055582046509
1569840411.1499271,56,0.7677083611488342
1569840413.443887,57,0.7892361283302307
1569840415.7199667,58,0.7996527552604675
1569840418.008319,59,0.7826389074325562
1569840420.309603,60,0.7986111044883728
1569840422.5922046,61,0.765625
1569840424.9263706,62,0.7996527552604675
1569840427.2760592,63,0.7885416746139526
1569840429.6147542,64,0.7906249761581421
1569840431.9100952,65,0.7961805462837219
1569840434.204472,66,0.7795138955116272
1569840436.4928417,67,0.7986111044883728
1569840438.7841072,68,0.7944444417953491
1569840441.0739489,69,0.78125
1569840443.4250004,70,0.7951388955116272
1569840445.7421515,71,0.7895833253860474
1569840448.0583625,72,0.8055555820465088
1569840450.3833568,73,0.8034722208976746
1569840452.6589398,74,0.7993055582046509
1569840454.9792302,75,0.8017361164093018
1569840457.2598312,76,0.8142361044883728
1569840459.5508952,77,0.7989583611488342
1569840461.8908658,78,0.8048611283302307
1569840464.1843238,79,0.8027777671813965
1569840466.4776661,80,0.8041666746139526
1569840468.7606258,81,0.7847222089767456
1569840471.0639772,82,0.800000011920929
1569840473.363254,83,0.7927083373069763
1569840475.6464,84,0.815625011920929
1569840477.9805508,85,0.8107638955116272
1569840480.2602153,86,0.8149305582046509
1569840482.5400856,87,0.7913194298744202
1569840484.8301115,88,0.8131944537162781
1569840487.1240146,89,0.816319465637207
1569840489.4760754,90,0.7996527552604675
1569840491.8207397,91,0.793749988079071
1569840494.1324527,92,0.8194444179534912
1569840496.433835,93,0.8190972208976746
1569840498.7339976,94,0.8125
1569840501.0204911,95,0.7871527671813965
1569840503.2948997,96,0.831944465637207
1569840505.5817096,97,0.7604166865348816
1569840507.893558,98,0.8194444179534912
1569840510.190319,99,0.8333333134651184
1569840512.5282302,100,0.8034722208976746
1569840514.867145,101,0.8232638835906982
1569840517.2340548,102,0.8079861402511597
1569840519.5650785,103,0.828125
1569840521.875043,104,0.8218749761581421
1569840524.1685138,105,0.8218749761581421
1569840526.4784644,106,0.8239583373069763
1569840528.7819166,107,0.816319465637207
1569840531.062552,108,0.8135416507720947
1569840533.3733575,109,0.8215277791023254
1569840535.6742246,110,0.8052083253860474
1569840537.9739885,111,0.8062499761581421
1569840540.2651703,112,0.8208333253860474
1569840542.5540493,113,0.8236111402511597
1569840544.8675168,114,0.8274305462837219
1569840547.1734297,115,0.8232638835906982
1569840549.5162027,116,0.8145833611488342
1569840551.8441749,117,0.8166666626930237
1569840554.1344576,118,0.8045138716697693
1569840556.4241335,119,0.8184027671813965
1569840558.7102883,120,0.8121528029441833
1569840561.0534523,121,0.8288194537162781
1569840563.3542116,122,0.8190972208976746
1569840565.6779244,123,0.8104166388511658
1569840567.9856164,124,0.815625011920929
1569840570.299473,125,0.8288194537162781
1569840572.590183,126,0.8256944417953491
1569840574.907824,127,0.8059027791023254
1569840577.2028048,128,0.8135416507720947
1569840579.5058084,129,0.815625011920929
1569840581.8855839,130,0.800000011920929
1569840584.2360494,131,0.8048611283302307
1569840586.5879154,132,0.8059027791023254
1569840588.8936875,133,0.828125
1569840591.189388,134,0.8149305582046509
1569840593.5343306,135,0.8225694298744202
1569840595.8285947,136,0.8239583373069763
1569840598.1556125,137,0.8031250238418579
1569840600.439873,138,0.8024305701255798
1569840602.7391431,139,0.8326388597488403
1569840605.0790539,140,0.8062499761581421
1569840607.3838105,141,0.8045138716697693
1569840609.6674554,142,0.7993055582046509
1569840611.946906,143,0.8357638716697693
1569840614.2383003,144,0.8118055462837219
1569840616.5623724,145,0.8295139074325562
1569840618.900175,146,0.8177083134651184
1569840621.1986454,147,0.8288194537162781
1569840623.4807587,148,0.8208333253860474
1569840625.7698438,149,0.8309027552604675
1569840628.0540183,150,0.8079861402511597
1569840630.389015,151,0.8010416626930237
1569840632.6741164,152,0.824305534362793
1569840634.9601755,153,0.8072916865348816
1569840637.2641265,154,0.8229166865348816
1569840639.5546498,155,0.8232638835906982
1569840641.8396924,156,0.824305534362793
1569840644.1295283,157,0.8350694179534912
1569840646.422979,158,0.8236111402511597
1569840648.709956,159,0.8142361044883728
1569840650.9996161,160,0.8305555582046509
1569840653.2868779,161,0.8041666746139526
1569840655.5698848,162,0.8121528029441833
1569840657.8638823,163,0.8350694179534912
1569840660.1961517,164,0.8253472447395325
1569840662.5444143,165,0.8072916865348816
1569840664.892898,166,0.8170138597488403
1569840667.2299256,167,0.8190972208976746
1569840669.518442,168,0.8229166865348816
1569840671.8183768,169,0.8159722089767456
1569840674.1289656,170,0.8055555820465088
1569840676.4147484,171,0.831944465637207
1569840678.7186284,172,0.8298611044883728
1569840681.0337512,173,0.8270833492279053
1569840683.396631,174,0.8111110925674438
1569840685.6877422,175,0.8114583492279053
1569840687.969131,176,0.8409722447395325
1569840690.298589,177,0.824305534362793
1569840692.6239703,178,0.824999988079071
1569840694.9195507,179,0.8277778029441833
1569840697.223495,180,0.8440971970558167
1569840699.542601,181,0.828125
1569840701.8405898,182,0.8378472328186035
1569840704.1432323,183,0.816319465637207
1569840706.4406505,184,0.8215277791023254
1569840708.7696474,185,0.8170138597488403
1569840711.105173,186,0.8309027552604675
1569840713.4658086,187,0.8361111283302307
1569840715.803294,188,0.8298611044883728
1569840718.1426258,189,0.8065972328186035
1569840720.4497845,190,0.8302083611488342
1569840722.8020177,191,0.8350694179534912
1569840725.1512036,192,0.8333333134651184
1569840727.492815,193,0.8177083134651184
1569840729.7830813,194,0.8190972208976746
1569840732.077914,195,0.8368055820465088
1569840734.369696,196,0.8427083492279053
1569840736.6826327,197,0.8315972089767456
1569840739.0407577,198,0.8392361402511597
1569840741.3748052,199,0.8371527791023254
