Wall time,Step,Value
1569838826.4872167,0,0.48176130652427673
1569838829.020051,1,0.4526480436325073
1569838831.3945572,2,0.4814178943634033
1569838833.7647188,3,0.6005799770355225
1569838836.1458602,4,0.6709020137786865
1569838838.5234632,5,0.6542658805847168
1569838840.8978252,6,0.6672390103340149
1569838843.27582,7,0.6665521860122681
1569838845.6444802,8,0.675595223903656
1569838848.0466547,9,0.6955891251564026
1569838850.4752867,10,0.6887972950935364
1569838852.8580093,11,0.7296245694160461
1569838855.243645,12,0.7039835453033447
1569838857.6446583,13,0.72142094373703
1569838860.0193255,14,0.7163461446762085
1569838862.434972,15,0.718940794467926
1569838864.8547108,16,0.7301205992698669
1569838867.2349582,17,0.7442383766174316
1569838869.603689,18,0.7450778484344482
1569838871.9849784,19,0.7519841194152832
1569838874.3696125,20,0.750190794467926
1569838876.7435408,21,0.7589667439460754
1569838879.1510575,22,0.7653769850730896
1569838881.5236108,23,0.764575719833374
1569838883.9164603,24,0.7740384340286255
1569838886.2950532,25,0.7738858461380005
1569838888.6641552,26,0.773962140083313
1569838891.0434396,27,0.7929258346557617
1569838893.4134247,28,0.7654151320457458
1569838895.808913,29,0.7587759494781494
1569838898.1968527,30,0.7756791710853577
1569838900.574836,31,0.7822420597076416
1569838902.9600496,32,0.783386766910553
1569838905.413597,33,0.7821657657623291
1569838907.8409774,34,0.7770909667015076
1569838910.2257347,35,0.7822802066802979
1569838912.5958128,36,0.7849892973899841
1569838914.9842174,37,0.7884615659713745
1569838917.4067407,38,0.7949481010437012
1569838919.8451993,39,0.7923153042793274
1569838922.277594,40,0.7882326245307922
1569838924.6859806,41,0.7924679517745972
1569838927.059372,42,0.802388608455658
1569838929.4450014,43,0.7638888955116272
1569838931.8295887,44,0.7969322204589844
1569838934.2140465,45,0.7799527049064636
1569838936.5837939,46,0.7882326245307922
1569838938.9604034,47,0.8052884340286255
1569838941.3554215,48,0.8076541423797607
1569838943.784193,49,0.798458456993103
1569838946.1605253,50,0.791208803653717
1569838948.5893402,51,0.7953296899795532
1569838950.9760656,52,0.7876983880996704
1569838953.346169,53,0.7896825671195984
1569838955.7548573,54,0.7871642112731934
1569838958.140463,55,0.7905601263046265
1569838960.5155075,56,0.7970085740089417
1569838962.8934133,57,0.8028082847595215
1569838965.326558,58,0.7934600114822388
1569838967.7035458,59,0.8006333708763123
1569838970.080877,60,0.8019688725471497
1569838972.4643073,61,0.802731990814209
1569838974.8406174,62,0.8063949942588806
1569838977.220581,63,0.7949481010437012
1569838979.6538346,64,0.7940705418586731
1569838982.0312066,65,0.7913995981216431
1569838984.423246,66,0.8045634627342224
1569838986.7996101,67,0.8023504018783569
1569838989.1804357,68,0.7994887232780457
1569838991.5875392,69,0.7970085740089417
1569838994.033744,70,0.792963981628418
1569838996.4437897,71,0.7976571917533875
1569838998.8199565,72,0.8007478713989258
1569839001.2050009,73,0.7951388955116272
1569839003.6278653,74,0.7988400459289551
1569839006.0453749,75,0.8024649024009705
1569839008.4782035,76,0.7972374558448792
1569839010.9007728,77,0.7768620252609253
1569839013.3338656,78,0.795634925365448
1569839015.731288,79,0.7994505763053894
1569839018.1575608,80,0.802541196346283
1569839020.536551,81,0.7997176647186279
1569839022.9150252,82,0.7905219793319702
1569839025.2964177,83,0.8020833134651184
1569839027.7200875,84,0.8020833134651184
1569839030.1034017,85,0.7988781929016113
1569839032.5057719,86,0.798115074634552
1569839034.8880556,87,0.7870497703552246
1569839037.276168,88,0.8022741079330444
1569839039.6494524,89,0.7949099540710449
1569839042.0185282,90,0.800251841545105
1569839044.4010255,91,0.7976190447807312
1569839046.7734907,92,0.7975046038627625
1569839049.1508,93,0.802731990814209
1569839051.5344474,94,0.7929258346557617
1569839053.9086769,95,0.8112789988517761
1569839056.286698,96,0.7997939586639404
1569839058.665928,97,0.797580897808075
1569839061.045083,98,0.7978861331939697
1569839063.472827,99,0.7946428656578064
1569839065.888839,100,0.7980769276618958
1569839068.2663805,101,0.8054410815238953
1569839070.6475413,102,0.8013965487480164
1569839073.0601678,103,0.795253336429596
1569839075.4559352,104,0.8052884340286255
1569839077.8454974,105,0.798305869102478
1569839080.2335885,106,0.7960546612739563
1569839082.615611,107,0.7968940734863281
1569839085.0104077,108,0.7840735912322998
1569839087.4040148,109,0.7987256050109863
1569839089.7882516,110,0.7982677221298218
1569839092.2255895,111,0.7814026474952698
1569839094.6554756,112,0.8051739931106567
1569839097.0952864,113,0.7884615659713745
1569839099.4760118,114,0.7844169735908508
1569839101.8592014,115,0.8047161102294922
1569839104.2995272,116,0.7907890677452087
1569839106.742374,117,0.7950243949890137
1569839109.1757755,118,0.8044871687889099
1569839111.571553,119,0.8141407370567322
1569839113.9641554,120,0.807883083820343
1569839116.340005,121,0.7859050631523132
1569839118.7192934,122,0.8019307255744934
1569839121.1251044,123,0.795253336429596
1569839123.5097895,124,0.8065476417541504
1569839125.9209816,125,0.7980387806892395
1569839128.3085148,126,0.7926587462425232
1569839130.693525,127,0.7976190447807312
1569839133.075514,128,0.7966651320457458
1569839135.4546452,129,0.8015109896659851
1569839137.8393352,130,0.7884997129440308
1569839140.2476573,131,0.7938797473907471
1569839142.670818,132,0.7950243949890137
1569839145.1135426,133,0.7999847531318665
1569839147.5577016,134,0.8057081699371338
1569839149.9489799,135,0.8070818185806274
1569839152.367286,136,0.8004807829856873
1569839154.8134243,137,0.7963598966598511
1569839157.22432,138,0.7969703674316406
1569839159.6435845,139,0.795444130897522
1569839162.0245275,140,0.8024649024009705
1569839164.4086475,141,0.7942612767219543
1569839166.843499,142,0.8089132905006409
1569839169.2574446,143,0.7970467209815979
1569839171.6751235,144,0.788537859916687
1569839174.112812,145,0.7920482158660889
1569839176.552946,146,0.7909035682678223
1569839178.968121,147,0.8021978139877319
1569839181.3736384,148,0.7852563858032227
1569839183.8203385,149,0.7991452813148499
1569839186.2590299,150,0.8057844638824463
1569839188.6710157,151,0.8017399311065674
1569839191.084754,152,0.7991834282875061
1569839193.4649045,153,0.7923153042793274
1569839195.8976576,154,0.803266167640686
1569839198.3228679,155,0.7920482158660889
1569839200.749092,156,0.8033043146133423
1569839203.1407413,157,0.7851419448852539
1569839205.533965,158,0.8112789988517761
1569839207.929495,159,0.8009768128395081
1569839210.364201,160,0.8022359609603882
1569839212.8016322,161,0.7998702526092529
1569839215.2310472,162,0.8023504018783569
1569839217.6141362,163,0.7989163398742676
1569839220.0175405,164,0.8046016693115234
1569839222.4238157,165,0.8000991940498352
1569839224.8302708,166,0.7960164546966553
1569839227.264376,167,0.8088751435279846
1569839229.6403232,168,0.8038003444671631
1569839232.0305803,169,0.8078067898750305
1569839234.4342017,170,0.8095619678497314
1569839236.8675728,171,0.8091422319412231
1569839239.2515452,172,0.7992216348648071
1569839241.6458693,173,0.8089514374732971
1569839244.0679317,174,0.8029990792274475
1569839246.4824193,175,0.7937652468681335
1569839248.9151561,176,0.7994887232780457
1569839251.3349438,177,0.7992597818374634
1569839253.715899,178,0.8119276762008667
1569839256.0996015,179,0.8000229001045227
1569839258.483437,180,0.8026175498962402
1569839260.8693962,181,0.8002899885177612
1569839263.3117673,182,0.8064712882041931
1569839265.7160568,183,0.8060516119003296
1569839268.1037197,184,0.8064331412315369
1569839270.492224,185,0.8210088610649109
1569839272.9398766,186,0.8004807829856873
1569839275.3720803,187,0.8003281354904175
1569839277.8054612,188,0.8108211159706116
1569839280.1909707,189,0.8087988495826721
1569839282.5796936,190,0.8085699081420898
1569839285.008285,191,0.8084172606468201
1569839287.425257,192,0.805593729019165
1569839289.8076034,193,0.807348906993866
1569839292.2269354,194,0.795444130897522
1569839294.6531377,195,0.8046398162841797
1569839297.0663433,196,0.8113934397697449
1569839299.4667015,197,0.8029990792274475
1569839301.8790655,198,0.7999083995819092
1569839304.2934072,199,0.8044490218162537
