Wall time,Step,Value
1569838826.8681138,0,0.4160403609275818
1569838829.4512637,1,0.4785403609275818
1569838832.021434,2,0.5416419506072998
1569838834.6118057,3,0.5797320008277893
1569838837.169563,4,0.5957772731781006
1569838839.7465878,5,0.6220085024833679
1569838842.3265026,6,0.6320955157279968
1569838844.9028168,7,0.6439131498336792
1569838847.4619477,8,0.6813027262687683
1569838850.0329041,9,0.7044600248336792
1569838852.6010773,10,0.7118522524833679
1569838855.1787903,11,0.7181318998336792
1569838857.7527997,12,0.7485001087188721
1569838860.3271754,13,0.767569899559021
1569838862.9104729,14,0.7710558176040649
1569838865.4797513,15,0.7931912541389465
1569838868.04695,16,0.7819834351539612
1569838870.6270847,17,0.7920292615890503
1569838873.195509,18,0.7921693921089172
1569838875.770206,19,0.7992401719093323
1569838878.3419635,20,0.7995615601539612
1569838880.9197922,21,0.8237901926040649
1569838883.496028,22,0.800773024559021
1569838886.0756376,23,0.7997016906738281
1569838888.6480558,24,0.8102089762687683
1569838891.234613,25,0.7973282337188721
1569838893.8131173,26,0.8124011158943176
1569838896.3869948,27,0.7964464426040649
1569838898.952622,28,0.804679274559021
1569838901.5121312,29,0.8203949332237244
1569838904.0785873,30,0.8106787204742432
1569838906.6463187,31,0.8119313716888428
1569838909.211845,32,0.8116099834442139
1569838911.7772436,33,0.8149558305740356
1569838914.3424037,34,0.8035172820091248
1569838916.9100125,35,0.8212354779243469
1569838919.4899511,36,0.8197438716888428
1569838922.0649984,37,0.8376021981239319
1569838924.6468549,38,0.8218865394592285
1569838927.2170224,39,0.8141646981239319
1569838929.7927585,40,0.8246307969093323
1569838932.3755622,41,0.8236995935440063
1569838934.956071,42,0.8083053231239319
1569838937.5213678,43,0.8266745805740356
1569838940.0880404,44,0.8197438716888428
1569838942.660579,45,0.8262130618095398
1569838945.2425764,46,0.8270948529243469
1569838947.803111,47,0.8044484853744507
1569838950.37137,48,0.835789144039154
1569838952.950539,49,0.8282074332237244
1569838955.5264208,50,0.8297896981239319
1569838958.1113088,51,0.8269547820091248
1569838960.691612,52,0.8130027055740356
1569838963.2707384,53,0.8283969759941101
1569838965.853417,54,0.8243011832237244
1569838968.422087,55,0.8236995935440063
1569838971.022165,56,0.8158870935440063
1569838973.582606,57,0.8423490524291992
1569838976.1616125,58,0.8256032466888428
1569838978.7321737,59,0.8260729908943176
1569838981.3120048,60,0.8395141363143921
1569838983.8811724,61,0.8290892243385315
1569838986.4534967,62,0.815046489238739
1569838989.0248008,63,0.8208152055740356
1569838991.6017115,64,0.8326740264892578
1569838994.1724315,65,0.8145355582237244
1569838996.754828,66,0.8256527185440063
1569838999.3227963,67,0.8166287541389465
1569839001.8833594,68,0.8204443454742432
1569839004.4617283,69,0.8191422820091248
1569839007.0420747,70,0.8202548027038574
1569839009.6194415,71,0.8342563509941101
1569839012.1856441,72,0.8337453603744507
1569839014.7651849,73,0.8284381628036499
1569839017.3256412,74,0.8198427557945251
1569839019.8915482,75,0.8239303231239319
1569839022.471247,76,0.8225376009941101
1569839025.0460448,77,0.833234429359436
1569839027.6015089,78,0.8336052894592285
1569839030.1860938,79,0.8316933512687683
1569839032.7711694,80,0.8259328603744507
1569839035.339713,81,0.8356984853744507
1569839037.9103634,82,0.8243011832237244
1569839040.4720836,83,0.8218865394592285
1569839043.0459564,84,0.8341162204742432
1569839045.615724,85,0.830671489238739
1569839048.1970253,86,0.8289573192596436
1569839050.7897732,87,0.8216063380241394
1569839053.3604603,88,0.818211019039154
1569839055.9514618,89,0.824070394039154
1569839058.5271063,90,0.8191422820091248
1569839061.102279,91,0.8219277262687683
1569839063.6910326,92,0.8244000673294067
1569839066.2801433,93,0.8297896981239319
1569839068.8526592,94,0.8269053101539612
1569839071.4395776,95,0.830671489238739
1569839074.0149949,96,0.7996110320091248
1569839076.586873,97,0.8144860863685608
1569839079.1568859,98,0.8341162204742432
1569839081.7259548,99,0.8173292279243469
1569839084.3062947,100,0.8106787204742432
1569839086.8928268,101,0.8142141103744507
1569839089.4597614,102,0.8287677764892578
1569839092.0413299,103,0.8303501009941101
1569839094.6226728,104,0.8239797353744507
1569839097.2065587,105,0.8221667408943176
1569839099.792772,106,0.801374614238739
1569839102.367549,107,0.8264932632446289
1569839104.9354475,108,0.8167194128036499
1569839107.5177493,109,0.7985891103744507
1569839110.0971684,110,0.8069126009941101
1569839112.681354,111,0.8170902729034424
1569839115.2529912,112,0.8282156586647034
1569839117.8218474,113,0.8153266906738281
1569839120.3918953,114,0.8210047483444214
1569839122.9803557,115,0.8237901926040649
1569839125.5554965,116,0.8077037334442139
1569839128.1268084,117,0.8165380954742432
1569839130.6956272,118,0.8010944128036499
1569839133.265165,119,0.8005834817886353
1569839135.856946,120,0.8163073658943176
1569839138.4315696,121,0.7983995676040649
1569839141.006561,122,0.8205844759941101
1569839143.5895133,123,0.8123928904533386
1569839146.1819592,124,0.8131427764892578
1569839148.7602992,125,0.8216063380241394
1569839151.3370118,126,0.7992319464683533
1569839153.9171379,127,0.8088657259941101
1569839156.495672,128,0.8161178231239319
1569839159.0650373,129,0.8173704743385315
1569839161.6456916,130,0.8131427764892578
1569839164.2239382,131,0.8101183176040649
1569839166.8054934,132,0.8097475171089172
1569839169.3796303,133,0.8030475378036499
1569839171.9617162,134,0.8285370469093323
1569839174.5277507,135,0.821655809879303
1569839177.0920572,136,0.7936115264892578
1569839179.6647549,137,0.8224881291389465
1569839182.2514424,138,0.8014240264892578
1569839184.834875,139,0.8067230582237244
1569839187.3971174,140,0.8203949332237244
1569839189.9711716,141,0.8145355582237244
1569839192.5425348,142,0.8083053231239319
1569839195.1214871,143,0.818351149559021
1569839197.6995142,144,0.8248615264892578
1569839200.2713518,145,0.8139339685440063
1569839202.850296,146,0.8031464219093323
1569839205.4393263,147,0.8109095096588135
1569839208.010862,148,0.8002620935440063
1569839210.5853026,149,0.808766782283783
1569839213.1662755,150,0.8122609853744507
1569839215.7410889,151,0.8101183176040649
1569839218.313157,152,0.8277459144592285
1569839220.9016163,153,0.816257894039154
1569839223.4629042,154,0.8148157596588135
1569839226.0436635,155,0.8120302557945251
1569839228.6263645,156,0.8096568584442139
1569839231.192598,157,0.8140245676040649
1569839233.7633028,158,0.8127719759941101
1569839236.3550127,159,0.8092365264892578
1569839238.9270427,160,0.8133735656738281
1569839241.4961584,161,0.7983501553535461
1569839244.0924902,162,0.8081651926040649
1569839246.680884,163,0.8161178231239319
1569839249.2555878,164,0.8102584481239319
1569839251.832843,165,0.8376516103744507
1569839254.4088912,166,0.8283475041389465
1569839256.9869125,167,0.8191422820091248
1569839259.5703342,168,0.810719907283783
1569839262.1370735,169,0.8226282596588135
1569839264.7098858,170,0.8205844759941101
1569839267.2817957,171,0.8270454406738281
1569839269.860369,172,0.804679274559021
1569839272.4270937,173,0.8216063380241394
1569839275.0138752,174,0.8101183176040649
1569839277.5852227,175,0.8190516233444214
1569839280.1574233,176,0.8147662878036499
1569839282.734693,177,0.8177000880241394
1569839285.3092005,178,0.8219277262687683
1569839287.889604,179,0.8198839426040649
1569839290.459956,180,0.7968173027038574
1569839293.0298107,181,0.8106293082237244
1569839295.6103556,182,0.8155162334442139
1569839298.19847,183,0.8257021307945251
1569839300.8540566,184,0.8143954277038574
1569839303.5093687,185,0.8087255954742432
1569839306.173871,186,0.8228178024291992
1569839308.8690815,187,0.8145355582237244
1569839311.4512458,188,0.8149063587188721
1569839314.0303566,189,0.8149970173835754
1569839316.6198466,190,0.8177000880241394
1569839319.197362,191,0.8156068921089172
1569839321.7758236,192,0.8189115524291992
1569839324.3646774,193,0.8104891777038574
1569839326.95512,194,0.8104891777038574
1569839329.5557213,195,0.8282074332237244
1569839332.1422029,196,0.8069126009941101
1569839334.7929907,197,0.8158870935440063
1569839337.4364438,198,0.8086267113685608
1569839340.0326009,199,0.7998417615890503
