Wall time,Step,Value
1569838826.681218,0,0.3220195472240448
1569838829.091045,1,0.372707337141037
1569838831.4870842,2,0.4456738531589508
1569838833.8919563,3,0.5391247868537903
1569838836.284919,4,0.584579348564148
1569838838.6755645,5,0.6129385828971863
1569838841.0576127,6,0.6012260913848877
1569838843.4601598,7,0.5916566848754883
1569838845.8449254,8,0.6837121248245239
1569838848.2385345,9,0.7098783850669861
1569838850.6244483,10,0.7127691507339478
1569838853.008969,11,0.7500996589660645
1569838855.3814783,12,0.7476574778556824
1569838857.7474368,13,0.7402312755584717
1569838860.128783,14,0.7525418400764465
1569838862.514023,15,0.7744717001914978
1569838864.9130552,16,0.7634569406509399
1569838867.2838068,17,0.7947567701339722
1569838869.6641774,18,0.7783592343330383
1569838872.0424697,19,0.7936104536056519
1569838874.4341471,20,0.7943580746650696
1569838876.8260732,21,0.8067683577537537
1569838879.2188785,22,0.8216208219528198
1569838881.6294878,23,0.8089613318443298
1569838884.0198154,24,0.81329745054245
1569838886.402684,25,0.8221690654754639
1569838888.7695742,26,0.8112041354179382
1569838891.1547701,27,0.8063696026802063
1569838893.5526962,28,0.811951756477356
1569838895.9445705,29,0.8149421811103821
1569838898.329656,30,0.8102073073387146
1569838900.7201517,31,0.8123504519462585
1569838903.0934272,32,0.8233652114868164
1569838905.4841537,33,0.8337320685386658
1569838907.8590097,34,0.829196572303772
1569838910.25387,35,0.8385666012763977
1569838912.6389275,36,0.8417065143585205
1569838915.0288837,37,0.8262061476707458
1569838917.4249587,38,0.8308911323547363
1569838919.804973,39,0.8462918400764465
1569838922.1976671,40,0.8242623805999756
1569838924.5753508,41,0.8405601978302002
1569838926.9476328,42,0.85047847032547
1569838929.3337777,43,0.8259569406509399
1569838931.7046607,44,0.8249601125717163
1569838934.0845912,45,0.8314393758773804
1569838936.4802976,46,0.8566586971282959
1569838938.8650835,47,0.8288477063179016
1569838941.2472103,48,0.8451455235481262
1569838943.620369,49,0.8331339955329895
1569838946.0148818,50,0.8342803120613098
1569838948.3935728,51,0.8411084413528442
1569838950.772945,52,0.8489333987236023
1569838953.148898,53,0.8505781292915344
1569838955.533148,54,0.8455442786216736
1569838957.9113736,55,0.8454943895339966
1569838960.2883685,56,0.8352771401405334
1569838962.64994,57,0.8396132588386536
1569838965.0341094,58,0.8330342769622803
1569838967.3988335,59,0.8538177609443665
1569838969.7804542,60,0.8455442786216736
1569838972.1635783,61,0.8478867411613464
1569838974.5580523,62,0.8366726636886597
1569838976.9503613,63,0.8506280183792114
1569838979.34443,64,0.8568081855773926
1569838981.7411368,65,0.8303428888320923
1569838984.120669,66,0.8466905951499939
1569838986.4973488,67,0.8457934856414795
1569838988.8858075,68,0.8500298857688904
1569838991.2613018,69,0.8342304825782776
1569838993.6398346,70,0.8417065143585205
1569838996.0300875,71,0.8435506224632263
1569838998.412682,72,0.8473384976387024
1569839000.7974792,73,0.814643144607544
1569839003.1885886,74,0.8437001705169678
1569839005.5879588,75,0.8483851552009583
1569839007.96834,76,0.8487839102745056
1569839010.3662221,77,0.836473286151886
1569839012.759357,78,0.8401116132736206
1569839015.1370144,79,0.8520733714103699
1569839017.523023,80,0.839164674282074
1569839019.905635,81,0.8315889239311218
1569839022.273934,82,0.8384668827056885
1569839024.653961,83,0.8298444747924805
1569839027.0281446,84,0.8499302268028259
1569839029.4121025,85,0.8292962312698364
1569839031.7891784,86,0.8337320685386658
1569839034.1679401,87,0.8351774215698242
1569839036.5578275,88,0.8318381309509277
1569839038.9205031,89,0.8346291780471802
1569839041.3040006,90,0.8582037687301636
1569839043.6727006,91,0.8314393758773804
1569839046.0698843,92,0.834579348564148
1569839048.4504406,93,0.8412579894065857
1569839050.829666,94,0.832984447479248
1569839053.2100096,95,0.8451455235481262
1569839055.5952554,96,0.8324860334396362
1569839057.9789438,97,0.8206239938735962
1569839060.3752332,98,0.8375697731971741
1569839062.7685935,99,0.845095694065094
1569839065.162268,100,0.8440490365028381
1569839067.5470297,101,0.8428030014038086
1569839069.9285653,102,0.8163377046585083
1569839072.3155725,103,0.8456937670707703
1569839074.6995418,104,0.8293959498405457
1569839077.0854356,105,0.8259569406509399
1569839079.4730322,106,0.8167364597320557
1569839081.8459575,107,0.8330841064453125
1569839084.2304385,108,0.8315889239311218
1569839086.6090353,109,0.8148923516273499
1569839088.9981933,110,0.8439493775367737
1569839091.3784738,111,0.8428528904914856
1569839093.7647426,112,0.8362739086151123
1569839096.1532009,113,0.8385167717933655
1569839098.52744,114,0.8389154672622681
1569839100.908267,115,0.8316885828971863
1569839103.2896132,116,0.8242623805999756
1569839105.6850555,117,0.8385167717933655
1569839108.0809674,118,0.8326355814933777
1569839110.4593024,119,0.8242124915122986
1569839112.843001,120,0.8237639665603638
1569839115.2249157,121,0.813845694065094
1569839117.601042,122,0.8406599164009094
1569839119.9896731,123,0.8249601125717163
1569839122.3905442,124,0.8257575631141663
1569839124.778361,125,0.8221192359924316
1569839127.1703672,126,0.8352771401405334
1569839129.5596983,127,0.839164674282074
1569839131.9611068,128,0.8499302268028259
1569839134.3541892,129,0.8326355814933777
1569839136.7423491,130,0.8521232008934021
1569839139.1299005,131,0.8255581855773926
1569839141.5221071,132,0.8327352404594421
1569839143.9070117,133,0.8344298005104065
1569839146.290674,134,0.8345295190811157
1569839148.6647682,135,0.8232157230377197
1569839151.067557,136,0.8358253836631775
1569839153.460278,137,0.8369218707084656
1569839155.8620036,138,0.8264055252075195
1569839158.2569978,139,0.8325358629226685
1569839160.6603372,140,0.8346790075302124
1569839163.0585868,141,0.8406599164009094
1569839165.4638643,142,0.8190290927886963
1569839167.8583717,143,0.8434509634971619
1569839170.2689567,144,0.8531200289726257
1569839172.6581938,145,0.8418062329292297
1569839175.0649831,146,0.8341307640075684
1569839177.4633875,147,0.8368221521377563
1569839179.8605673,148,0.829744815826416
1569839182.2485242,149,0.8373703956604004
1569839184.6500592,150,0.8190290927886963
1569839187.032683,151,0.8252093195915222
1569839189.4147582,152,0.8286483287811279
1569839191.7945647,153,0.8379186391830444
1569839194.172453,154,0.84295254945755
1569839196.5655267,155,0.8334828615188599
1569839198.9411054,156,0.8141945600509644
1569839201.3241856,157,0.8439493775367737
1569839203.7050805,158,0.8408592343330383
1569839206.0941546,159,0.8419058918952942
1569839208.4804153,160,0.8264553546905518
1569839210.876914,161,0.8499302268028259
1569839213.2791877,162,0.8319876194000244
1569839215.6684866,163,0.8176335692405701
1569839218.0597236,164,0.8317384123802185
1569839220.438006,165,0.8302432298660278
1569839222.8321838,166,0.8328847885131836
1569839225.2343254,167,0.827053427696228
1569839227.6187022,168,0.8223684430122375
1569839230.004594,169,0.8280004262924194
1569839232.4097173,170,0.8332834839820862
1569839234.8100536,171,0.820574164390564
1569839237.2038867,172,0.8287479877471924
1569839239.592609,173,0.8317384123802185
1569839241.9840703,174,0.8243122100830078
1569839244.3736422,175,0.8190789222717285
1569839246.7635305,176,0.8385167717933655
1569839249.1447644,177,0.8368719816207886
1569839251.5371594,178,0.8247109055519104
1569839253.921937,179,0.8225179314613342
1569839256.303843,180,0.8372707366943359
1569839258.6898015,181,0.8330841064453125
1569839261.0770857,182,0.8181818127632141
1569839263.4675367,183,0.8315889239311218
1569839265.8760753,184,0.8336323499679565
1569839268.2678483,185,0.8227173089981079
1569839270.6572747,186,0.8379685282707214
1569839273.0595481,187,0.8358752131462097
1569839275.44615,188,0.8412081599235535
1569839277.8330934,189,0.8181818127632141
1569839280.218903,190,0.8133472800254822
1569839282.6192589,191,0.8396630883216858
1569839285.0094507,192,0.821670651435852
1569839287.4026773,193,0.8292464017868042
1569839289.7844617,194,0.8228667974472046
1569839292.1608558,195,0.8319377899169922
1569839294.6162217,196,0.8363237380981445
1569839297.0740151,197,0.8298943638801575
1569839299.573365,198,0.8152910470962524
1569839302.0551527,199,0.8085625767707825
