Wall time,Step,Value
1569838826.9858713,0,0.3734374940395355
1569838829.6645458,1,0.31987178325653076
1569838832.287792,2,0.29703524708747864
1569838834.985694,3,0.30240383744239807
1569838837.6392515,4,0.2954326868057251
1569838840.3192194,5,0.2571313977241516
1569838842.9432442,6,0.23830127716064453
1569838845.5788066,7,0.23782050609588623
1569838848.208129,8,0.2490384578704834
1569838850.833575,9,0.2180689126253128
1569838853.4678693,10,0.2433493584394455
1569838856.1584635,11,0.2604967951774597
1569838858.810464,12,0.26077723503112793
1569838861.4495587,13,0.35681089758872986
1569838864.0794253,14,0.4592948853969574
1569838866.7691462,15,0.5332131385803223
1569838869.4811072,16,0.535737156867981
1569838872.1276524,17,0.5582131147384644
1569838874.77918,18,0.5607371926307678
1569838877.403666,19,0.5808092951774597
1569838880.0912066,20,0.6154246926307678
1569838882.7801735,21,0.6401041746139526
1569838885.4331338,22,0.6721153855323792
1569838888.0625257,23,0.6729567050933838
1569838890.6880455,24,0.7041265964508057
1569838893.379381,25,0.699959933757782
1569838896.0436814,26,0.6836137771606445
1569838898.7355049,27,0.684374988079071
1569838901.434759,28,0.7004807591438293
1569838904.0641444,29,0.7085336446762085
1569838906.7747586,30,0.7111378312110901
1569838909.402721,31,0.7100961804389954
1569838912.0333128,32,0.7127804756164551
1569838914.7441502,33,0.7047275900840759
1569838917.4268584,34,0.7225961685180664
1569838920.111289,35,0.7108974456787109
1569838922.800743,36,0.7213141322135925
1569838925.437956,37,0.7134615182876587
1569838928.0685518,38,0.7150240540504456
1569838930.698656,39,0.7114182710647583
1569838933.3840125,40,0.7080929279327393
1569838936.080721,41,0.7251602411270142
1569838938.7181296,42,0.7130609154701233
1569838941.3432536,43,0.7119791507720947
1569838944.0357091,44,0.7296474575996399
1569838946.733525,45,0.7116987109184265
1569838949.4302099,46,0.7205128073692322
1569838952.1165938,47,0.7400240302085876
1569838954.7456381,48,0.7235977649688721
1569838957.3635035,49,0.7176281809806824
1569838959.9925067,50,0.7211138010025024
1569838962.6688392,51,0.7145432829856873
1569838965.348538,52,0.7273637652397156
1569838967.9714825,53,0.7247195243835449
1569838970.5984914,54,0.7352964878082275
1569838973.2186685,55,0.7317708134651184
1569838975.914192,56,0.7324519157409668
1569838978.5943253,57,0.7186698913574219
1569838981.2801433,58,0.722075343132019
1569838983.9642253,59,0.731209933757782
1569838986.5902588,60,0.7306891083717346
1569838989.2180398,61,0.7283253073692322
1569838991.850028,62,0.7387820482254028
1569838994.4820576,63,0.7261618375778198
1569838997.1128623,64,0.7491185665130615
1569838999.7335374,65,0.7268028855323792
1569839002.364663,66,0.7431890964508057
1569839005.0469744,67,0.7434294819831848
1569839007.6827908,68,0.7392628192901611
1569839010.3090096,69,0.7411057949066162
1569839012.9389791,70,0.7532451748847961
1569839015.6236446,71,0.7296474575996399
1569839018.3127544,72,0.7356169819831848
1569839020.9629562,73,0.7294471263885498
1569839023.6485732,74,0.739182710647583
1569839026.312218,75,0.7405849099159241
1569839028.9395132,76,0.7436298131942749
1569839031.573965,77,0.7411458492279053
1569839034.202326,78,0.7336538434028625
1569839036.834311,79,0.7244390845298767
1569839039.4988444,80,0.7306490540504456
1569839042.1331692,81,0.7366586327552795
1569839044.7999265,82,0.7481169700622559
1569839047.473688,83,0.7296474575996399
1569839050.1406376,84,0.7423878312110901
1569839052.7730787,85,0.7259615659713745
1569839055.453197,86,0.743709921836853
1569839058.143295,87,0.7314903736114502
1569839060.8279595,88,0.731049656867981
1569839063.5039103,89,0.7197115421295166
1569839066.1956115,90,0.7379006147384644
1569839068.8692691,91,0.7288060784339905
1569839071.562648,92,0.7407852411270142
1569839074.2414267,93,0.7444310784339905
1569839076.939053,94,0.7379006147384644
1569839079.629807,95,0.7444310784339905
1569839082.2601988,96,0.7332131266593933
1569839084.9773262,97,0.7335336804389954
1569839087.6406512,98,0.7416666746139526
1569839090.2789018,99,0.7369391322135925
1569839092.962891,100,0.7411859035491943
1569839095.602699,101,0.7283253073692322
1569839098.2487981,102,0.7309695482254028
1569839100.9121048,103,0.7307692170143127
1569839103.5436225,104,0.7107371687889099
1569839106.1929295,105,0.7135416865348816
1569839108.8291426,106,0.739022433757782
1569839111.4831145,107,0.7182291746139526
1569839114.119481,108,0.7244390845298767
1569839116.7592568,109,0.7434294819831848
1569839119.4489603,110,0.7312900424003601
1569839122.1383102,111,0.7371794581413269
1569839124.8245547,112,0.7486377954483032
1569839127.4930685,113,0.7410256266593933
1569839130.1254988,114,0.726722776889801
1569839132.7674916,115,0.7304086685180664
1569839135.4455247,116,0.720392644405365
1569839138.0839114,117,0.7498798370361328
1569839140.7805283,118,0.7179887890815735
1569839143.4700701,119,0.7470352649688721
1569839146.1090622,120,0.7528044581413269
1569839148.8107824,121,0.7285256385803223
1569839151.43863,122,0.7558894157409668
1569839154.0629435,123,0.7616186141967773
1569839156.7114549,124,0.7439903616905212
1569839159.404393,125,0.7413461804389954
1569839162.0416915,126,0.7297676205635071
1569839164.7193806,127,0.729567289352417
1569839167.4168413,128,0.7258012890815735
1569839170.1071026,129,0.7518429756164551
1569839172.800385,130,0.7278044819831848
1569839175.483021,131,0.7379807829856873
1569839178.112895,132,0.7443109154701233
1569839180.7992415,133,0.7517227530479431
1569839183.4533558,134,0.7457131147384644
1569839186.1216607,135,0.7353765964508057
1569839188.7481823,136,0.7400640845298767
1569839191.413411,137,0.739022433757782
1569839194.045006,138,0.7322515845298767
1569839196.7165136,139,0.7398637533187866
1569839199.3972876,140,0.7351362109184265
1569839202.0736244,141,0.7291266322135925
1569839204.7783098,142,0.7357372045516968
1569839207.4399307,143,0.7364583611488342
1569839210.132244,144,0.7423878312110901
1569839212.763098,145,0.7483974099159241
1569839215.419952,146,0.7434294819831848
1569839218.0544844,147,0.7356970906257629
1569839220.7385414,148,0.7387820482254028
1569839223.3839474,149,0.7389823794364929
1569839226.116081,150,0.7498798370361328
1569839228.8170085,151,0.7486377954483032
1569839231.509831,152,0.7322916388511658
1569839234.1724472,153,0.7314503192901611
1569839236.853086,154,0.7413862347602844
1569839239.4945126,155,0.7431490421295166
1569839242.1345394,156,0.7336538434028625
1569839244.7715192,157,0.7447115182876587
1569839247.469874,158,0.7507211565971375
1569839250.1761901,159,0.7306490540504456
1569839252.7985842,160,0.745232343673706
1569839255.493096,161,0.7371394038200378
1569839258.1228063,162,0.7364583611488342
1569839260.8261168,163,0.7439503073692322
1569839263.5382535,164,0.7360977530479431
1569839266.2199626,165,0.7363781929016113
1569839268.8537848,166,0.715745210647583
1569839271.550784,167,0.7437900900840759
1569839274.1893322,168,0.7400640845298767
1569839276.84001,169,0.7457532286643982
1569839279.4661965,170,0.7346153855323792
1569839282.1097639,171,0.7300881147384644
1569839284.818527,172,0.7330127954483032
1569839287.4992392,173,0.751682698726654
1569839290.2090223,174,0.7580128312110901
1569839292.9126654,175,0.7428686022758484
1569839295.6223273,176,0.7494791746139526
1569839298.4331753,177,0.7457932829856873
1569839301.2037923,178,0.7423878312110901
1569839304.0211482,179,0.7496394515037537
1569839306.800234,180,0.7304086685180664
1569839309.6457326,181,0.7432291507720947
1569839312.5255911,182,0.7408252954483032
1569839315.4152157,183,0.7308493852615356
1569839318.255996,184,0.739062488079071
1569839321.0501673,185,0.7384214997291565
1569839323.7483296,186,0.7439503073692322
1569839326.4538827,187,0.7522435784339905
1569839329.1924489,188,0.7392227649688721
1569839332.0203407,189,0.7260817289352417
1569839334.7243333,190,0.7241586446762085
1569839337.447822,191,0.7461137771606445
1569839340.2192986,192,0.7479166388511658
1569839343.0628235,193,0.7336538434028625
1569839345.7944877,194,0.7546073794364929
1569839348.5358744,195,0.7395833134651184
1569839351.2469575,196,0.7523237466812134
1569839353.9193144,197,0.732892632484436
1569839356.640312,198,0.7271634340286255
1569839359.340496,199,0.7252804636955261
