Wall time,Step,Value
1569838826.6137967,0,0.3403352200984955
1569838828.999764,1,0.3765820860862732
1569838831.3313885,2,0.40983709692955017
1569838833.6512187,3,0.4635651707649231
1569838835.9816003,4,0.536325216293335
1569838838.3060355,5,0.5421366095542908
1569838840.6300783,6,0.5461779236793518
1569838842.9513152,7,0.6356046199798584
1569838845.2851791,8,0.6385495066642761
1569838847.6145525,9,0.6663690209388733
1569838849.9415646,10,0.686998724937439
1569838852.2612803,11,0.6981046199798584
1569838854.6024933,12,0.695504367351532
1569838856.9398904,13,0.6853539943695068
1569838859.2871997,14,0.669877827167511
1569838861.6370044,15,0.6789630055427551
1569838863.9752417,16,0.6727443337440491
1569838866.3095596,17,0.6827380657196045
1569838868.6541853,18,0.6806861162185669
1569838870.9796207,19,0.6842575073242188
1569838873.2960134,20,0.6911027431488037
1569838875.6269975,21,0.6992638111114502
1569838877.9515896,22,0.6860432624816895
1569838880.2719417,23,0.7002192735671997
1569838882.6003413,24,0.7274122834205627
1569838884.9313464,25,0.7111215591430664
1569838887.2601483,26,0.698229968547821
1569838889.5845163,27,0.701738715171814
1569838891.9057884,28,0.7282424569129944
1569838894.2455907,29,0.7300282120704651
1569838896.5660124,30,0.7105576395988464
1569838898.880638,31,0.7308427095413208
1569838901.1977031,32,0.7174968719482422
1569838903.5241797,33,0.7281798124313354
1569838905.8541412,34,0.728931725025177
1569838908.171413,35,0.7207080125808716
1569838910.4921527,36,0.7354480028152466
1569838912.8192334,37,0.738659143447876
1569838915.1463199,38,0.7314066290855408
1569838917.4668093,39,0.7145519852638245
1569838919.7845917,40,0.7279762029647827
1569838922.1016397,41,0.7407111525535583
1569838924.4265804,42,0.7415257096290588
1569838926.739942,43,0.7356516122817993
1569838929.0570657,44,0.7447525262832642
1569838931.369393,45,0.720363438129425
1569838933.6956546,46,0.7218828201293945
1569838936.0110512,47,0.7255012392997742
1569838938.3315663,48,0.7174185514450073
1569838940.659838,49,0.7350876927375793
1569838942.985938,50,0.7385338544845581
1569838945.321081,51,0.7364035248756409
1569838947.644738,52,0.7296209335327148
1569838949.9632373,53,0.7273496389389038
1569838952.2868202,54,0.7330513596534729
1569838954.6058097,55,0.7411341071128845
1569838956.9313228,56,0.7421522736549377
1569838959.260183,57,0.7381735444068909
1569838961.5798595,58,0.7446115016937256
1569838963.9010735,59,0.7407111525535583
1569838966.2402558,60,0.7480576634407043
1569838968.5714295,61,0.7237155437469482
1569838970.8897417,62,0.7570175528526306
1569838973.2242365,63,0.7418859601020813
1569838975.5448644,64,0.7333803176879883
1569838977.857433,65,0.7512688040733337
1569838980.172128,66,0.7372807264328003
1569838982.4856043,67,0.732424795627594
1569838984.8225148,68,0.7535870671272278
1569838987.1358562,69,0.7548245787620544
1569838989.456061,70,0.7434523701667786
1569838991.7843444,71,0.7458333373069763
1569838994.1044407,72,0.7320175170898438
1569838996.42401,73,0.7481829524040222
1569838998.7342887,74,0.7490601539611816
1569839001.056352,75,0.7327067852020264
1569839003.3712454,76,0.745441734790802
1569839005.6987097,77,0.7468045353889465
1569839008.0221786,78,0.7455826997756958
1569839010.3461554,79,0.7394110560417175
1569839012.6668994,80,0.7490131855010986
1569839014.9825947,81,0.726660430431366
1569839017.3046641,82,0.7472900748252869
1569839019.6307592,83,0.7549028992652893
1569839021.9741483,84,0.7460682988166809
1569839024.2898314,85,0.7381108999252319
1569839026.6142066,86,0.7451597452163696
1569839028.9306836,87,0.7297618985176086
1569839031.2491755,88,0.747775673866272
1569839033.5758083,89,0.7563439607620239
1569839035.9000585,90,0.7408521175384521
1569839038.2341156,91,0.7470081448554993
1569839040.5612707,92,0.7632048726081848
1569839042.8839898,93,0.7474310994148254
1569839045.2158246,94,0.7505168914794922
1569839047.544036,95,0.7364504933357239
1569839049.8660946,96,0.7383145093917847
1569839052.2010658,97,0.7508615255355835
1569839054.5413563,98,0.7451597452163696
1569839056.874242,99,0.746616542339325
1569839059.1944795,100,0.7562656402587891
1569839061.5190215,101,0.7614818215370178
1569839063.8455315,102,0.7439379692077637
1569839066.1794662,103,0.7498276829719543
1569839068.502003,104,0.7501723170280457
1569839070.8296902,105,0.7458646893501282
1569839073.1698558,106,0.7259085178375244
1569839075.5021248,107,0.7465382218360901
1569839077.8315053,108,0.7444078922271729
1569839080.1670961,109,0.7482612729072571
1569839082.4996114,110,0.7517544031143188
1569839084.8345184,111,0.7505168914794922
1569839087.1668231,112,0.7580357193946838
1569839089.485956,113,0.7369517683982849
1569839091.8222058,114,0.7508458495140076
1569839094.1445932,115,0.7548245787620544
1569839096.4748807,116,0.7500313520431519
1569839098.8057961,117,0.7366697788238525
1569839101.136949,118,0.7494204044342041
1569839103.460708,119,0.7380325794219971
1569839105.7903864,120,0.7366697788238525
1569839108.130344,121,0.7557957172393799
1569839110.4643397,122,0.7444862127304077
1569839112.7914076,123,0.7600407004356384
1569839115.1198518,124,0.7372963428497314
1569839117.4457517,125,0.7355263233184814
1569839119.7669382,126,0.7581140398979187
1569839122.0961385,127,0.7339442372322083
1569839124.4172487,128,0.7468201518058777
1569839126.751669,129,0.761403501033783
1569839129.0846574,130,0.7517544031143188
1569839131.4171216,131,0.7538847327232361
1569839133.7511911,132,0.759633481502533
1569839136.0942633,133,0.7600407004356384
1569839138.4213085,134,0.7399592995643616
1569839140.7364728,135,0.7437970042228699
1569839143.069479,136,0.7461935877799988
1569839145.4000335,137,0.759006917476654
1569839147.726212,138,0.7538690567016602
1569839150.0512898,139,0.7588032484054565
1569839152.3801954,140,0.7524279356002808
1569839154.712321,141,0.7405701875686646
1569839157.042656,142,0.7518170475959778
1569839159.3704646,143,0.7618107795715332
1569839161.7015328,144,0.751613438129425
1569839164.0200553,145,0.765303909778595
1569839166.3470323,146,0.7472274303436279
1569839168.679159,147,0.7549028992652893
1569839171.004997,148,0.7565476298332214
1569839173.3343177,149,0.7578477263450623
1569839175.6630325,150,0.7565476298332214
1569839177.9871268,151,0.7622337341308594
1569839180.3143299,152,0.7551848292350769
1569839182.6458845,153,0.7577850818634033
1569839184.9689913,154,0.759006917476654
1569839187.2896407,155,0.757910430431366
1569839189.611289,156,0.7610589265823364
1569839191.9513328,157,0.7618264555931091
1569839194.277079,158,0.7611372470855713
1569839196.607109,159,0.7549655437469482
1569839198.9343495,160,0.7586622834205627
1569839201.2597055,161,0.7438753247261047
1569839203.594667,162,0.756892204284668
1569839205.9415143,163,0.7552474737167358
1569839208.277965,164,0.7559210658073425
1569839210.6013765,165,0.76079261302948
1569839212.926217,166,0.7563283443450928
1569839215.256105,167,0.7470081448554993
1569839217.5914073,168,0.7523652911186218
1569839219.9401765,169,0.7546209096908569
1569839222.2761424,170,0.745989978313446
1569839224.6061482,171,0.7492794394493103
1569839226.9342992,172,0.7585996389389038
1569839229.2672808,173,0.7579887509346008
1569839231.5920885,174,0.7696272134780884
1569839233.9146695,175,0.7548402547836304
1569839236.2379992,176,0.761403501033783
1569839238.5599873,177,0.752224326133728
1569839240.8936162,178,0.7550438642501831
1569839243.2365937,179,0.7602443695068359
1569839245.5813444,180,0.7498903274536133
1569839247.9260986,181,0.7514724135398865
1569839250.2615802,182,0.7520206570625305
1569839252.591421,183,0.7590852379798889
1569839254.9245186,184,0.7581297159194946
1569839257.2570364,185,0.7527255415916443
1569839259.5858521,186,0.7526472210884094
1569839261.9214344,187,0.748386561870575
1569839264.2558382,188,0.7542919516563416
1569839266.599896,189,0.7443609237670898
1569839268.9323883,190,0.7604479789733887
1569839271.2614264,191,0.7416040301322937
1569839273.5958464,192,0.7558427453041077
1569839275.9314253,193,0.7524905800819397
1569839278.2615073,194,0.739818274974823
1569839280.5945473,195,0.7544173002243042
1569839282.9445786,196,0.7439379692077637
1569839285.2728612,197,0.7483395934104919
1569839287.5955658,198,0.7536653876304626
1569839289.9304266,199,0.7495614290237427
