Wall time,Step,Value
1569838826.7072027,0,0.38309523463249207
1569838829.20581,1,0.39198413491249084
1569838831.6920466,2,0.5075595378875732
1569838834.1621072,3,0.5773809552192688
1569838836.6560178,4,0.6619246006011963
1569838839.157358,5,0.7077381014823914
1569838841.6665754,6,0.6994642615318298
1569838844.149236,7,0.7291865348815918
1569838846.637412,8,0.7617658972740173
1569838849.1176715,9,0.754027783870697
1569838851.5961933,10,0.7407936453819275
1569838854.064874,11,0.7639880776405334
1569838856.5505943,12,0.7637896537780762
1569838859.0249252,13,0.7648214101791382
1569838861.5076196,14,0.763452410697937
1569838863.982593,15,0.761388897895813
1569838866.4654193,16,0.7506349086761475
1569838868.9360757,17,0.7579960227012634
1569838871.4028664,18,0.7562103271484375
1569838873.8746703,19,0.7605158686637878
1569838876.3492653,20,0.7675396800041199
1569838878.8309803,21,0.7552777528762817
1569838881.3178432,22,0.7633333206176758
1569838883.8079827,23,0.7523214221000671
1569838886.2902746,24,0.7710912823677063
1569838888.76605,25,0.7633333206176758
1569838891.2451725,26,0.7805356979370117
1569838893.7229013,27,0.7609722018241882
1569838896.2112508,28,0.7595238089561462
1569838898.7022161,29,0.7603968381881714
1569838901.1972952,30,0.7480754256248474
1569838903.6855383,31,0.7543253898620605
1569838906.1678567,32,0.7868055701255798
1569838908.6287496,33,0.7551388740539551
1569838911.0977278,34,0.7663094997406006
1569838913.5681663,35,0.7507143020629883
1569838916.0630686,36,0.774821400642395
1569838918.5473385,37,0.7535714507102966
1569838921.0272815,38,0.7524999976158142
1569838923.4981449,39,0.771309494972229
1569838925.9746087,40,0.7682539820671082
1569838928.4460983,41,0.7648611068725586
1569838930.915302,42,0.7683730125427246
1569838933.3924556,43,0.761805534362793
1569838935.8774698,44,0.7777182459831238
1569838938.365505,45,0.7534920573234558
1569838940.8522534,46,0.773710310459137
1569838943.322084,47,0.7563492059707642
1569838945.8153179,48,0.7770237922668457
1569838948.298552,49,0.7521229982376099
1569838950.7971954,50,0.7697023749351501
1569838953.2733746,51,0.7496031522750854
1569838955.7576468,52,0.7481547594070435
1569838958.2526505,53,0.771309494972229
1569838960.7225354,54,0.7575793862342834
1569838963.195758,55,0.7488690614700317
1569838965.6908982,56,0.7837103009223938
1569838968.1754217,57,0.7741666436195374
1569838970.6704214,58,0.7534920573234558
1569838973.1562731,59,0.7444444298744202
1569838975.6502025,60,0.7498611211776733
1569838978.1198409,61,0.7322817444801331
1569838980.616479,62,0.7508134841918945
1569838983.1055806,63,0.752916693687439
1569838985.5873873,64,0.7610118985176086
1569838988.0564961,65,0.7393452525138855
1569838990.5305855,66,0.7532936334609985
1569838992.9964721,67,0.7596032023429871
1569838995.4775553,68,0.752579391002655
1569838997.958276,69,0.7495635151863098
1569839000.4237525,70,0.7516269683837891
1569839002.9060833,71,0.7578372955322266
1569839005.3914955,72,0.7553174495697021
1569839007.8640227,73,0.745634913444519
1569839010.3351111,74,0.7323214411735535
1569839012.8126438,75,0.7495238184928894
1569839015.3005497,76,0.740674614906311
1569839017.7671897,77,0.758571445941925
1569839020.248312,78,0.758293628692627
1569839022.7308095,79,0.7572619318962097
1569839025.2164373,80,0.735019862651825
1569839027.6964626,81,0.763452410697937
1569839030.190922,82,0.7711507678031921
1569839032.6818068,83,0.7658134698867798
1569839035.167146,84,0.7520039677619934
1569839037.6497715,85,0.7490277886390686
1569839040.1399727,86,0.7545635104179382
1569839042.6231694,87,0.7499404549598694
1569839045.1071932,88,0.7656944394111633
1569839047.599928,89,0.7691666483879089
1569839050.08215,90,0.7574206590652466
1569839052.57535,91,0.7564682364463806
1569839055.072721,92,0.7461706399917603
1569839057.557384,93,0.7569642663002014
1569839060.050545,94,0.7609325647354126
1569839062.517846,95,0.7582341432571411
1569839065.0059233,96,0.751964271068573
1569839067.4797478,97,0.7322420477867126
1569839069.9723833,98,0.7563492059707642
1569839072.4599144,99,0.7711111307144165
1569839074.953896,100,0.7388095259666443
1569839077.438005,101,0.7544841170310974
1569839079.9261293,102,0.7484920620918274
1569839082.4019628,103,0.755476176738739
1569839084.8928568,104,0.7534127235412598
1569839087.379667,105,0.7531150579452515
1569839089.8665066,106,0.7288095355033875
1569839092.3259306,107,0.7412103414535522
1569839094.8249226,108,0.7674206495285034
1569839097.2966182,109,0.7272619009017944
1569839099.7680798,110,0.7391865253448486
1569839102.2472515,111,0.7391468286514282
1569839104.7268598,112,0.7433134913444519
1569839107.205349,113,0.7546428442001343
1569839109.6866179,114,0.755059540271759
1569839112.175922,115,0.7820634841918945
1569839114.6689923,116,0.7662301659584045
1569839117.1558356,117,0.7405952215194702
1569839119.642441,118,0.7553571462631226
1569839122.121581,119,0.7583730220794678
1569839124.6179583,120,0.7738293409347534
1569839127.1050448,121,0.7573412656784058
1569839129.5928552,122,0.7586110830307007
1569839132.0803971,123,0.7615873217582703
1569839134.5586145,124,0.7572619318962097
1569839137.0518975,125,0.7307936549186707
1569839139.5370564,126,0.753333330154419
1569839142.0168848,127,0.7572420835494995
1569839144.4981456,128,0.7752777934074402
1569839146.9915686,129,0.7590277791023254
1569839149.4700532,130,0.7315079569816589
1569839151.9332175,131,0.7335714101791382
1569839154.4318736,132,0.7603174448013306
1569839156.918011,133,0.7612698674201965
1569839159.4079905,134,0.7624602913856506
1569839161.9121614,135,0.7724999785423279
1569839164.4022934,136,0.7618849277496338
1569839166.9066644,137,0.7523611187934875
1569839169.393016,138,0.7621626853942871
1569839171.8787475,139,0.7533730268478394
1569839174.3518202,140,0.7482737898826599
1569839176.8359125,141,0.7717658877372742
1569839179.3166192,142,0.7587896585464478
1569839181.8030932,143,0.7723016142845154
1569839184.2927196,144,0.7644047737121582
1569839186.7807648,145,0.7610118985176086
1569839189.259559,146,0.7662301659584045
1569839191.751936,147,0.748115062713623
1569839194.2408438,148,0.7637500166893005
1569839196.7221143,149,0.7545635104179382
1569839199.2221456,150,0.7569642663002014
1569839201.7170262,151,0.7786309719085693
1569839204.201402,152,0.7579166889190674
1569839206.6998243,153,0.7609722018241882
1569839209.1830034,154,0.758293628692627
1569839211.6818786,155,0.7704365253448486
1569839214.1868393,156,0.7548214197158813
1569839216.695919,157,0.7666270136833191
1569839219.1975222,158,0.7782142758369446
1569839221.6947966,159,0.7548611164093018
1569839224.1753583,160,0.7682539820671082
1569839226.669305,161,0.7646428346633911
1569839229.155382,162,0.7598214149475098
1569839231.6513073,163,0.778253972530365
1569839234.1430972,164,0.7632936239242554
1569839236.636432,165,0.7616865038871765
1569839239.1309335,166,0.7661706209182739
1569839241.6126523,167,0.7850793600082397
1569839244.093506,168,0.758988082408905
1569839246.5821419,169,0.7654761672019958
1569839249.0568583,170,0.7503571510314941
1569839251.5281403,171,0.7539880871772766
1569839254.0229492,172,0.7548214197158813
1569839256.5120587,173,0.7613492012023926
1569839259.0012054,174,0.7460912466049194
1569839261.482962,175,0.7623412609100342
1569839263.9676027,176,0.7589483857154846
1569839266.454916,177,0.7682142853736877
1569839268.9362168,178,0.7618452310562134
1569839271.4263127,179,0.7706547379493713
1569839273.9073396,180,0.7570436596870422
1569839276.4010217,181,0.7457936406135559
1569839278.895986,182,0.7479563355445862
1569839281.3940728,183,0.7530754208564758
1569839283.8896418,184,0.766349196434021
1569839286.3759985,185,0.7455158829689026
1569839288.8742285,186,0.7416666746139526
1569839291.3701348,187,0.7584127187728882
1569839293.8550212,188,0.7441468238830566
1569839296.341568,189,0.748035728931427
1569839298.845708,190,0.7610118985176086
1569839301.3451574,191,0.7590277791023254
1569839303.8391519,192,0.749484121799469
1569839306.3333046,193,0.7678769826889038
1569839308.8455021,194,0.7598611116409302
1569839311.3518412,195,0.7710515856742859
1569839313.8804717,196,0.7589483857154846
1569839316.4596114,197,0.7518055438995361
1569839319.0838141,198,0.7558531761169434
1569839321.7276106,199,0.7595635056495667
