Wall time,Step,Value
1569838826.8719304,0,0.3563936650753021
1569838829.6352835,1,0.440421462059021
1569838832.3697507,2,0.5656130313873291
1569838835.1105433,3,0.5963841080665588
1569838837.8645904,4,0.6395833492279053
1569838840.5953472,5,0.6511015295982361
1569838843.3337994,6,0.6683189868927002
1569838846.071619,7,0.6672174334526062
1569838848.801044,8,0.6453543901443481
1569838851.575887,9,0.6581178307533264
1569838854.3159297,10,0.6846743226051331
1569838857.0503693,11,0.683261513710022
1569838859.8061097,12,0.7000718116760254
1569838862.5448573,13,0.706968367099762
1569838865.2950041,14,0.7034721970558167
1569838868.0312183,15,0.7335488796234131
1569838870.7690084,16,0.7516762614250183
1569838873.5001056,17,0.7578544020652771
1569838876.2355595,18,0.7584770321846008
1569838878.9711883,19,0.7671216726303101
1569838881.7043114,20,0.7679358124732971
1569838884.4437706,21,0.8003113269805908
1569838887.1741564,22,0.7848179936408997
1569838889.9103665,23,0.7863505482673645
1569838892.6656823,24,0.7920498251914978
1569838895.4057932,25,0.8045498132705688
1569838898.1340294,26,0.7953065037727356
1569838900.8632166,27,0.7862787246704102
1569838903.605951,28,0.7863266468048096
1569838906.343734,29,0.7943965792655945
1569838909.0740085,30,0.7916905879974365
1569838911.8011067,31,0.788912832736969
1569838914.5405374,32,0.7996886968612671
1569838917.304997,33,0.8073275685310364
1569838920.033392,34,0.812595784664154
1569838922.7612975,35,0.8040469288825989
1569838925.515118,36,0.8158524632453918
1569838928.2505188,37,0.8111590147018433
1569838931.0438044,38,0.8062739372253418
1569838933.8291934,39,0.8182950019836426
1569838936.6117353,40,0.8187739253044128
1569838939.4082701,41,0.818438708782196
1569838942.1511426,42,0.8112068772315979
1569838944.8981123,43,0.8278017044067383
1569838947.6391292,44,0.8155890703201294
1569838950.3767385,45,0.8009338974952698
1569838953.1130226,46,0.8169061541557312
1569838955.8449028,47,0.8107279539108276
1569838958.5787945,48,0.8223898410797119
1569838961.314192,49,0.8140565156936646
1569838964.051182,50,0.811901330947876
1569838966.7792318,51,0.8128113150596619
1569838969.51508,52,0.8124760389328003
1569838972.2541072,53,0.8212882876396179
1569838975.0008473,54,0.8126676082611084
1569838977.743259,55,0.821767270565033
1569838980.4795213,56,0.8186542391777039
1569838983.2205713,57,0.8169061541557312
1569838986.0057995,58,0.816618800163269
1569838988.739681,59,0.8086446523666382
1569838991.478753,60,0.7967672348022461
1569838994.2388234,61,0.819061279296875
1569838996.9782648,62,0.8123323917388916
1569838999.7004137,63,0.8258620500564575
1569839002.4416518,64,0.8046934604644775
1569839005.2172925,65,0.8178160786628723
1569839007.9555392,66,0.8128113150596619
1569839010.6917763,67,0.8032088279724121
1569839013.4241781,68,0.8084291219711304
1569839016.161019,69,0.8223180174827576
1569839018.8898544,70,0.8174569010734558
1569839021.630656,71,0.8082135915756226
1569839024.399729,72,0.810177206993103
1569839027.1222858,73,0.8168342709541321
1569839029.8603413,74,0.8085727691650391
1569839032.6225696,75,0.8017001748085022
1569839035.4059258,76,0.806561291217804
1569839038.1325605,77,0.8069683909416199
1569839040.8740976,78,0.8259339332580566
1569839043.60495,79,0.8185584545135498
1569839046.3539534,80,0.8250957727432251
1569839049.0949523,81,0.827322781085968
1569839051.8391755,82,0.8075430989265442
1569839054.5891526,83,0.7989224195480347
1569839057.3312511,84,0.8132184147834778
1569839060.0957415,85,0.8189176321029663
1569839062.8358393,86,0.81300288438797
1569839065.574065,87,0.8162835240364075
1569839068.3155205,88,0.8009338974952698
1569839071.046004,89,0.8202346563339233
1569839073.7880192,90,0.8169061541557312
1569839076.538878,91,0.8108956217765808
1569839079.2904787,92,0.8260775804519653
1569839082.105057,93,0.8142001628875732
1569839084.8562262,94,0.8009818196296692
1569839087.6008208,95,0.8264128565788269
1569839090.3406177,96,0.8068965673446655
1569839093.0805883,97,0.8296934962272644
1569839095.8698575,98,0.8117576837539673
1569839098.609899,99,0.8128831386566162
1569839101.3545258,100,0.8251675963401794
1569839104.1010983,101,0.8044061064720154
1569839106.84331,102,0.8232279419898987
1569839109.5845628,103,0.8156608939170837
1569839112.3298748,104,0.8061302900314331
1569839115.0748498,105,0.8113505840301514
1569839117.8330429,106,0.8210009336471558
1569839120.5799448,107,0.8253113031387329
1569839123.3142967,108,0.8204501867294312
1569839126.0505843,109,0.8231561183929443
1569839128.7893775,110,0.8168342709541321
1569839131.5662515,111,0.8151580691337585
1569839134.3134503,112,0.812595784664154
1569839137.0501196,113,0.8162117004394531
1569839139.783517,114,0.8149425387382507
1569839142.5128691,115,0.8203783631324768
1569839145.2632887,116,0.8117576837539673
1569839148.0004487,117,0.8242097496986389
1569839150.765013,118,0.8206417560577393
1569839153.5063553,119,0.8143917918205261
1569839156.2459886,120,0.8169061541557312
1569839158.9915113,121,0.8097461462020874
1569839161.7339528,122,0.8173131942749023
1569839164.488303,123,0.8046216368675232
1569839167.2590942,124,0.8145594000816345
1569839170.000031,125,0.8208572864532471
1569839172.741308,126,0.8182950019836426
1569839175.4749572,127,0.8055076599121094
1569839178.209639,128,0.8262691497802734
1569839180.9512856,129,0.8301005959510803
1569839183.689687,130,0.8216475248336792
1569839186.4330251,131,0.8158046007156372
1569839189.1755357,132,0.8103208541870117
1569839191.9190757,133,0.8172653317451477
1569839194.6607003,134,0.8092672228813171
1569839197.39481,135,0.8056513667106628
1569839200.1304016,136,0.8069683909416199
1569839202.903545,137,0.8099616765975952
1569839205.6453562,138,0.8129549622535706
1569839208.3795216,139,0.8021790981292725
1569839211.1183696,140,0.8143438696861267
1569839213.921549,141,0.8046695590019226
1569839216.6789558,142,0.8223898410797119
1569839219.4296057,143,0.8017720580101013
1569839222.1841407,144,0.8124760389328003
1569839224.9211915,145,0.803232729434967
1569839227.7117193,146,0.817241370677948
1569839230.4487157,147,0.8170498013496399
1569839233.1894896,148,0.8031609058380127
1569839235.9394383,149,0.8165708780288696
1569839238.6988828,150,0.8018438816070557
1569839241.4339359,151,0.8079501986503601
1569839244.1662493,152,0.8060823678970337
1569839246.905801,153,0.8064176440238953
1569839249.6443863,154,0.8051724433898926
1569839252.384863,155,0.7915469408035278
1569839255.1243103,156,0.8008620738983154
1569839257.8631244,157,0.8051005601882935
1569839260.5961545,158,0.7921216487884521
1569839263.3345902,159,0.8096264600753784
1569839266.0773268,160,0.8058668375015259
1569839268.8160276,161,0.8008620738983154
1569839271.5557213,162,0.806058406829834
1569839274.295414,163,0.7874521017074585
1569839277.0206494,164,0.7995449900627136
1569839279.7552257,165,0.8009818196296692
1569839282.5051758,166,0.8045976758003235
1569839285.2450302,167,0.8086446523666382
1569839287.980719,168,0.8042624592781067
1569839290.7139025,169,0.8000239729881287
1569839293.4496374,170,0.8077346682548523
1569839296.1959336,171,0.8070402145385742
1569839298.9258354,172,0.8080220222473145
1569839301.6739986,173,0.8052442669868469
1569839304.4229298,174,0.8050287365913391
1569839307.1699128,175,0.8140565156936646
1569839309.9089699,176,0.8026101589202881
1569839312.6409185,177,0.7987068891525269
1569839315.3852148,178,0.8012691736221313
1569839318.1232548,179,0.7987787127494812
1569839320.8589141,180,0.7923132181167603
1569839323.6033692,181,0.8013409972190857
1569839326.355772,182,0.8071839213371277
1569839329.1056721,183,0.787595808506012
1569839331.8490381,184,0.7862787246704102
1569839334.5955167,185,0.8033046126365662
1569839337.345663,186,0.800718367099762
1569839340.0761623,187,0.7997366189956665
1569839342.8158066,188,0.8118295073509216
1569839345.5636985,189,0.7957136034965515
1569839348.2989519,190,0.8079501986503601
1569839351.0396621,191,0.8040708899497986
1569839353.7759874,192,0.7916905879974365
1569839356.516254,193,0.7969827651977539
1569839359.2557075,194,0.7973898649215698
1569839361.995776,195,0.8078064918518066
1569839364.7416315,196,0.7964080572128296
1569839367.50298,197,0.7979406118392944
1569839370.238066,198,0.7839798927307129
1569839372.9736965,199,0.7978927493095398
