Wall time,Step,Value
1569838827.0354514,0,0.3242895305156708
1569838829.7829385,1,0.3705091178417206
1569838832.485589,2,0.3649944067001343
1569838835.198563,3,0.42308109998703003
1569838837.9748569,4,0.4743732810020447
1569838840.761127,5,0.5130693316459656
1569838843.4722888,6,0.49656397104263306
1569838846.2275114,7,0.5191037058830261
1569838848.9910188,8,0.5699227452278137
1569838851.6983318,9,0.5991173386573792
1569838854.4896855,10,0.6084403991699219
1569838857.2058375,11,0.6035849452018738
1569838859.9509497,12,0.634656548500061
1569838862.6635983,13,0.6118065714836121
1569838865.4309437,14,0.6011261940002441
1569838868.2055645,15,0.5944790840148926
1569838870.952474,16,0.6203462481498718
1569838873.6703594,17,0.6318100094795227
1569838876.3920503,18,0.6307629346847534
1569838879.175594,19,0.6233634352684021
1569838881.9557788,20,0.6618345379829407
1569838884.6757374,21,0.6579874157905579
1569838887.4533894,22,0.6681869029998779
1569838890.2263305,23,0.6720805168151855
1569838893.0109184,24,0.6873138546943665
1569838895.767301,25,0.686786413192749
1569838898.524959,26,0.68875652551651
1569838901.231715,27,0.7151510715484619
1569838903.9295595,28,0.7109472155570984
1569838906.7092779,29,0.7080541253089905
1569838909.4798582,30,0.7085427641868591
1569838912.244569,31,0.7028496265411377
1569838915.0216682,32,0.7112962007522583
1569838917.808479,33,0.7046025395393372
1569838920.521562,34,0.7189128994941711
1569838923.3213985,35,0.7102879285812378
1569838926.06829,36,0.7185638546943665
1569838928.7777832,37,0.7165471911430359
1569838931.5722735,38,0.7232486605644226
1569838934.3061743,39,0.7132197618484497
1569838937.0884209,40,0.7245594263076782
1569838939.8672495,41,0.7115599513053894
1569838942.5836174,42,0.7288951873779297
1569838945.320124,43,0.7294148802757263
1569838948.06993,44,0.7249550223350525
1569838950.833171,45,0.7304231524467468
1569838953.5955758,46,0.7316952347755432
1569838956.3497953,47,0.711645245552063
1569838959.0676217,48,0.7280187606811523
1569838961.7805946,49,0.7345805168151855
1569838964.4950974,50,0.7412354350090027
1569838967.2088814,51,0.7407545447349548
1569838969.9095874,52,0.736155092716217
1569838972.6126273,53,0.7360697388648987
1569838975.38986,54,0.7456099390983582
1569838978.1027257,55,0.7423678040504456
1569838980.8846123,56,0.7327423095703125
1569838983.645889,57,0.7444697618484497
1569838986.4040523,58,0.7378692030906677
1569838989.1119049,59,0.7383500933647156
1569838991.819004,60,0.743507981300354
1569838994.595574,61,0.735720694065094
1569838997.3590505,62,0.7533972263336182
1569839000.1319067,63,0.7436863780021667
1569839002.9038517,64,0.737078070640564
1569839005.6775248,65,0.7439501285552979
1569839008.4449375,66,0.7341461777687073
1569839011.2101514,67,0.7454315423965454
1569839013.9741728,68,0.7332697510719299
1569839016.6921718,69,0.7560731768608093
1569839019.4654474,70,0.7415456771850586
1569839022.2249403,71,0.7476266026496887
1569839024.9965816,72,0.7346270680427551
1569839027.7709067,73,0.7595324516296387
1569839030.5448654,74,0.7437717318534851
1569839033.2552943,75,0.7398315072059631
1569839036.0214465,76,0.7432908415794373
1569839038.7336063,77,0.7387378811836243
1569839041.4496071,78,0.7520011067390442
1569839044.1951451,79,0.7523501515388489
1569839046.9863124,80,0.7387844324111938
1569839049.7258973,81,0.7439501285552979
1569839052.5038712,82,0.754452109336853
1569839055.2185,83,0.7564687132835388
1569839057.9361715,84,0.7314702868461609
1569839060.701999,85,0.7331843972206116
1569839063.4951968,86,0.738916277885437
1569839066.2772062,87,0.7523967027664185
1569839069.0213878,88,0.7481539845466614
1569839071.7906144,89,0.7441672682762146
1569839074.490318,90,0.7370315194129944
1569839077.2594354,91,0.7450437545776367
1569839080.0277033,92,0.7431201934814453
1569839082.769695,93,0.7514814734458923
1569839085.496413,94,0.7365971803665161
1569839088.220913,95,0.7423290610313416
1569839090.947997,96,0.7558094263076782
1569839093.668908,97,0.7569496035575867
1569839096.4085202,98,0.7383423447608948
1569839099.1853538,99,0.7494648098945618
1569839101.970409,100,0.7369849681854248
1569839104.687392,101,0.741499125957489
1569839107.4228091,102,0.7583069801330566
1569839110.1424642,103,0.7428099513053894
1569839112.8621688,104,0.7496354579925537
1569839115.5961154,105,0.7454858422279358
1569839118.2996972,106,0.7523113489151001
1569839121.0047128,107,0.7441207766532898
1569839123.7856066,108,0.739529013633728
1569839126.511456,109,0.7591368556022644
1569839129.2707942,110,0.7418016195297241
1569839132.0033567,111,0.7499457001686096
1569839134.7227073,112,0.7497285604476929
1569839137.4760516,113,0.7335334420204163
1569839140.1888225,114,0.7351933121681213
1569839142.9110866,115,0.7551966905593872
1569839145.681716,116,0.7382569909095764
1569839148.4601843,117,0.7362015843391418
1569839151.241218,118,0.7441672682762146
1569839153.965439,119,0.7438647747039795
1569839156.7343295,120,0.7415456771850586
1569839159.5231025,121,0.7387378811836243
1569839162.2641685,122,0.7505584359169006
1569839164.9962306,123,0.7620687484741211
1569839167.7733607,124,0.7458271384239197
1569839170.5647058,125,0.7528775930404663
1569839173.3350806,126,0.7375589609146118
1569839176.1159074,127,0.7385207414627075
1569839178.8326833,128,0.7415456771850586
1569839181.5481644,129,0.7351467609405518
1569839184.2520044,130,0.737690806388855
1569839186.9764314,131,0.7358990907669067
1569839189.7596595,132,0.7217594385147095
1569839192.4814906,133,0.7465329766273499
1569839195.1987915,134,0.7430736422538757
1569839197.9128003,135,0.7261339426040649
1569839200.628602,136,0.7465717196464539
1569839203.397315,137,0.72779381275177
1569839206.1320696,138,0.733099102973938
1569839208.851857,139,0.7490692734718323
1569839211.5615618,140,0.7334481477737427
1569839214.2857895,141,0.7323932647705078
1569839217.0561755,142,0.7317805290222168
1569839219.7677321,143,0.7419334650039673
1569839222.484076,144,0.7376055121421814
1569839225.197835,145,0.7370315194129944
1569839227.9322805,146,0.7474094033241272
1569839230.7156165,147,0.7281040549278259
1569839233.4910772,148,0.7449584007263184
1569839236.2245872,149,0.7248696684837341
1569839239.004099,150,0.7398780584335327
1569839241.7184303,151,0.7449119091033936
1569839244.434179,152,0.7378614544868469
1569839247.2171082,153,0.7453927993774414
1569839250.0063705,154,0.7415844798088074
1569839252.779869,155,0.7372952103614807
1569839255.5424707,156,0.732525110244751
1569839258.315922,157,0.7408398389816284
1569839261.0963328,158,0.7560266256332397
1569839263.808262,159,0.7358060479164124
1569839266.5591598,160,0.7329207062721252
1569839269.2785764,161,0.731128990650177
1569839272.0585437,162,0.7302060127258301
1569839274.8288863,163,0.7528775930404663
1569839277.5591466,164,0.7419334650039673
1569839280.271563,165,0.7421972155570984
1569839282.9882722,166,0.7470138669013977
1569839285.7540257,167,0.7393118739128113
1569839288.4658942,168,0.7371633648872375
1569839291.1836913,169,0.7552432417869568
1569839293.8957376,170,0.7411035895347595
1569839296.6544952,171,0.7347589135169983
1569839299.45498,172,0.7478437423706055
1569839302.256187,173,0.7590903639793396
1569839305.0459137,174,0.7419800162315369
1569839307.9422612,175,0.7430736422538757
1569839310.7701762,176,0.737690806388855
1569839313.5134904,177,0.7321295738220215
1569839316.2680554,178,0.7562903165817261
1569839319.0491915,179,0.739529013633728
1569839321.7750492,180,0.7288486361503601
1569839324.513695,181,0.7485883831977844
1569839327.2385662,182,0.7373417615890503
1569839330.0360513,183,0.7348442673683167
1569839332.8357,184,0.7467501163482666
1569839335.620291,185,0.7371633648872375
1569839338.4408119,186,0.7328741550445557
1569839341.2923236,187,0.7457883358001709
1569839344.0792062,188,0.7482393383979797
1569839347.0031412,189,0.7620687484741211
1569839349.9150841,190,0.7483246326446533
1569839352.820757,191,0.7234658002853394
1569839355.6350589,192,0.7463545799255371
1569839358.456227,193,0.7505972385406494
1569839361.2847373,194,0.7517839670181274
1569839364.1272855,195,0.7344486713409424
1569839366.9744046,196,0.7418481707572937
1569839369.890726,197,0.7565540671348572
1569839372.6755555,198,0.7311677932739258
1569839375.472974,199,0.7576864361763
