Wall time,Step,Value
1569838826.5482914,0,0.3658088147640228
1569838829.081053,1,0.3345588147640228
1569838831.521897,2,0.5563725233078003
1569838833.9809508,3,0.6078431606292725
1569838836.4088078,4,0.6464460492134094
1569838838.835976,5,0.6697303652763367
1569838841.3177402,6,0.65625
1569838843.785571,7,0.6746323704719543
1569838846.2235608,8,0.6838235259056091
1569838848.676595,9,0.6911764740943909
1569838851.1533046,10,0.6354166865348816
1569838853.5800533,11,0.6305146813392639
1569838856.0406275,12,0.6678921580314636
1569838858.5043957,13,0.7028186321258545
1569838860.9312418,14,0.7077205777168274
1569838863.3908436,15,0.7359068393707275
1569838865.8262053,16,0.7273284196853638
1569838868.245283,17,0.7303921580314636
1569838870.6702483,18,0.748774528503418
1569838873.1329043,19,0.7242646813392639
1569838875.6148963,20,0.7359068393707275
1569838878.1002698,21,0.751225471496582
1569838880.6066232,22,0.7536764740943909
1569838883.071142,23,0.7640931606292725
1569838885.5363061,24,0.7702205777168274
1569838887.9650834,25,0.7444853186607361
1569838890.3897955,26,0.7524510025978088
1569838892.8118799,27,0.749387264251709
1569838895.2914321,28,0.781862735748291
1569838897.7707367,29,0.7855392098426819
1569838900.2711618,30,0.7867646813392639
1569838902.751867,31,0.7751225233078003
1569838905.1778793,32,0.78125
1569838907.6001909,33,0.7781862616539001
1569838910.055418,34,0.7843137383460999
1569838912.503889,35,0.7910539507865906
1569838914.9989266,36,0.7910539507865906
1569838917.4301887,37,0.7977941036224365
1569838919.853466,38,0.8033088445663452
1569838922.2790208,39,0.7861519455909729
1569838924.7166688,40,0.7947303652763367
1569838927.1590183,41,0.7873774766921997
1569838929.5852902,42,0.7977941036224365
1569838932.0314207,43,0.7769607901573181
1569838934.4810393,44,0.7935048937797546
1569838936.9530272,45,0.7873774766921997
1569838939.4444885,46,0.7947303652763367
1569838941.8955193,47,0.8069853186607361
1569838944.3353612,48,0.8069853186607361
1569838946.7585838,49,0.7855392098426819
1569838949.1786444,50,0.7941176295280457
1569838951.605678,51,0.7990196347236633
1569838954.0394223,52,0.8082107901573181
1569838956.5215695,53,0.8125
1569838958.9408379,54,0.7941176295280457
1569838961.3737347,55,0.7935048937797546
1569838963.834447,56,0.8033088445663452
1569838966.2720468,57,0.8094362616539001
1569838968.6948965,58,0.7928921580314636
1569838971.1501975,59,0.8125
1569838973.6100526,60,0.8020833134651184
1569838976.0301023,61,0.8308823704719543
1569838978.4785242,62,0.8039215803146362
1569838980.9299269,63,0.7855392098426819
1569838983.3820834,64,0.7977941036224365
1569838985.8602555,65,0.8075980544090271
1569838988.3341973,66,0.8125
1569838990.7611399,67,0.8045343160629272
1569838993.1958625,68,0.811887264251709
1569838995.6243618,69,0.8051470518112183
1569838998.0499685,70,0.814338207244873
1569839000.47606,71,0.813725471496582
1569839002.9035385,72,0.7965686321258545
1569839005.3929846,73,0.8026960492134094
1569839007.878554,74,0.8149510025978088
1569839010.355096,75,0.8033088445663452
1569839012.8109515,76,0.813725471496582
1569839015.2446966,77,0.811887264251709
1569839017.6715765,78,0.8290441036224365
1569839020.0923498,79,0.8235294222831726
1569839022.56791,80,0.8075980544090271
1569839025.067921,81,0.8069853186607361
1569839027.5108867,82,0.8094362616539001
1569839029.9350579,83,0.811274528503418
1569839032.4149802,84,0.8192402124404907
1569839034.9186943,85,0.811887264251709
1569839037.3768792,86,0.8045343160629272
1569839039.8057826,87,0.8216911554336548
1569839042.2292144,88,0.813725471496582
1569839044.705495,89,0.8155637383460999
1569839047.1568928,90,0.8075980544090271
1569839049.6284072,91,0.814338207244873
1569839052.0641477,92,0.8094362616539001
1569839054.5311408,93,0.8210784196853638
1569839056.9956515,94,0.8020833134651184
1569839059.454809,95,0.8075980544090271
1569839061.8854961,96,0.7849264740943909
1569839064.3152146,97,0.8155637383460999
1569839066.7448773,98,0.8161764740943909
1569839069.1735613,99,0.8075980544090271
1569839071.655313,100,0.8198529481887817
1569839074.1069775,101,0.7916666865348816
1569839076.5882287,102,0.8161764740943909
1569839079.0801342,103,0.8014705777168274
1569839081.5115988,104,0.8020833134651184
1569839083.938154,105,0.8057597875595093
1569839086.3690956,106,0.7990196347236633
1569839088.7921228,107,0.8100489974021912
1569839091.2602305,108,0.8094362616539001
1569839093.721574,109,0.810661792755127
1569839096.2220683,110,0.8088235259056091
1569839098.7114224,111,0.813112735748291
1569839101.1987872,112,0.811274528503418
1569839103.69908,113,0.8204656839370728
1569839106.204271,114,0.8167892098426819
1569839108.6811593,115,0.8155637383460999
1569839111.1220868,116,0.8235294222831726
1569839113.583098,117,0.8100489974021912
1569839116.0311248,118,0.8186274766921997
1569839118.4949644,119,0.8192402124404907
1569839120.9256017,120,0.814338207244873
1569839123.3603642,121,0.8174019455909729
1569839125.8143783,122,0.8192402124404907
1569839128.2432117,123,0.811887264251709
1569839130.6786308,124,0.8241421580314636
1569839133.1053522,125,0.8100489974021912
1569839135.5686226,126,0.7996323704719543
1569839137.9936283,127,0.8075980544090271
1569839140.4159021,128,0.8051470518112183
1569839142.862799,129,0.8057597875595093
1569839145.3203313,130,0.8180146813392639
1569839147.7912471,131,0.813725471496582
1569839150.2637546,132,0.8057597875595093
1569839152.690207,133,0.8180146813392639
1569839155.1457362,134,0.8094362616539001
1569839157.5780458,135,0.8020833134651184
1569839160.0049224,136,0.8069853186607361
1569839162.4381359,137,0.811274528503418
1569839164.8729892,138,0.8094362616539001
1569839167.3104286,139,0.811887264251709
1569839169.76857,140,0.8155637383460999
1569839172.2419796,141,0.814338207244873
1569839174.7136934,142,0.7971813678741455
1569839177.1614141,143,0.8272058963775635
1569839179.5922616,144,0.8094362616539001
1569839182.0208428,145,0.811274528503418
1569839184.450078,146,0.8069853186607361
1569839186.9104002,147,0.8100489974021912
1569839189.3548431,148,0.8051470518112183
1569839191.8235624,149,0.7984068393707275
1569839194.2811098,150,0.7990196347236633
1569839196.7092464,151,0.7953431606292725
1569839199.1685297,152,0.8082107901573181
1569839201.6406822,153,0.8125
1569839204.0844612,154,0.8167892098426819
1569839206.5159304,155,0.8186274766921997
1569839208.9516025,156,0.8161764740943909
1569839211.3762598,157,0.7996323704719543
1569839213.8091693,158,0.813112735748291
1569839216.257779,159,0.8069853186607361
1569839218.6860566,160,0.8033088445663452
1569839221.113584,161,0.8088235259056091
1569839223.5501873,162,0.7971813678741455
1569839226.0122473,163,0.8278186321258545
1569839228.4713466,164,0.8161764740943909
1569839230.899272,165,0.8026960492134094
1569839233.3806198,166,0.8057597875595093
1569839235.8381844,167,0.8063725233078003
1569839238.268226,168,0.810661792755127
1569839240.7194095,169,0.813112735748291
1569839243.2226596,170,0.8075980544090271
1569839245.6958997,171,0.8002451062202454
1569839248.1454651,172,0.8088235259056091
1569839250.5761065,173,0.8174019455909729
1569839253.0151584,174,0.814338207244873
1569839255.4450765,175,0.814338207244873
1569839257.8743038,176,0.7990196347236633
1569839260.3234746,177,0.8082107901573181
1569839262.8082335,178,0.8045343160629272
1569839265.2800474,179,0.7971813678741455
1569839267.728946,180,0.8063725233078003
1569839270.1693223,181,0.8155637383460999
1569839272.6136253,182,0.811274528503418
1569839275.0534892,183,0.8033088445663452
1569839277.5273128,184,0.8069853186607361
1569839279.985253,185,0.8186274766921997
1569839282.4161153,186,0.7959558963775635
1569839284.8511548,187,0.8235294222831726
1569839287.284819,188,0.8045343160629272
1569839289.7121255,189,0.814338207244873
1569839292.1389225,190,0.8039215803146362
1569839294.5722032,191,0.8075980544090271
1569839296.994481,192,0.8204656839370728
1569839299.4144754,193,0.7996323704719543
1569839301.8498144,194,0.8167892098426819
1569839304.3310633,195,0.8020833134651184
1569839306.8211339,196,0.8075980544090271
1569839309.2536793,197,0.7996323704719543
1569839311.724205,198,0.8057597875595093
1569839314.2108912,199,0.7990196347236633
