Wall time,Step,Value
1569838826.5979698,0,0.3658008575439453
1569838829.153285,1,0.4322240352630615
1569838831.628862,2,0.5105248689651489
1569838834.1115532,3,0.5997835397720337
1569838836.5980933,4,0.5916261076927185
1569838839.0809875,5,0.6347267031669617
1569838841.564751,6,0.6332656741142273
1569838844.0354166,7,0.5693046450614929
1569838846.5135899,8,0.6328868865966797
1569838848.9996243,9,0.6512987017631531
1569838851.4829803,10,0.6823458075523376
1569838853.9681375,11,0.6853219866752625
1569838856.5004845,12,0.6951704621315002
1569838859.0293024,13,0.7258522510528564
1569838861.5179307,14,0.7329139709472656
1569838864.0259569,15,0.7435470819473267
1569838866.5443177,16,0.7528274059295654
1569838869.0414956,17,0.7651109099388123
1569838871.5287383,18,0.7671672105789185
1569838874.0120003,19,0.7755275964736938
1569838876.4814901,20,0.7718073725700378
1569838878.961419,21,0.7809118032455444
1569838881.4397154,22,0.7874323725700378
1569838883.9287574,23,0.8022997975349426
1569838886.413602,24,0.7907873392105103
1569838888.9062006,25,0.8060200214385986
1569838891.3858569,26,0.806953489780426
1569838893.8676405,27,0.811228334903717
1569838896.3539333,28,0.7984036803245544
1569838898.8334103,29,0.806953489780426
1569838901.3102891,30,0.795062243938446
1569838903.8283274,31,0.7958062887191772
1569838906.3059225,32,0.8121753334999084
1569838908.7918036,33,0.813095211982727
1569838911.2806983,34,0.8114177584648132
1569838913.756587,35,0.8162743449211121
1569838916.2433758,36,0.818114161491394
1569838918.7262206,37,0.8283278942108154
1569838921.2111883,38,0.8275838494300842
1569838923.6911054,39,0.8136634230613708
1569838926.1821952,40,0.813081681728363
1569838928.673544,41,0.8409902453422546
1569838931.1693687,42,0.8287337422370911
1569838933.6582398,43,0.8253652453422546
1569838936.140629,44,0.8224025964736938
1569838938.6304562,45,0.8266775012016296
1569838941.1085088,46,0.819399356842041
1569838943.6413968,47,0.840056836605072
1569838946.170357,48,0.8337662220001221
1569838948.6644444,49,0.8279626369476318
1569838951.160219,50,0.8391368985176086
1569838953.6862695,51,0.8363365530967712
1569838956.2197232,52,0.8361471891403198
1569838958.7379391,53,0.840611457824707
1569838961.2350876,54,0.8383657932281494
1569838963.76048,55,0.8285308480262756
1569838966.241627,56,0.835037887096405
1569838968.7219646,57,0.8408008813858032
1569838971.1884813,58,0.8402326703071594
1569838973.6658494,59,0.8279626369476318
1569838976.1607118,60,0.8326163291931152
1569838978.6348855,61,0.846929132938385
1569838981.1769004,62,0.8374729156494141
1569838983.6962066,63,0.8434118032455444
1569838986.1975522,64,0.8413690328598022
1569838988.6816962,65,0.8409902453422546
1569838991.1690295,66,0.8441423177719116
1569838993.708407,67,0.8467532396316528
1569838996.247257,68,0.8380140662193298
1569838998.7313707,69,0.8467532396316528
1569839001.2238169,70,0.8367153406143188
1569839003.7256672,71,0.8383928537368774
1569839006.255082,72,0.8445346355438232
1569839008.7258608,73,0.8471184968948364
1569839011.2205396,74,0.859402060508728
1569839013.7019615,75,0.8402326703071594
1569839016.1800637,76,0.8521374464035034
1569839018.650319,77,0.828720211982727
1569839021.134387,78,0.8627570271492004
1569839023.6081285,79,0.8461986184120178
1569839026.0943112,80,0.8629464507102966
1569839028.5675864,81,0.8553165793418884
1569839031.095679,82,0.8452786803245544
1569839033.6578727,83,0.8461986184120178
1569839036.2052433,84,0.8532467484474182
1569839038.7455902,85,0.8504599332809448
1569839041.2799754,86,0.8495400547981262
1569839043.8356512,87,0.8603489995002747
1569839046.3842845,88,0.8449134230613708
1569839048.9061973,89,0.8605113625526428
1569839051.475104,90,0.8454545736312866
1569839054.0262372,91,0.854369580745697
1569839056.5760102,92,0.8441287875175476
1569839059.1470199,93,0.853828489780426
1569839061.6928642,94,0.8528950214385986
1569839064.2402868,95,0.8499188423156738
1569839066.7410436,96,0.8365395069122314
1569839069.2276096,97,0.8558712005615234
1569839071.715825,98,0.8541802167892456
1569839074.2480137,99,0.845075786113739
1569839076.741934,100,0.8439664244651794
1569839079.2253177,101,0.8571699261665344
1569839081.7168,102,0.8545590043067932
1569839084.19918,103,0.8560741543769836
1569839086.6829324,104,0.8761228322982788
1569839089.1914792,105,0.8508387207984924
1569839091.679306,106,0.8528814911842346
1569839094.1794574,107,0.854383111000061
1569839096.6594977,108,0.850662887096405
1569839099.1506884,109,0.8542072772979736
1569839101.6374085,110,0.844331681728363
1569839104.1305106,111,0.8573592901229858
1569839106.614652,112,0.856236457824707
1569839109.0939088,113,0.8450892567634583
1569839111.5783172,114,0.848796010017395
1569839114.0675035,115,0.854383111000061
1569839116.5374577,116,0.8655438423156738
1569839119.027815,117,0.860700786113739
1569839121.520962,118,0.8577245473861694
1569839124.016915,119,0.8569805026054382
1569839126.5664983,120,0.848809540271759
1569839129.115836,121,0.8686959147453308
1569839131.6667702,122,0.846942663192749
1569839134.1899831,123,0.8569940328598022
1569839136.726479,124,0.852529764175415
1569839139.2376053,125,0.8497294187545776
1569839141.7299514,126,0.849364161491394
1569839144.2299347,127,0.8478625416755676
1569839146.714196,128,0.8436011672019958
1569839149.2635028,129,0.8478760719299316
1569839151.7845461,130,0.8588338494300842
1569839154.3322937,131,0.8629329204559326
1569839156.8462284,132,0.8621888756752014
1569839159.3812242,133,0.8508522510528564
1569839161.9009724,134,0.8571699261665344
1569839164.448044,135,0.8629329204559326
1569839166.9445045,136,0.8653544187545776
1569839169.4334512,137,0.8530844449996948
1569839171.937913,138,0.8651650547981262
1569839174.4343467,139,0.8599432110786438
1569839176.9322288,140,0.8501082062721252
1569839179.425771,141,0.8434253334999084
1569839181.9166386,142,0.8421130776405334
1569839184.4465384,143,0.8458198308944702
1569839187.0013738,144,0.8380140662193298
1569839189.5522425,145,0.8463879823684692
1569839192.0622702,146,0.8344967365264893
1569839194.5561886,147,0.850662887096405
1569839197.0823588,148,0.8629329204559326
1569839199.5947561,149,0.8541802167892456
1569839202.080585,150,0.8452651500701904
1569839204.5735166,151,0.8361742496490479
1569839207.0615773,152,0.8540043234825134
1569839209.560857,153,0.8534497022628784
1569839212.0431883,154,0.8510416746139526
1569839214.5347748,155,0.857548713684082
1569839217.0305429,156,0.8592126369476318
1569839219.5047445,157,0.8461986184120178
1569839221.9942918,158,0.846956193447113
1569839224.4752893,159,0.8595778942108154
1569839226.9697826,160,0.8346726298332214
1569839229.45964,161,0.8471320271492004
1569839231.945423,162,0.8554788827896118
1569839234.4821146,163,0.8536525964736938
1569839236.974495,164,0.8592261672019958
1569839239.4593182,165,0.852529764175415
1569839241.9530065,166,0.8229708075523376
1569839244.4434264,167,0.8395021557807922
1569839246.9279337,168,0.8411796689033508
1569839249.4093978,169,0.8547483682632446
1569839251.8960094,170,0.8417342901229858
1569839254.390249,171,0.8471184968948364
1569839256.9263184,172,0.8352272510528564
1569839259.4668229,173,0.8486065864562988
1569839261.9960978,174,0.8367288708686829
1569839264.5158763,175,0.8452786803245544
1569839267.0243032,176,0.8530709147453308
1569839269.5271192,177,0.8337526917457581
1569839272.0008268,178,0.856222927570343
1569839274.4889832,179,0.846929132938385
1569839276.9714274,180,0.8454410433769226
1569839279.4542816,181,0.8413690328598022
1569839281.9492617,182,0.8618236184120178
1569839284.4383614,183,0.8501082062721252
1569839286.93389,184,0.835037887096405
1569839289.4230444,185,0.8430465459823608
1569839291.9108143,186,0.8584821224212646
1569839294.3968546,187,0.8519480228424072
1569839296.9180055,188,0.852502703666687
1569839299.411138,189,0.8545590043067932
1569839301.9117527,190,0.841937243938446
1569839304.4003935,191,0.8415584564208984
1569839306.8895204,192,0.8411796689033508
1569839309.3771718,193,0.8465774059295654
1569839311.8783066,194,0.8517857193946838
1569839314.4321136,195,0.8346996903419495
1569839316.9823513,196,0.8409902453422546
1569839319.5149558,197,0.8545590043067932
1569839322.0877254,198,0.853814959526062
1569839324.615944,199,0.846942663192749
