Wall time,Step,Value
1569838826.6554446,0,0.3689776659011841
1569838829.1387372,1,0.36630672216415405
1569838831.5567424,2,0.5406173467636108
1569838833.9819791,3,0.5761154294013977
1569838836.4274678,4,0.5945640206336975
1569838838.8578403,5,0.6087136268615723
1569838841.288508,6,0.6565170884132385
1569838843.7218397,7,0.6614646911621094
1569838846.142267,8,0.6720467209815979
1569838848.5620859,9,0.7004032135009766
1569838850.9818785,10,0.6972807049751282
1569838853.4022574,11,0.7392717003822327
1569838855.8310485,12,0.7022664546966553
1569838858.245156,13,0.7325180768966675
1569838860.677174,14,0.7260251045227051
1569838863.097561,15,0.7214909195899963
1569838865.5366347,16,0.7387565970420837
1569838867.9627411,17,0.7237421274185181
1569838870.3896444,18,0.7220696210861206
1569838872.827075,19,0.7349282503128052
1569838875.266085,20,0.737211287021637
1569838877.6873684,21,0.7305275797843933
1569838880.1027634,22,0.7435770034790039
1569838882.527606,23,0.7462479472160339
1569838884.962108,24,0.7538983225822449
1569838887.3910015,25,0.7504896521568298
1569838889.8124127,26,0.7375991940498352
1569838892.2323663,27,0.7621909379959106
1569838894.6767175,28,0.7303940057754517
1569838897.1018884,29,0.7503624558448792
1569838899.528904,30,0.7445436716079712
1569838901.9522624,31,0.7439649701118469
1569838904.382636,32,0.7349282503128052
1569838906.8061113,33,0.7460508346557617
1569838909.2381501,34,0.7461843490600586
1569838911.6708934,35,0.7345784902572632
1569838914.097446,36,0.732778787612915
1569838916.531614,37,0.7548649311065674
1569838918.960375,38,0.7363781929016113
1569838921.381724,39,0.7544451951980591
1569838923.8129401,40,0.7572751045227051
1569838926.2659297,41,0.7575294971466064
1569838928.7016,42,0.7538664937019348
1569838931.141431,43,0.7527726888656616
1569838933.5658352,44,0.7557297945022583
1569838935.9878283,45,0.7417773008346558
1569838938.4131634,46,0.7671766877174377
1569838940.8471909,47,0.7730273008346558
1569838943.2767963,48,0.7601686716079712
1569838945.720944,49,0.758337140083313
1569838948.156019,50,0.7575294971466064
1569838950.579816,51,0.7597489356994629
1569838953.010343,52,0.7469538450241089
1569838955.4681711,53,0.7486581802368164
1569838957.9050853,54,0.752321183681488
1569838960.3333814,55,0.7637998461723328
1569838962.7620425,56,0.7649890780448914
1569838965.1929276,57,0.7642831802368164
1569838967.6280344,58,0.7578856348991394
1569838970.0388427,59,0.7556344270706177
1569838972.4752476,60,0.7441239356994629
1569838974.8988194,61,0.7569826245307922
1569838977.317609,62,0.783730149269104
1569838979.7477481,63,0.7655041813850403
1569838982.166617,64,0.7589794397354126
1569838984.5864975,65,0.7483656406402588
1569838987.0112638,66,0.7702609896659851
1569838989.4471414,67,0.7329695820808411
1569838991.870909,68,0.7534149885177612
1569838994.3112283,69,0.7520031929016113
1569838996.745957,70,0.7587504982948303
1569838999.167423,71,0.7580446004867554
1569839001.5979328,72,0.7575294971466064
1569839004.0175982,73,0.7655677795410156
1569839006.4477103,74,0.7523529529571533
1569839008.8760235,75,0.7475643754005432
1569839011.3049088,76,0.7618030309677124
1569839013.7210956,77,0.7632529735565186
1569839016.1614974,78,0.7495230436325073
1569839018.6014,79,0.7607791423797607
1569839021.0367963,80,0.7647664546966553
1569839023.4622712,81,0.7510683536529541
1569839025.8952892,82,0.7437041997909546
1569839028.3204815,83,0.774311900138855
1569839030.7423642,84,0.7439013719558716
1569839033.162338,85,0.7655359506607056
1569839035.6024086,86,0.7568871974945068
1569839038.0283115,87,0.7509729862213135
1569839040.4364283,88,0.7662100791931152
1569839042.857598,89,0.7516152858734131
1569839045.2972891,90,0.7684930562973022
1569839047.7090087,91,0.7474371790885925
1569839050.1371584,92,0.7604230046272278
1569839052.5668273,93,0.7515516877174377
1569839054.99708,94,0.7440285682678223
1569839057.4220176,95,0.7463751435279846
1569839059.847582,96,0.7757936716079712
1569839062.2692962,97,0.7653452157974243
1569839064.6967523,98,0.7638952732086182
1569839067.118274,99,0.7526454925537109
1569839069.5562003,100,0.761357843875885
1569839071.9777877,101,0.7458918690681458
1569839074.403034,102,0.752836287021637
1569839076.8309135,103,0.7625152468681335
1569839079.2491317,104,0.7732880711555481
1569839081.6723244,105,0.7585915327072144
1569839084.1032228,106,0.758718729019165
1569839086.536272,107,0.7540890574455261
1569839088.9733198,108,0.7438377737998962
1569839091.41153,109,0.7661464810371399
1569839093.8411722,110,0.7475325465202332
1569839096.270469,111,0.7655041813850403
1569839098.7002425,112,0.7598761320114136
1569839101.1429517,113,0.7487853765487671
1569839103.5768435,114,0.7429665327072144
1569839106.0075595,115,0.7637680768966675
1569839108.4329062,116,0.7559587359428406
1569839110.8567476,117,0.745923638343811
1569839113.2861648,118,0.7457964420318604
1569839115.721545,119,0.7672402858734131
1569839118.1503344,120,0.7637998461723328
1569839120.5805285,121,0.7383050918579102
1569839123.0080984,122,0.7538983225822449
1569839125.432515,123,0.7580764293670654
1569839127.8605485,124,0.7474689483642578
1569839130.2888293,125,0.7534785866737366
1569839132.7228231,126,0.7513291239738464
1569839135.152342,127,0.7440603375434875
1569839137.5824707,128,0.7531605958938599
1569839140.0003529,129,0.7642831802368164
1569839142.431313,130,0.7540890574455261
1569839144.8816817,131,0.7497202157974243
1569839147.3132095,132,0.7573387026786804
1569839149.7407389,133,0.7515516877174377
1569839152.1723235,134,0.7608745694160461
1569839154.6011264,135,0.7530969977378845
1569839157.0281272,136,0.7429347038269043
1569839159.4521763,137,0.7637680768966675
1569839161.8829355,138,0.7646329402923584
1569839164.3166497,139,0.7456374764442444
1569839166.7532315,140,0.736149251461029
1569839169.1976287,141,0.7660510540008545
1569839171.6484892,142,0.7604548335075378
1569839174.0872555,143,0.7424514293670654
1569839176.5328074,144,0.7644739747047424
1569839178.9774373,145,0.7568871974945068
1569839181.4127064,146,0.7419044971466064
1569839183.8516126,147,0.7550874948501587
1569839186.292148,148,0.7482702732086182
1569839188.7357397,149,0.7458918690681458
1569839191.1821232,150,0.7484992146492004
1569839193.6166773,151,0.7518442273139954
1569839196.0509627,152,0.7454403042793274
1569839198.479138,153,0.742902934551239
1569839200.9125016,154,0.7410396337509155
1569839203.3406656,155,0.7329059839248657
1569839205.7735085,156,0.7456056475639343
1569839208.215741,157,0.7538028955459595
1569839210.6561608,158,0.7415547370910645
1569839213.08672,159,0.758496105670929
1569839215.5205545,160,0.7375674247741699
1569839217.938356,161,0.7413257956504822
1569839220.3623834,162,0.7392717003822327
1569839222.8053823,163,0.7470492720603943
1569839225.247245,164,0.7627696394920349
1569839227.68658,165,0.7523529529571533
1569839230.1320422,166,0.7480158805847168
1569839232.5680485,167,0.7474371790885925
1569839234.9970858,168,0.746279776096344
1569839237.4332762,169,0.7572751045227051
1569839239.8533633,170,0.7530333995819092
1569839242.2807217,171,0.7388520240783691
1569839244.7027733,172,0.7583053708076477
1569839247.1320343,173,0.7536439299583435
1569839249.58264,174,0.7711004018783569
1569839252.015961,175,0.7584643363952637
1569839254.4550343,176,0.7610653042793274
1569839256.8932366,177,0.7520986199378967
1569839259.3228893,178,0.7533196210861206
1569839261.7608392,179,0.7386294007301331
1569839264.2033668,180,0.7505850791931152
1569839266.6433415,181,0.7419363260269165
1569839269.0682557,182,0.7508457899093628
1569839271.4982107,183,0.7470492720603943
1569839273.9396443,184,0.7364100217819214
1569839276.3776083,185,0.7619683742523193
1569839278.81249,186,0.7365372180938721
1569839281.2560582,187,0.7363781929016113
1569839283.6821063,188,0.7605184316635132
1569839286.1183112,189,0.7564674615859985
1569839288.5472925,190,0.7562131285667419
1569839290.9816623,191,0.749491274356842
1569839293.4233692,192,0.755666196346283
1569839295.8593168,193,0.7581081986427307
1569839298.2883801,194,0.7371476888656616
1569839300.7209947,195,0.7497202157974243
1569839303.150714,196,0.759074866771698
1569839305.5830722,197,0.7538028955459595
1569839308.0007088,198,0.7482702732086182
1569839310.4331017,199,0.7514880895614624
