Wall time,Step,Value
1569838826.5130055,0,0.35749998688697815
1569838829.0653017,1,0.43937501311302185
1569838831.4696558,2,0.4596666693687439
1569838833.8660555,3,0.4897916615009308
1569838836.3265443,4,0.5492500066757202
1569838838.7135413,5,0.5684375166893005
1569838841.1034381,6,0.598312497138977
1569838843.4916053,7,0.5996041893959045
1569838845.8919694,8,0.6156666874885559
1569838848.3192778,9,0.6474583148956299
1569838850.7038002,10,0.6408541798591614
1569838853.093876,11,0.6601250171661377
1569838855.4735265,12,0.652916669845581
1569838857.869013,13,0.6519583463668823
1569838860.3118343,14,0.6550833582878113
1569838862.6992128,15,0.6431041955947876
1569838865.1037488,16,0.6527291536331177
1569838867.5088832,17,0.6964166760444641
1569838869.889911,18,0.7055208086967468
1569838872.2933156,19,0.7149999737739563
1569838874.6933572,20,0.6963958144187927
1569838877.113009,21,0.7412083148956299
1569838879.5037785,22,0.7323541641235352
1569838881.8975394,23,0.7229791879653931
1569838884.2979064,24,0.7358333468437195
1569838886.6906636,25,0.7315624952316284
1569838889.1130764,26,0.7449374794960022
1569838891.5036335,27,0.7485833168029785
1569838893.8958247,28,0.7434375286102295
1569838896.2934775,29,0.7505000233650208
1569838898.676784,30,0.7463124990463257
1569838901.0740254,31,0.7335625290870667
1569838903.4719572,32,0.7398124933242798
1569838905.867383,33,0.7438125014305115
1569838908.2632785,34,0.7557083368301392
1569838910.6591887,35,0.749958336353302
1569838913.0336704,36,0.7417291402816772
1569838915.433262,37,0.7551041841506958
1569838917.8201725,38,0.7275000214576721
1569838920.2101147,39,0.7397500276565552
1569838922.5842035,40,0.7440624833106995
1569838924.983729,41,0.7597083449363708
1569838927.3740363,42,0.7623958587646484
1569838929.7738924,43,0.7701249718666077
1569838932.1711943,44,0.7743541598320007
1569838934.5638115,45,0.7585625052452087
1569838936.9533868,46,0.7873125076293945
1569838939.3237143,47,0.7719374895095825
1569838941.7034304,48,0.7781041860580444
1569838944.089749,49,0.7772499918937683
1569838946.4842625,50,0.7801041603088379
1569838948.869065,51,0.7774166464805603
1569838951.2738154,52,0.7645624876022339
1569838953.6620207,53,0.7957291603088379
1569838956.0512843,54,0.7926041483879089
1569838958.431425,55,0.7944375276565552
1569838960.8034453,56,0.7834791541099548
1569838963.1887448,57,0.8026875257492065
1569838965.5798,58,0.7910416722297668
1569838967.9679315,59,0.8033750057220459
1569838970.3897352,60,0.7977291941642761
1569838972.7731152,61,0.7886041402816772
1569838975.168013,62,0.8109166622161865
1569838977.558885,63,0.7798333168029785
1569838979.9436255,64,0.8111041784286499
1569838982.3395567,65,0.7966874837875366
1569838984.7597678,66,0.8149999976158142
1569838987.1425142,67,0.8190000057220459
1569838989.5438244,68,0.8087499737739563
1569838991.9332106,69,0.8026875257492065
1569838994.3186767,70,0.8228124976158142
1569838996.6994147,71,0.7907708287239075
1569838999.0834622,72,0.7969375252723694
1569839001.4693747,73,0.7895625233650208
1569839003.8671637,74,0.7956458330154419
1569839006.2797227,75,0.8079583048820496
1569839008.6682248,76,0.812749981880188
1569839011.1252582,77,0.8035416603088379
1569839013.5179524,78,0.8045833110809326
1569839015.900766,79,0.8190833330154419
1569839018.2660937,80,0.8055416941642761
1569839020.647426,81,0.8046666383743286
1569839023.013703,82,0.8014583587646484
1569839025.4122517,83,0.8136041760444641
1569839027.7980614,84,0.8051875233650208
1569839030.21903,85,0.7937291860580444
1569839032.653263,86,0.809166669845581
1569839035.0354667,87,0.801729142665863
1569839037.4095006,88,0.7872083187103271
1569839039.8116183,89,0.8086666464805603
1569839042.2072737,90,0.7925208210945129
1569839044.6118224,91,0.7881666421890259
1569839047.0040343,92,0.8056250214576721
1569839049.4026618,93,0.8009374737739563
1569839051.7987692,94,0.7976250052452087
1569839054.194018,95,0.7860833406448364
1569839056.579674,96,0.7915624976158142
1569839058.9696684,97,0.7906875014305115
1569839061.359612,98,0.7883541584014893
1569839063.7537239,99,0.8113333582878113
1569839066.1492953,100,0.7963125109672546
1569839068.54407,101,0.8131874799728394
1569839070.937464,102,0.7997291684150696
1569839073.3197882,103,0.7979791760444641
1569839075.7253182,104,0.8153541684150696
1569839078.1420627,105,0.7927708625793457
1569839080.5428238,106,0.8033750057220459
1569839082.9389803,107,0.7989374995231628
1569839085.3435078,108,0.7241874933242798
1569839087.7299883,109,0.785729169845581
1569839090.1889586,110,0.7983333468437195
1569839092.5807881,111,0.7834791541099548
1569839094.9841247,112,0.8201249837875366
1569839097.3727477,113,0.7978125214576721
1569839099.7698288,114,0.8063958287239075
1569839102.169356,115,0.8010208606719971
1569839104.5675037,116,0.7873958349227905
1569839106.9824255,117,0.7940833568572998
1569839109.39279,118,0.7990208268165588
1569839111.7837558,119,0.796500027179718
1569839114.1825979,120,0.7946041822433472
1569839116.564017,121,0.7891250252723694
1569839118.9591858,122,0.7773333191871643
1569839121.3536112,123,0.7758333086967468
1569839123.7398746,124,0.7853958606719971
1569839126.142281,125,0.7864375114440918
1569839128.5338821,126,0.7568958401679993
1569839130.9238281,127,0.7938958406448364
1569839133.3228595,128,0.8006874918937683
1569839135.7241914,129,0.7839999794960022
1569839138.12383,130,0.789395809173584
1569839140.5238872,131,0.7937291860580444
1569839142.9153328,132,0.7825208306312561
1569839145.3231895,133,0.8004166483879089
1569839147.722857,134,0.7898125052452087
1569839150.111575,135,0.8076249957084656
1569839152.5126226,136,0.8000624775886536
1569839154.922376,137,0.797208309173584
1569839157.309567,138,0.7689791917800903
1569839159.703952,139,0.8006666898727417
1569839162.0914836,140,0.7854583263397217
1569839164.484569,141,0.788687527179718
1569839166.8803186,142,0.7945208549499512
1569839169.2923138,143,0.7743541598320007
1569839171.674107,144,0.7527499794960022
1569839174.0737948,145,0.7928541898727417
1569839176.4602382,146,0.7966874837875366
1569839178.871905,147,0.7786041498184204
1569839181.2538373,148,0.7749791741371155
1569839183.6497433,149,0.7837499976158142
1569839186.043932,150,0.8052916526794434
1569839188.433919,151,0.7954583168029785
1569839190.824094,152,0.7817500233650208
1569839193.1997328,153,0.8045833110809326
1569839195.6040452,154,0.7926874756813049
1569839197.9882631,155,0.797124981880188
1569839200.3803525,156,0.7847916483879089
1569839202.7698243,157,0.7760208249092102
1569839205.1664221,158,0.789312481880188
1569839207.5664907,159,0.7926874756813049
1569839209.9632747,160,0.7879166603088379
1569839212.351696,161,0.7915624976158142
1569839214.7476535,162,0.7807083129882812
1569839217.1264892,163,0.7954791784286499
1569839219.5296319,164,0.7896458506584167
1569839221.9136274,165,0.7796666622161865
1569839224.2996063,166,0.7892083525657654
1569839226.6987045,167,0.8019791841506958
1569839229.1037536,168,0.7717708349227905
1569839231.4927788,169,0.7829791903495789
1569839233.8828282,170,0.8020625114440918
1569839236.269768,171,0.7670833468437195
1569839238.6779861,172,0.7796666622161865
1569839241.0719364,173,0.7896458506584167
1569839243.479032,174,0.7813958525657654
1569839245.908811,175,0.7783541679382324
1569839248.30736,176,0.7883333563804626
1569839250.704058,177,0.7909583449363708
1569839253.096715,178,0.7929375171661377
1569839255.5015433,179,0.7985000014305115
1569839257.9128034,180,0.8006874918937683
1569839260.2995353,181,0.7960833311080933
1569839262.6932101,182,0.7908541560173035
1569839265.0841613,183,0.785895824432373
1569839267.4830558,184,0.7932083606719971
1569839269.8924277,185,0.7807708382606506
1569839272.293474,186,0.7848749756813049
1569839274.701577,187,0.7745416760444641
1569839277.0933256,188,0.7737500071525574
1569839279.489656,189,0.7827083468437195
1569839281.8936627,190,0.7906041741371155
1569839284.2995696,191,0.7986875176429749
1569839286.6823647,192,0.7879166603088379
1569839289.0698118,193,0.7807916402816772
1569839291.4817138,194,0.7864375114440918
1569839293.897321,195,0.7741041779518127
1569839296.2818637,196,0.7897291779518127
1569839298.6831324,197,0.7841041684150696
1569839301.07826,198,0.8013749718666077
1569839303.4997227,199,0.7831458449363708
