Wall time,Step,Value
1569838826.5579836,0,0.3230263292789459
1569838829.0788167,1,0.47891995310783386
1569838831.5687823,2,0.515350878238678
1569838834.0278206,3,0.5195449590682983
1569838836.4830656,4,0.5158717036247253
1569838838.9422064,5,0.5670504570007324
1569838841.3829024,6,0.5846765637397766
1569838843.8295784,7,0.5892817974090576
1569838846.2730246,8,0.5950657725334167
1569838848.7094288,9,0.6283442974090576
1569838851.1620283,10,0.6539747714996338
1569838853.5990999,11,0.6648848652839661
1569838856.0591514,12,0.6820723414421082
1569838858.5173945,13,0.6717379093170166
1569838860.9691122,14,0.6878015398979187
1569838863.4030042,15,0.6596765518188477
1569838865.8681102,16,0.6784813404083252
1569838868.359109,17,0.6664473414421082
1569838870.8490553,18,0.6851973533630371
1569838873.342906,19,0.6814967393875122
1569838875.8036351,20,0.6966831088066101
1569838878.2582788,21,0.7081688642501831
1569838880.6933625,22,0.7222861647605896
1569838883.14263,23,0.7060580849647522
1569838885.6137702,24,0.7289473414421082
1569838888.0673819,25,0.73429274559021
1569838890.5288107,26,0.7273300290107727
1569838892.9754055,27,0.7081140279769897
1569838895.4330704,28,0.7321546077728271
1569838897.8829982,29,0.726288378238678
1569838900.3433247,30,0.7347039580345154
1569838902.819117,31,0.7185307145118713
1569838905.3089566,32,0.7560855150222778
1569838907.786793,33,0.7446820139884949
1569838910.2248342,34,0.7342379093170166
1569838912.6718066,35,0.7524670958518982
1569838915.1229641,36,0.7545504570007324
1569838917.5688128,37,0.7581962943077087
1569838920.003636,38,0.7618421316146851
1569838922.4713545,39,0.7535361647605896
1569838924.9390104,40,0.7555646896362305
1569838927.4407659,41,0.754056990146637
1569838929.892725,42,0.7520011067390442
1569838932.3338654,43,0.7446271777153015
1569838934.7842426,44,0.7514254450798035
1569838937.2325025,45,0.7424890398979187
1569838939.6881719,46,0.7393640279769897
1569838942.1289067,47,0.7696546316146851
1569838944.6230109,48,0.7409539222717285
1569838947.0716524,49,0.7572094202041626
1569838949.5284517,50,0.7576754093170166
1569838951.9882283,51,0.7544407844543457
1569838954.4338098,52,0.7404605150222778
1569838956.869262,53,0.7524945139884949
1569838959.3190937,54,0.7450932264328003
1569838961.809244,55,0.7608278393745422
1569838964.3215446,56,0.7618421316146851
1569838966.8036263,57,0.7634320259094238
1569838969.2735605,58,0.7587171196937561
1569838971.7270048,59,0.7425987124443054
1569838974.1876438,60,0.7462719082832336
1569838976.6415179,61,0.7524122595787048
1569838979.0909095,62,0.7565789222717285
1569838981.5432963,63,0.7514528632164001
1569838984.0335743,64,0.7472587823867798
1569838986.467401,65,0.7487664222717285
1569838988.9094126,66,0.7518365979194641
1569838991.3525693,67,0.7284539341926575
1569838993.8034873,68,0.7722039222717285
1569838996.2580419,69,0.758278489112854
1569838998.7273765,70,0.7519736886024475
1569839001.1791828,71,0.7456140518188477
1569839003.6614978,72,0.7571545839309692
1569839006.1077125,73,0.7597861886024475
1569839008.5590112,74,0.7493695020675659
1569839011.0442097,75,0.7577028274536133
1569839013.507282,76,0.7671600580215454
1569839015.9533775,77,0.761869490146637
1569839018.3954859,78,0.7550164461135864
1569839020.853157,79,0.7586622834205627
1569839023.312761,80,0.7545230388641357
1569839025.768598,81,0.7514528632164001
1569839028.2124252,82,0.7618147134780884
1569839030.6719575,83,0.7577576637268066
1569839033.1233757,84,0.7519188523292542
1569839035.56365,85,0.7493420839309692
1569839038.0277562,86,0.7357730269432068
1569839040.4738405,87,0.7581414580345154
1569839042.9374013,88,0.7587719559669495
1569839045.4015994,89,0.7513980269432068
1569839047.8487272,90,0.7367872595787048
1569839050.302625,91,0.7509046196937561
1569839052.7654176,92,0.7509046196937561
1569839055.2294443,93,0.7581962943077087
1569839057.6736476,94,0.7560855150222778
1569839060.1331754,95,0.7632675170898438
1569839062.5874937,96,0.7571545839309692
1569839065.0534635,97,0.7560855150222778
1569839067.5175588,98,0.75773024559021
1569839069.98675,99,0.749725878238678
1569839072.4463224,100,0.7780701518058777
1569839074.9127557,101,0.7624451518058777
1569839077.3723288,102,0.7649396657943726
1569839079.8261726,103,0.7643640637397766
1569839082.2821987,104,0.7623081207275391
1569839084.7429178,105,0.7368420958518982
1569839087.1971724,106,0.7649945020675659
1569839089.6697652,107,0.7566337585449219
1569839092.1206546,108,0.7602521777153015
1569839094.5737154,109,0.7097587585449219
1569839097.0433874,110,0.749808132648468
1569839099.4980185,111,0.7357456088066101
1569839101.9793513,112,0.7770010828971863
1569839104.4374344,113,0.7540022134780884
1569839106.898395,114,0.7352247834205627
1569839109.343098,115,0.7514254450798035
1569839111.798685,116,0.7639528512954712
1569839114.2733557,117,0.7586348652839661
1569839116.728527,118,0.7544956207275391
1569839119.1796033,119,0.7549341917037964
1569839121.6272433,120,0.7665844559669495
1569839124.0895107,121,0.7540022134780884
1569839126.5534034,122,0.7587719559669495
1569839129.0091455,123,0.7503563761711121
1569839131.4535494,124,0.7409539222717285
1569839133.9085138,125,0.761293888092041
1569839136.3729014,126,0.7723135948181152
1569839138.8235955,127,0.761869490146637
1569839141.2718694,128,0.7586897015571594
1569839143.7243526,129,0.7477247714996338
1569839146.1797125,130,0.7555646896362305
1569839148.6491444,131,0.7509594559669495
1569839151.1277974,132,0.7670230269432068
1569839153.5888727,133,0.7566063404083252
1569839156.0572524,134,0.7513980269432068
1569839158.5230377,135,0.7393914461135864
1569839160.988696,136,0.7430372834205627
1569839163.4516792,137,0.7566063404083252
1569839165.917974,138,0.7617872953414917
1569839168.3837295,139,0.762417733669281
1569839170.8422909,140,0.7544956207275391
1569839173.2992826,141,0.7545504570007324
1569839175.7773776,142,0.7654605507850647
1569839178.2472875,143,0.7556469440460205
1569839180.7095454,144,0.7612664699554443
1569839183.1629856,145,0.7670504450798035
1569839185.6326451,146,0.7550164461135864
1569839188.0920272,147,0.7502467036247253
1569839190.5824358,148,0.7497807145118713
1569839193.0416296,149,0.7483004331588745
1569839195.5026488,150,0.7597587704658508
1569839197.9534082,151,0.7577028274536133
1569839200.402337,152,0.7748903632164001
1569839202.857552,153,0.7394462823867798
1569839205.3181498,154,0.7509046196937561
1569839207.783694,155,0.7540844082832336
1569839210.251738,156,0.7676261067390442
1569839212.7053616,157,0.7711896896362305
1569839215.1630404,158,0.754605233669281
1569839217.6116815,159,0.76554274559021
1569839220.069376,160,0.7623629570007324
1569839222.519287,161,0.7571271657943726
1569839224.9971185,162,0.7284539341926575
1569839227.439033,163,0.7639528512954712
1569839229.8983748,164,0.7597861886024475
1569839232.3492134,165,0.7399671077728271
1569839234.858911,166,0.7451205849647522
1569839237.312962,167,0.7483004331588745
1569839239.7632792,168,0.7555372714996338
1569839242.2091038,169,0.7373629212379456
1569839244.6975396,170,0.7665022015571594
1569839247.1507962,171,0.7399122714996338
1569839249.6126277,172,0.7529057264328003
1569839252.056738,173,0.7362938523292542
1569839254.5096786,174,0.7701754570007324
1569839256.9589152,175,0.7441337704658508
1569839259.426875,176,0.7561403512954712
1569839261.8811529,177,0.7467379570007324
1569839264.3392386,178,0.7435032725334167
1569839266.8297071,179,0.7577028274536133
1569839269.3087573,180,0.7680646777153015
1569839271.7731612,181,0.7711896896362305
1569839274.2396882,182,0.7691337466239929
1569839276.7064805,183,0.7660087943077087
1569839279.1531157,184,0.7608552575111389
1569839281.6128159,185,0.7738760709762573
1569839284.0820978,186,0.7539747953414917
1569839286.5433342,187,0.7655153274536133
1569839289.0022435,188,0.7518914341926575
1569839291.4490654,189,0.7539747953414917
1569839293.9433792,190,0.7509046196937561
1569839296.4034202,191,0.7628837823867798
1569839298.863118,192,0.7529605031013489
1569839301.3294687,193,0.7593201994895935
1569839303.7820604,194,0.7415021657943726
1569839306.2581933,195,0.737856388092041
1569839308.7168238,196,0.7670230269432068
1569839311.1732304,197,0.7665296196937561
1569839313.633567,198,0.7566337585449219
1569839316.0926974,199,0.7524122595787048
