Wall time,Step,Value
1569838826.6416156,0,0.44385823607444763
1569838829.0566628,1,0.36174243688583374
1569838831.4398057,2,0.4933035671710968
1569838833.8243394,3,0.5686553120613098
1569838836.2101696,4,0.6258793473243713
1569838838.5688071,5,0.684320867061615
1569838840.9229012,6,0.7247023582458496
1569838843.2815363,7,0.7198322415351868
1569838845.6451986,8,0.7604166865348816
1569838848.0025792,9,0.7371482849121094
1569838850.373661,10,0.7061011791229248
1569838852.745361,11,0.7471590638160706
1569838855.1101398,12,0.7650838494300842
1569838857.4793336,13,0.7614989280700684
1569838859.8424323,14,0.7590638399124146
1569838862.2138371,15,0.7893669009208679
1569838864.5806308,16,0.7926812767982483
1569838866.9449642,17,0.8041125535964966
1569838869.2804809,18,0.78125
1569838871.630876,19,0.7709686160087585
1569838873.984149,20,0.7895697951316833
1569838876.3300908,21,0.7947105169296265
1569838878.6796048,22,0.779964804649353
1569838881.0338223,23,0.7880140542984009
1569838883.3772688,24,0.7650162577629089
1569838885.7242033,25,0.7689393758773804
1569838888.0747635,26,0.7585227489471436
1569838890.4173265,27,0.7771915793418884
1569838892.778293,28,0.7769209742546082
1569838895.1184478,29,0.776176929473877
1569838897.4872823,30,0.7734712958335876
1569838899.8497913,31,0.7639339566230774
1569838902.215079,32,0.7602137327194214
1569838904.5849457,33,0.7612283825874329
1569838906.9420218,34,0.7318046689033508
1569838909.2993772,35,0.742559552192688
1569838911.6679814,36,0.7676542401313782
1569838914.0293794,37,0.7416802048683167
1569838916.400169,38,0.763798713684082
1569838918.7565355,39,0.7507440447807312
1569838921.1028683,40,0.7763798832893372
1569838923.4596717,41,0.7644751071929932
1569838925.8236156,42,0.7545319199562073
1569838928.1694572,43,0.7323457598686218
1569838930.5325065,44,0.7579139471054077
1569838932.9058185,45,0.761904776096344
1569838935.2553606,46,0.7478355169296265
1569838937.6129608,47,0.7575080990791321
1569838939.9545274,48,0.7702245712280273
1569838942.2919767,49,0.7422889471054077
1569838944.6490881,50,0.744926929473877
1569838947.0084417,51,0.7353219985961914
1569838949.3583548,52,0.736268937587738
1569838951.7102985,53,0.7523674368858337
1569838954.0573835,54,0.7117153406143188
1569838956.428513,55,0.7533143758773804
1569838958.7857862,56,0.7351866960525513
1569838961.1381238,57,0.7333604097366333
1569838963.4902537,58,0.7405303120613098
1569838965.8546097,59,0.7527732849121094
1569838968.2042475,60,0.7337662577629089
1569838970.56472,61,0.7345778942108154
1569838972.9250796,62,0.7330222129821777
1569838975.284598,63,0.7420184016227722
1569838977.6294858,64,0.7257170081138611
1569838979.9804854,65,0.7153003215789795
1569838982.35648,66,0.7452651262283325
1569838984.7301319,67,0.7408685088157654
1569838987.0813265,68,0.7183441519737244
1569838989.442368,69,0.7536525726318359
1569838991.806769,70,0.7386363744735718
1569838994.1659386,71,0.7345778942108154
1569838996.5174174,72,0.7116477489471436
1569838998.8727415,73,0.7154356241226196
1569839001.2229555,74,0.7347131967544556
1569839003.5774798,75,0.7323457598686218
1569839005.9297695,76,0.7447240352630615
1569839008.2884424,77,0.7334280014038086
1569839010.6432095,78,0.7299783825874329
1569839013.0082932,79,0.7435741424560547
1569839015.3651614,80,0.7239583134651184
1569839017.7139254,81,0.7305194735527039
1569839020.0600963,82,0.7283549904823303
1569839022.417633,83,0.7245671153068542
1569839024.7897723,84,0.7355248928070068
1569839027.1588175,85,0.7349161505699158
1569839029.5239856,86,0.755614161491394
1569839031.8842819,87,0.7297754287719727
1569839034.242834,88,0.7341721057891846
1569839036.6039584,89,0.7171942591667175
1569839038.965368,90,0.7559523582458496
1569839041.329728,91,0.742559552192688
1569839043.6828663,92,0.736268937587738
1569839046.0488381,93,0.7382305264472961
1569839048.4104881,94,0.7337662577629089
1569839050.776128,95,0.7084686160087585
1569839053.1455462,96,0.7470238208770752
1569839055.5071442,97,0.7388392686843872
1569839057.8785586,98,0.7345778942108154
1569839060.234786,99,0.7451298832893372
1569839062.582888,100,0.7639339566230774
1569839064.943402,101,0.7426947951316833
1569839067.3016264,102,0.748106062412262
1569839069.6616862,103,0.7346455454826355
1569839072.019101,104,0.7318046689033508
1569839074.3699188,105,0.7226055264472961
1569839076.7363539,106,0.7371482849121094
1569839079.1136696,107,0.7529085278511047
1569839081.483897,108,0.726934552192688
1569839083.8325346,109,0.7244994640350342
1569839086.1922135,110,0.7548024654388428
1569839088.5500035,111,0.71875
1569839090.9030833,112,0.7302489280700684
1569839093.2513306,113,0.7546672224998474
1569839095.6094537,114,0.736201286315918
1569839097.965944,115,0.7092803120613098
1569839100.314977,116,0.7363365888595581
1569839102.6825678,117,0.7310606241226196
1569839105.0531235,118,0.7414772510528564
1569839107.4288094,119,0.7387040257453918
1569839109.7908125,120,0.7334280014038086
1569839112.1541493,121,0.7426947951316833
1569839114.5365663,122,0.7093479633331299
1569839116.9172947,123,0.7420860528945923
1569839119.2900722,124,0.741815447807312
1569839121.6442637,125,0.7192911505699158
1569839123.9993784,126,0.7332927584648132
1569839126.3583393,127,0.724364161491394
1569839128.7145038,128,0.7221996784210205
1569839131.0799787,129,0.7383658289909363
1569839133.4343743,130,0.7316017150878906
1569839135.80308,131,0.7472943663597107
1569839138.17696,132,0.727543294429779
1569839140.5272286,133,0.744385838508606
1569839142.8789418,134,0.7303165793418884
1569839145.2294028,135,0.7283549904823303
1569839147.5846238,136,0.7263257503509521
1569839149.9314835,137,0.7551407217979431
1569839152.2939956,138,0.7286931872367859
1569839154.6474388,139,0.7315340638160706
1569839156.9996831,140,0.7336309552192688
1569839159.3608708,141,0.7437770366668701
1569839161.7239294,142,0.7259199023246765
1569839164.0728378,143,0.7447240352630615
1569839166.432811,144,0.7387040257453918
1569839168.7885354,145,0.711918294429779
1569839171.151205,146,0.7352543473243713
1569839173.5049868,147,0.7299783825874329
1569839175.8891895,148,0.739380419254303
1569839178.2497864,149,0.737554132938385
1569839180.6009805,150,0.7388392686843872
1569839182.9691076,151,0.7313988208770752
1569839185.3353906,152,0.7416802048683167
1569839187.6950185,153,0.729369580745697
1569839190.06406,154,0.7561553120613098
1569839192.425011,155,0.7376217246055603
1569839194.7887328,156,0.7497294545173645
1569839197.1448965,157,0.7334280014038086
1569839199.503833,158,0.7451975345611572
1569839201.863213,159,0.7249729633331299
1569839204.2186635,160,0.7403950095176697
1569839206.5756004,161,0.7341044545173645
1569839208.935771,162,0.7128652334213257
1569839211.2929313,163,0.7254464030265808
1569839213.6379952,164,0.7420860528945923
1569839215.999886,165,0.7367424368858337
1569839218.3443232,166,0.7407332062721252
1569839220.6993883,167,0.7336986064910889
1569839223.0642047,168,0.7564258575439453
1569839225.422807,169,0.7188853025436401
1569839227.7759585,170,0.7407332062721252
1569839230.1253002,171,0.7458062767982483
1569839232.488374,172,0.7366071343421936
1569839234.8386002,173,0.7392451167106628
1569839237.1953812,174,0.7379599809646606
1569839239.5553958,175,0.7542613744735718
1569839241.9004905,176,0.7571022510528564
1569839244.2512147,177,0.7265962958335876
1569839246.6122959,178,0.7470914721488953
1569839248.9634097,179,0.7426947951316833
1569839251.3241918,180,0.7458062767982483
1569839253.6947355,181,0.7566964030265808
1569839256.0448928,182,0.7461444735527039
1569839258.394839,183,0.7378923296928406
1569839260.7559173,184,0.7372159361839294
1569839263.124771,185,0.7384334206581116
1569839265.4872766,186,0.7207115888595581
1569839267.8443022,187,0.725581705570221
1569839270.203537,188,0.7387716174125671
1569839272.5533834,189,0.7355925440788269
1569839274.919849,190,0.7410038113594055
1569839277.279812,191,0.7389745712280273
1569839279.6326654,192,0.7502705454826355
1569839281.997529,193,0.7447240352630615
1569839284.368933,194,0.7461444735527039
1569839286.7316883,195,0.7469561696052551
1569839289.0986664,196,0.741274356842041
1569839291.4610112,197,0.7331574559211731
1569839293.8335297,198,0.7411390542984009
1569839296.1980915,199,0.7516233921051025
