Wall time,Step,Value
1569838826.7499733,0,0.23541666567325592
1569838829.4554257,1,0.2447916716337204
1569838832.1391892,2,0.38208332657814026
1569838834.811021,3,0.5523958206176758
1569838837.4917471,4,0.5870833396911621
1569838840.1714387,5,0.6262500286102295
1569838842.8467777,6,0.6569791436195374
1569838845.4972699,7,0.6578124761581421
1569838848.1713753,8,0.6827083230018616
1569838850.842428,9,0.7118750214576721
1569838853.4635277,10,0.6701041460037231
1569838856.0755684,11,0.6848958134651184
1569838858.6910384,12,0.6918749809265137
1569838861.3017273,13,0.6898958086967468
1569838863.9192986,14,0.6969791650772095
1569838866.5378466,15,0.7131249904632568
1569838869.1487734,16,0.7180208563804626
1569838871.7486227,17,0.7319791913032532
1569838874.36831,18,0.7168750166893005
1569838876.9826872,19,0.734375
1569838879.6568556,20,0.7427083253860474
1569838882.265365,21,0.723437488079071
1569838884.8833776,22,0.7442708611488342
1569838887.4976728,23,0.7176041603088379
1569838890.1139953,24,0.7443749904632568
1569838892.7324991,25,0.7506250143051147
1569838895.3868804,26,0.7368749976158142
1569838897.99428,27,0.7496874928474426
1569838900.6626174,28,0.7265625
1569838903.2987733,29,0.7193750143051147
1569838905.9277809,30,0.7357291579246521
1569838908.5428135,31,0.7599999904632568
1569838911.1541138,32,0.7460416555404663
1569838913.7684178,33,0.7578125
1569838916.383047,34,0.7579166889190674
1569838919.0524867,35,0.7588541507720947
1569838921.720866,36,0.7691666483879089
1569838924.4095523,37,0.7577083110809326
1569838927.090673,38,0.7562500238418579
1569838929.7607298,39,0.7379166483879089
1569838932.385749,40,0.7663541436195374
1569838935.067059,41,0.754895806312561
1569838937.737209,42,0.7621874809265137
1569838940.376909,43,0.7761458158493042
1569838942.9969752,44,0.7616666555404663
1569838945.619135,45,0.7717708349227905
1569838948.2330537,46,0.760937511920929
1569838950.8919911,47,0.7631250023841858
1569838953.5169497,48,0.7693750262260437
1569838956.1287673,49,0.7613541483879089
1569838958.7425056,50,0.7637500166893005
1569838961.3567276,51,0.7319791913032532
1569838963.979819,52,0.7473958134651184
1569838966.5912497,53,0.7712500095367432
1569838969.2475,54,0.7568749785423279
1569838971.8738382,55,0.7614583373069763
1569838974.538389,56,0.754687488079071
1569838977.1452274,57,0.7648958563804626
1569838979.7473412,58,0.7660416960716248
1569838982.358562,59,0.7578125
1569838984.9739902,60,0.7726041674613953
1569838987.5840497,61,0.7846875190734863
1569838990.2367105,62,0.7545833587646484
1569838992.8533828,63,0.7694791555404663
1569838995.4827511,64,0.7441666722297668
1569838998.1087635,65,0.7754166722297668
1569839000.715004,66,0.7579166889190674
1569839003.3690197,67,0.7623958587646484
1569839006.030929,68,0.7788541913032532
1569839008.6636426,69,0.778333306312561
1569839011.336916,70,0.7721874713897705
1569839014.0276322,71,0.7785416841506958
1569839016.6971529,72,0.7566666603088379
1569839019.3728106,73,0.7769791483879089
1569839022.0505533,74,0.7643749713897705
1569839024.7404544,75,0.762708306312561
1569839027.4291232,76,0.7657291889190674
1569839030.1186273,77,0.7482291460037231
1569839032.755561,78,0.754687488079071
1569839035.375981,79,0.7511458396911621
1569839038.0570395,80,0.7426041960716248
1569839040.7348142,81,0.7684375047683716
1569839043.3593605,82,0.7771875262260437
1569839045.9873033,83,0.778333306312561
1569839048.6012542,84,0.7693750262260437
1569839051.209167,85,0.7678124904632568
1569839053.8579602,86,0.7718750238418579
1569839056.5054853,87,0.778333306312561
1569839059.1268632,88,0.7569791674613953
1569839061.743019,89,0.7591666579246521
1569839064.3673873,90,0.7518749833106995
1569839066.9821634,91,0.7731249928474426
1569839069.6486044,92,0.7731249928474426
1569839072.266182,93,0.7795833349227905
1569839074.884081,94,0.7568749785423279
1569839077.5032573,95,0.7642708420753479
1569839080.1792347,96,0.7633333206176758
1569839082.802494,97,0.765625
1569839085.4133172,98,0.7534375190734863
1569839088.0539012,99,0.770520806312561
1569839090.6982763,100,0.768958330154419
1569839093.3233635,101,0.7603124976158142
1569839095.9810638,102,0.7653124928474426
1569839098.6554928,103,0.7766666412353516
1569839101.3364108,104,0.7704166769981384
1569839104.0272171,105,0.7785416841506958
1569839106.7100508,106,0.778333306312561
1569839109.395673,107,0.776770830154419
1569839112.0800858,108,0.7696874737739563
1569839114.7805328,109,0.7770833373069763
1569839117.46842,110,0.7672916650772095
1569839120.0867715,111,0.7777083516120911
1569839122.692063,112,0.7637500166893005
1569839125.3354533,113,0.7748958468437195
1569839127.948086,114,0.7667708396911621
1569839130.5575705,115,0.7599999904632568
1569839133.177459,116,0.7630208134651184
1569839135.8032718,117,0.7644791603088379
1569839138.4614677,118,0.7743750214576721
1569839141.1421888,119,0.7717708349227905
1569839143.7645352,120,0.7801041603088379
1569839146.3757024,121,0.7811458110809326
1569839148.990977,122,0.7602083086967468
1569839151.6183577,123,0.7697916626930237
1569839154.2392743,124,0.7741666436195374
1569839156.8629491,125,0.7652083039283752
1569839159.4825099,126,0.77322918176651
1569839162.1492774,127,0.7780208587646484
1569839164.775015,128,0.7707291841506958
1569839167.3970127,129,0.7604166865348816
1569839170.011532,130,0.7669791579246521
1569839172.6232977,131,0.7896875143051147
1569839175.311521,132,0.7616666555404663
1569839177.9437702,133,0.7631250023841858
1569839180.5670612,134,0.7559375166893005
1569839183.2262826,135,0.7792708277702332
1569839185.8721893,136,0.7762500047683716
1569839188.5568082,137,0.7723958492279053
1569839191.2369852,138,0.7801041603088379
1569839193.9281144,139,0.7642708420753479
1569839196.545503,140,0.7738541960716248
1569839199.1643744,141,0.7553125023841858
1569839201.7830865,142,0.7780208587646484
1569839204.411298,143,0.7582291960716248
1569839207.0317292,144,0.7738541960716248
1569839209.7269444,145,0.7716666460037231
1569839212.3456843,146,0.7647916674613953
1569839214.9617355,147,0.7692708373069763
1569839217.5827384,148,0.768750011920929
1569839220.209381,149,0.7595833539962769
1569839222.841598,150,0.7695833444595337
1569839225.492741,151,0.776562511920929
1569839228.1518338,152,0.7834374904632568
1569839230.7673988,153,0.7823958396911621
1569839233.382011,154,0.7772916555404663
1569839236.0027769,155,0.7660416960716248
1569839238.6809745,156,0.7757291793823242
1569839241.29733,157,0.7782291769981384
1569839243.91133,158,0.7653124928474426
1569839246.5278354,159,0.7752083539962769
1569839249.1945817,160,0.7744791507720947
1569839251.8174965,161,0.7795833349227905
1569839254.4710076,162,0.7780208587646484
1569839257.103491,163,0.7865625023841858
1569839259.7893593,164,0.7669791579246521
1569839262.4040773,165,0.7637500166893005
1569839265.0523448,166,0.7646874785423279
1569839267.6909401,167,0.7715625166893005
1569839270.3688834,168,0.760937511920929
1569839273.045057,169,0.7586458325386047
1569839275.7456348,170,0.7661458253860474
1569839278.4367971,171,0.7648958563804626
1569839281.107248,172,0.7595833539962769
1569839283.7947605,173,0.7789583206176758
1569839286.4758065,174,0.7844791412353516
1569839289.1416376,175,0.7759374976158142
1569839291.752634,176,0.7652083039283752
1569839294.4389665,177,0.770104169845581
1569839297.0565557,178,0.791979193687439
1569839299.6871288,179,0.7677083611488342
1569839302.3024552,180,0.7642708420753479
1569839304.9273787,181,0.7617708444595337
1569839307.5536711,182,0.7748958468437195
1569839310.2121577,183,0.7832291722297668
1569839312.8561459,184,0.7645833492279053
1569839315.467365,185,0.7791666388511658
1569839318.0872521,186,0.7829166650772095
1569839320.7242057,187,0.7790625095367432
1569839323.377002,188,0.7626041769981384
1569839325.9876335,189,0.7599999904632568
1569839328.6069784,190,0.7679166793823242
1569839331.2213717,191,0.7543749809265137
1569839333.8473234,192,0.7692708373069763
1569839336.5293086,193,0.7723958492279053
1569839339.209314,194,0.7601041793823242
1569839341.827174,195,0.770104169845581
1569839344.441113,196,0.7509375214576721
1569839347.0541992,197,0.7741666436195374
1569839349.7183511,198,0.7739583253860474
1569839352.3329573,199,0.7558333277702332
