Wall time,Step,Value
1569838826.5249238,0,0.35926011204719543
1569838829.0607102,1,0.35853248834609985
1569838831.5276318,2,0.375612735748291
1569838833.9620204,3,0.4193474352359772
1569838836.4013746,4,0.519646167755127
1569838838.823824,5,0.6072303652763367
1569838841.2652895,6,0.634037971496582
1569838843.6805737,7,0.6199831366539001
1569838846.098211,8,0.653684139251709
1569838848.52519,9,0.666130542755127
1569838850.939819,10,0.6743260025978088
1569838853.355725,11,0.6684666275978088
1569838855.8112164,12,0.6525352597236633
1569838858.2614331,13,0.6785002946853638
1569838860.6777341,14,0.7021293044090271
1569838863.1155648,15,0.7004825472831726
1569838865.5561106,16,0.697993278503418
1569838867.9972649,17,0.707146167755127
1569838870.4578068,18,0.7151501178741455
1569838872.905284,19,0.7338388562202454
1569838875.3498445,20,0.7356770634651184
1569838877.7701898,21,0.7189415097236633
1569838880.1896055,22,0.7296645045280457
1569838882.6281,23,0.7262943983078003
1569838885.0555649,24,0.7146905660629272
1569838887.4662964,25,0.7209329009056091
1569838889.8850226,26,0.7178308963775635
1569838892.296643,27,0.7248391509056091
1569838894.745434,28,0.7290135025978088
1569838897.1614277,29,0.7480085492134094
1569838899.5907824,30,0.7426853775978088
1569838902.0015996,31,0.7413449883460999
1569838904.4171019,32,0.7164139151573181
1569838906.8364062,33,0.7288603186607361
1569838909.310855,34,0.7380131483078003
1569838911.7319708,35,0.733149528503418
1569838914.1551247,36,0.7450597286224365
1569838916.5818598,37,0.755246639251709
1569838919.0238924,38,0.7343366742134094
1569838921.4520535,39,0.7623698115348816
1569838923.872341,40,0.7515318393707275
1569838926.2915468,41,0.752565860748291
1569838928.7440464,42,0.7554764151573181
1569838931.1701715,43,0.7417662143707275
1569838933.591805,44,0.7431831955909729
1569838936.0198846,45,0.7699142098426819
1569838938.453804,46,0.7560125589370728
1569838940.869746,47,0.75390625
1569838943.2882123,48,0.7460171580314636
1569838945.7319589,49,0.7491957545280457
1569838948.1751697,50,0.7795649766921997
1569838950.6395538,51,0.7532551884651184
1569838953.0652258,52,0.7575061321258545
1569838955.5071166,53,0.7457107901573181
1569838957.9540026,54,0.7495787143707275
1569838960.3774521,55,0.7631357312202454
1569838962.7940903,56,0.7566636204719543
1569838965.2498696,57,0.765739917755127
1569838967.6897628,58,0.7817478775978088
1569838970.1091654,59,0.7692631483078003
1569838972.5346267,60,0.7727864384651184
1569838975.001781,61,0.7624846696853638
1569838977.4294312,62,0.7662760615348816
1569838979.8473966,63,0.7631357312202454
1569838982.2866733,64,0.7473958134651184
1569838984.725671,65,0.761833667755127
1569838987.1374886,66,0.7820542454719543
1569838989.5482876,67,0.7651271224021912
1569838991.9859848,68,0.7682291865348816
1569838994.4323783,69,0.7803691625595093
1569838996.8553922,70,0.749387264251709
1569838999.2971628,71,0.7600337266921997
1569839001.7352688,72,0.7485447525978088
1569839004.190965,73,0.782475471496582
1569839006.6108925,74,0.740349292755127
1569839009.0364022,75,0.7856923937797546
1569839011.4990394,76,0.7592294812202454
1569839013.9377017,77,0.7667738795280457
1569839016.3583047,78,0.7768458724021912
1569839018.785415,79,0.7624080777168274
1569839021.2216074,80,0.775275707244873
1569839023.6416936,81,0.777458667755127
1569839026.0581727,82,0.751953125
1569839028.4755073,83,0.7665441036224365
1569839030.9122946,84,0.7796032428741455
1569839033.3271077,85,0.774050235748291
1569839035.7719207,86,0.7578125
1569839038.2215385,87,0.7829733490943909
1569839040.6519625,88,0.7523360848426819
1569839043.0781553,89,0.7712545990943909
1569839045.509538,90,0.7658931016921997
1569839047.95943,91,0.771599292755127
1569839050.3914003,92,0.7732843160629272
1569839052.8120277,93,0.7729779481887817
1569839055.2446246,94,0.7737438678741455
1569839057.6817393,95,0.7898667454719543
1569839060.1156504,96,0.7657781839370728
1569839062.5308669,97,0.7660079598426819
1569839064.9641583,98,0.7743949294090271
1569839067.4181023,99,0.7702971696853638
1569839069.8369684,100,0.7578125
1569839072.2595782,101,0.7572763562202454
1569839074.7160509,102,0.7648590803146362
1569839077.1569047,103,0.798943042755127
1569839079.5909753,104,0.779296875
1569839082.0167365,105,0.7720205187797546
1569839084.4660878,106,0.7647058963775635
1569839086.906741,107,0.7715227007865906
1569839089.337349,108,0.7699142098426819
1569839091.782003,109,0.7678844928741455
1569839094.2373023,110,0.779296875
1569839096.7142675,111,0.7724034786224365
1569839099.182371,112,0.7660462856292725
1569839101.6297896,113,0.7651271224021912
1569839104.085891,114,0.7678079009056091
1569839106.523988,115,0.7787989974021912
1569839108.9670944,116,0.7605315446853638
1569839111.4371312,117,0.7575443983078003
1569839113.8806994,118,0.7630208134651184
1569839116.3076787,119,0.7703354954719543
1569839118.7447965,120,0.7684972286224365
1569839121.189252,121,0.7522212266921997
1569839123.6423101,122,0.7359451651573181
1569839126.075247,123,0.7688801884651184
1569839128.5093539,124,0.785271167755127
1569839130.9300482,125,0.769416332244873
1569839133.357561,126,0.7516850233078003
1569839135.7873406,127,0.7536764740943909
1569839138.2206357,128,0.7674249410629272
1569839140.67105,129,0.7776118516921997
1569839143.110342,130,0.7633271813392639
1569839145.5473378,131,0.7712545990943909
1569839148.0048852,132,0.7727864384651184
1569839150.4270818,133,0.7720205187797546
1569839152.8520482,134,0.7827052474021912
1569839155.2816095,135,0.7580040097236633
1569839157.7064345,136,0.7817861437797546
1569839160.1257155,137,0.7619868516921997
1569839162.556775,138,0.7759267687797546
1569839164.9852269,139,0.7739736437797546
1569839167.4275007,140,0.7872625589370728
1569839169.874131,141,0.7824372053146362
1569839172.299743,142,0.7630208134651184
1569839174.736403,143,0.7825520634651184
1569839177.1901562,144,0.7828201651573181
1569839179.6373243,145,0.7704503536224365
1569839182.0563164,146,0.768190860748291
1569839184.4972463,147,0.7576593160629272
1569839186.9712393,148,0.7575827240943909
1569839189.4008808,149,0.7748927474021912
1569839191.8223526,150,0.7731311321258545
1569839194.2509298,151,0.7664292454719543
1569839196.7038949,152,0.7627527713775635
1569839199.1371245,153,0.7742417454719543
1569839201.576267,154,0.766237735748291
1569839204.0570686,155,0.7796032428741455
1569839206.5050957,156,0.7488127946853638
1569839208.931226,157,0.7738970518112183
1569839211.3464394,158,0.7608762383460999
1569839213.7882981,159,0.7628676295280457
1569839216.2226682,160,0.7700673937797546
1569839218.6452534,161,0.7693780660629272
1569839221.0643573,162,0.778569221496582
1569839223.5097218,163,0.7555912733078003
1569839225.957026,164,0.7758119106292725
1569839228.3751752,165,0.7753522992134094
1569839230.7981312,166,0.7712545990943909
1569839233.216518,167,0.7644761204719543
1569839235.6652489,168,0.7528722286224365
1569839238.0971887,169,0.7658547759056091
1569839240.5214722,170,0.765510082244873
1569839242.9459422,171,0.7732077240943909
1569839245.4018793,172,0.7678462266921997
1569839247.8268266,173,0.7625229954719543
1569839250.2750828,174,0.7483149766921997
1569839252.7166796,175,0.7682291865348816
1569839255.1376483,176,0.7700673937797546
1569839257.5717773,177,0.775275707244873
1569839260.0178618,178,0.7790670990943909
1569839262.4649262,179,0.7732077240943909
1569839264.8935854,180,0.7681142687797546
1569839267.3153503,181,0.7812883257865906
1569839269.7881649,182,0.7927006483078003
1569839272.2253115,183,0.7829733490943909
1569839274.667324,184,0.7768458724021912
1569839277.1109388,185,0.7751225233078003
1569839279.5662112,186,0.7732459902763367
1569839282.0234182,187,0.7588465213775635
1569839284.459196,188,0.7729779481887817
1569839286.9008904,189,0.7889859080314636
1569839289.3213944,190,0.755974292755127
1569839291.7413623,191,0.7691865563392639
1569839294.1783383,192,0.7621017098426819
1569839296.6052651,193,0.773552417755127
1569839299.0891678,194,0.7829350233078003
1569839301.5080404,195,0.766965389251709
1569839303.9348469,196,0.7560125589370728
1569839306.3782134,197,0.7716375589370728
1569839308.803929,198,0.7958409786224365
1569839311.2347825,199,0.7746247053146362
