Wall time,Step,Value
1569838826.813812,0,0.35003361105918884
1569838829.4675543,1,0.36300402879714966
1569838832.112278,2,0.4024529457092285
1569838834.772639,3,0.44445565342903137
1569838837.333096,4,0.3750840127468109
1569838839.892815,5,0.4234710931777954
1569838842.4820318,6,0.4723454415798187
1569838845.0838199,7,0.5149193406105042
1569838847.7231321,8,0.5415322780609131
1569838850.3684838,9,0.5475806593894958
1569838852.977103,10,0.5783770084381104
1569838855.56709,11,0.5689347982406616
1569838858.2084563,12,0.6458501219749451
1569838860.77968,13,0.6343414187431335
1569838863.4211957,14,0.727049708366394
1569838866.0092845,15,0.7328796982765198
1569838868.647273,16,0.7398857474327087
1569838871.2429829,17,0.7159274220466614
1569838873.8203468,18,0.7428259253501892
1569838876.4380717,19,0.7337365746498108
1569838878.9974122,20,0.7410282492637634
1569838881.5626247,21,0.7666498422622681
1569838884.1383448,22,0.7549563050270081
1569838886.7933822,23,0.7258232235908508
1569838889.4161828,24,0.7607190608978271
1569838891.984735,25,0.7519657015800476
1569838894.5604186,26,0.7499327659606934
1569838897.1926446,27,0.7362399101257324
1569838899.8435118,28,0.7240759134292603
1569838902.4082246,29,0.7402217984199524
1569838905.0486104,30,0.7703797221183777
1569838907.6921804,31,0.7386088967323303
1569838910.357819,32,0.7729838490486145
1569838912.9327364,33,0.7827453017234802
1569838915.5063422,34,0.7514448761940002
1569838918.068717,35,0.7801411151885986
1569838920.7221432,36,0.7648017406463623
1569838923.369069,37,0.7809979915618896
1569838926.0356266,38,0.7866263389587402
1569838928.682488,39,0.8045699000358582
1569838931.343147,40,0.7917506694793701
1569838933.9888885,41,0.7817036509513855
1569838936.5902426,42,0.7613911032676697
1569838939.2261186,43,0.8025873899459839
1569838941.8423321,44,0.7895161509513855
1569838944.4249024,45,0.7839717864990234
1569838947.0920813,46,0.8131384253501892
1569838949.6636953,47,0.7948252558708191
1569838952.290635,48,0.7913138270378113
1569838954.8876793,49,0.8213373422622681
1569838957.5345838,50,0.7738407254219055
1569838960.180362,51,0.8024025559425354
1569838962.8273714,52,0.7910282015800476
1569838965.441329,53,0.7997480034828186
1569838968.0731268,54,0.8014953136444092
1569838970.7030005,55,0.8296707272529602
1569838973.332918,56,0.8012600541114807
1569838975.928416,57,0.8132392764091492
1569838978.5291672,58,0.8062835931777954
1569838981.171319,59,0.804149866104126
1569838983.8071291,60,0.8176243305206299
1569838986.4282858,61,0.7969422340393066
1569838989.0846107,62,0.7984710931777954
1569838991.652719,63,0.8237903118133545
1569838994.2283185,64,0.7920699119567871
1569838996.8935835,65,0.8012600541114807
1569838999.547004,66,0.8227150440216064
1569839002.1820025,67,0.819774866104126
1569839004.834378,68,0.8152385950088501
1569839007.4839299,69,0.8023017644882202
1569839010.0523891,70,0.8059979677200317
1569839012.679079,71,0.7800907492637634
1569839015.3258512,72,0.8095934391021729
1569839017.970248,73,0.7897009253501892
1569839020.5572495,74,0.8074596524238586
1569839023.1229606,75,0.8094590306282043
1569839025.6829567,76,0.8289146423339844
1569839028.312079,77,0.8077452778816223
1569839030.9530597,78,0.7951948642730713
1569839033.5905464,79,0.8031921982765198
1569839036.2143648,80,0.8167338967323303
1569839038.861223,81,0.8286290168762207
1569839041.4173205,82,0.7972782254219055
1569839044.083418,83,0.8142305016517639
1569839046.6626143,84,0.8096438050270081
1569839049.2270827,85,0.7828965187072754
1569839051.8453176,86,0.8113911151885986
1569839054.4923012,87,0.8073252439498901
1569839057.0674424,88,0.8165490627288818
1569839059.7176647,89,0.8016800880432129
1569839062.3547597,90,0.7808972001075745
1569839064.9972322,91,0.7908434271812439
1569839067.632055,92,0.8065187931060791
1569839070.1964138,93,0.7719085812568665
1569839072.7507138,94,0.8340725898742676
1569839075.3818302,95,0.7939684391021729
1569839077.9479876,96,0.7873823642730713
1569839080.5340567,97,0.8154065608978271
1569839083.0974684,98,0.7911794185638428
1569839085.675921,99,0.7630376219749451
1569839088.3142822,100,0.7810819745063782
1569839090.965179,101,0.8101142644882202
1569839093.616362,102,0.8247479796409607
1569839096.2139356,103,0.8121975660324097
1569839098.7973745,104,0.7880040407180786
1569839101.359457,105,0.8164482712745667
1569839103.9293463,106,0.8053763508796692
1569839106.5098205,107,0.7989919185638428
1569839109.1531546,108,0.7995967864990234
1569839111.7607512,109,0.7644153237342834
1569839114.3980026,110,0.8058467507362366
1569839117.0371017,111,0.7861055135726929
1569839119.679005,112,0.8022009134292603
1569839122.268247,113,0.7950100898742676
1569839124.9231987,114,0.8115759491920471
1569839127.5221696,115,0.794069230556488
1569839130.1614654,116,0.7850638628005981
1569839132.8075037,117,0.8089381456375122
1569839135.413753,118,0.7734711170196533
1569839138.0514233,119,0.804956316947937
1569839140.647254,120,0.7851142287254333
1569839143.282104,121,0.8099294304847717
1569839145.9231641,122,0.7924899458885193
1569839148.577628,123,0.8057123422622681
1569839151.1528761,124,0.7907930016517639
1569839153.7923214,125,0.801881730556488
1569839156.4366653,126,0.8101982474327087
1569839159.0227954,127,0.7926915287971497
1569839161.653099,128,0.7988911271095276
1569839164.213227,129,0.7730847001075745
1569839166.7929146,130,0.8009240627288818
1569839169.363064,131,0.8082157373428345
1569839171.9434378,132,0.7998487949371338
1569839174.5145526,133,0.7903729677200317
1569839177.083874,134,0.8202956914901733
1569839179.7244341,135,0.8071740865707397
1569839182.3035517,136,0.8062332272529602
1569839184.9569247,137,0.8009744882583618
1569839187.5276978,138,0.788793683052063
1569839190.1134531,139,0.7751176357269287
1569839192.6843164,140,0.8168346881866455
1569839195.2605062,141,0.8149865865707397
1569839197.8504596,142,0.8070900440216064
1569839200.4992151,143,0.7775369882583618
1569839203.141382,144,0.8018313050270081
1569839205.764697,145,0.7847782373428345
1569839208.3635874,146,0.7965725660324097
1569839210.9389906,147,0.804099440574646
1569839213.5080981,148,0.8101646304130554
1569839216.0929236,149,0.8066532015800476
1569839218.6578863,150,0.791599452495575
1569839221.232952,151,0.7910786271095276
1569839223.8870788,152,0.797143816947937
1569839226.5071971,153,0.7869119644165039
1569839229.1627429,154,0.8173555135726929
1569839231.8121977,155,0.7953460812568665
1569839234.4093466,156,0.8110719323158264
1569839237.029365,157,0.777856171131134
1569839239.5835078,158,0.797412633895874
1569839242.147306,159,0.801075279712677
1569839244.7331357,160,0.8027721643447876
1569839247.3712807,161,0.7855342626571655
1569839250.0213957,162,0.7882392406463623
1569839252.5869052,163,0.8082661032676697
1569839255.2229514,164,0.8105342984199524
1569839257.798209,165,0.8040490746498108
1569839260.4032843,166,0.7802755236625671
1569839263.0544376,167,0.8013104796409607
1569839265.6675727,168,0.8087869882583618
1569839268.2384007,169,0.789280891418457
1569839270.8083234,170,0.7962029576301575
1569839273.479827,171,0.7868615388870239
1569839276.0788462,172,0.7800907492637634
1569839278.6629891,173,0.7958165407180786
1569839281.3236787,174,0.8039146661758423
1569839283.952586,175,0.8252688050270081
1569839286.5593271,176,0.8031082153320312
1569839289.1868403,177,0.8068380355834961
1569839291.8024948,178,0.7910786271095276
1569839294.3730023,179,0.7967069745063782
1569839296.9376097,180,0.7821740508079529
1569839299.4979239,181,0.784643828868866
1569839302.1434963,182,0.8207661509513855
1569839304.7391558,183,0.8082325458526611
1569839307.3728528,184,0.7977150678634644
1569839309.942824,185,0.7992271780967712
1569839312.6152952,186,0.8056619763374329
1569839315.3044355,187,0.781838059425354
1569839318.1013832,188,0.7941028475761414
1569839320.8237276,189,0.7801411151885986
1569839323.5608778,190,0.774832010269165
1569839326.2883801,191,0.7952957153320312
1569839329.1185284,192,0.8170698881149292
1569839332.0004518,193,0.7941195964813232
1569839334.8616123,194,0.8148521780967712
1569839337.57047,195,0.8019153475761414
1569839340.3373156,196,0.8033434152603149
1569839343.1619446,197,0.7929771542549133
1569839345.906945,198,0.7987567186355591
1569839348.6454103,199,0.7872479557991028
