Wall time,Step,Value
1569839353.3898187,0,0.4273413419723511
1569839356.011743,1,0.5880417823791504
1569839358.5830884,2,0.6100683808326721
1569839361.187042,3,0.647445797920227
1569839363.8265328,4,0.6953044533729553
1569839366.4365127,5,0.7094298005104065
1569839369.1398342,6,0.7112358212471008
1569839371.8562367,7,0.6885642409324646
1569839374.5646303,8,0.7039151191711426
1569839377.1969662,9,0.7314563989639282
1569839379.8433785,10,0.730134129524231
1569839382.4821706,11,0.7517414689064026
1569839385.1464896,12,0.7608358860015869
1569839387.8099756,13,0.770736575126648
1569839390.4484084,14,0.7694788575172424
1569839393.0922794,15,0.7928276658058167
1569839395.7316961,16,0.7792505025863647
1569839398.383138,17,0.7921181917190552
1569839400.99545,18,0.7976973652839661
1569839403.582366,19,0.7976973652839661
1569839406.1705735,20,0.7970523834228516
1569839408.7556372,21,0.7933759093284607
1569839411.356672,22,0.796471893787384
1569839413.9413056,23,0.7877644300460815
1569839416.5331087,24,0.8154347538948059
1569839419.1304817,25,0.8129192590713501
1569839421.716957,26,0.8172407150268555
1569839424.2934334,27,0.8320111036300659
1569839426.8719468,28,0.8123387694358826
1569839429.4540415,29,0.8122742772102356
1569839432.0492814,30,0.8141124844551086
1569839434.6263754,31,0.8338815569877625
1569839437.2266567,32,0.8239809274673462
1569839439.8095276,33,0.8294956088066101
1569839442.403915,34,0.8227876424789429
1569839444.9856005,35,0.8382030725479126
1569839447.569569,36,0.8196594715118408
1569839450.1539912,37,0.8141447305679321
1569839452.7556903,38,0.8210139274597168
1569839455.3510547,39,0.8302050828933716
1569839457.9501457,40,0.8196594715118408
1569839460.545388,41,0.8258836269378662
1569839463.1362517,42,0.8307533264160156
1569839465.722979,43,0.841911792755127
1569839468.3108351,44,0.8153702020645142
1569839470.89269,45,0.8295601010322571
1569839473.4806669,46,0.8135642409324646
1569839476.0764973,47,0.8356553316116333
1569839478.6618042,48,0.8264641165733337
1569839481.257053,49,0.833849310874939
1569839483.8393552,50,0.8381707668304443
1569839486.4167712,51,0.8406217694282532
1569839489.006418,52,0.8123387694358826
1569839491.5888617,53,0.8393962979316711
1569839494.18201,54,0.8363003134727478
1569839496.7651155,55,0.8208526968955994
1569839499.3571181,56,0.8350425958633423
1569839501.933595,57,0.8246581554412842
1569839504.5157807,58,0.8202399611473083
1569839507.1209934,59,0.8283023834228516
1569839509.7154179,60,0.8387835621833801
1569839512.2953615,61,0.8387190699577332
1569839514.8768222,62,0.8344298005104065
1569839517.462216,63,0.8418149948120117
1569839520.0465405,64,0.8437177538871765
1569839522.630822,65,0.8412345051765442
1569839525.2066038,66,0.8227231502532959
1569839527.790759,67,0.834397554397583
1569839530.3708699,68,0.8423954844474792
1569839532.947104,69,0.8411700129508972
1569839535.5411222,70,0.8547794222831726
1569839538.1234314,71,0.8363325595855713
1569839540.7046967,72,0.8387835621833801
1569839543.2819886,73,0.8387835621833801
1569839545.8648791,74,0.8381385207176208
1569839548.456994,75,0.8351070880889893
1569839551.050254,76,0.831882119178772
1569839553.6465583,77,0.844298243522644
1569839556.2247708,78,0.8301405906677246
1569839558.8266046,79,0.8404605388641357
1569839561.4001055,80,0.8240131735801697
1569839563.9893355,81,0.8498774766921997
1569839566.5824928,82,0.8467170000076294
1569839569.166802,83,0.843685507774353
1569839571.7615056,84,0.8398800492286682
1569839574.3450403,85,0.8264318704605103
1569839576.9290216,86,0.8281088471412659
1569839579.5121663,87,0.8387513160705566
1569839582.1106107,88,0.8430405259132385
1569839584.7065895,89,0.8252063989639282
1569839587.2963521,90,0.835010290145874
1569839589.8892841,91,0.843072772026062
1569839592.4805102,92,0.8454592227935791
1569839595.064972,93,0.8454914689064026
1569839597.6497223,94,0.8423954844474792
1569839600.240833,95,0.8559726476669312
1569839602.8312426,96,0.8295278549194336
1569839605.4218667,97,0.8313661217689514
1569839608.0150943,98,0.8497806787490845
1569839610.6020977,99,0.858971893787384
1569839613.1819055,100,0.8393318057060242
1569839615.7909787,101,0.8430405259132385
1569839618.410487,102,0.8368485569953918
1569839621.0032601,103,0.81788569688797
1569839623.5946152,104,0.8313015699386597
1569839626.1767683,105,0.8479747176170349
1569839628.7866044,106,0.8374612927436829
1569839631.3722067,107,0.8355908393859863
1569839633.9725864,108,0.8399445414543152
1569839636.5686216,109,0.8356230854988098
1569839639.1601326,110,0.8405895233154297
1569839641.7477338,111,0.8374612927436829
1569839644.3306339,112,0.8466524481773376
1569839646.9289508,113,0.8337525725364685
1569839649.5265462,114,0.8331398367881775
1569839652.1283097,115,0.8208204507827759
1569839654.8502815,116,0.8448142409324646
1569839657.5690222,117,0.8351070880889893
1569839660.2121594,118,0.8387190699577332
1569839662.8050096,119,0.8466524481773376
1569839665.4030523,120,0.8449109792709351
1569839668.000553,121,0.8466847538948059
1569839670.5793154,122,0.8540698885917664
1569839673.1670082,123,0.8423632383346558
1569839675.7606354,124,0.8485552072525024
1569839678.3498158,125,0.8510384559631348
1569839680.9398086,126,0.8448142409324646
1569839683.517522,127,0.8528444170951843
1569839686.1036222,128,0.8626806139945984
1569839688.6943505,129,0.844298243522644
1569839691.2895534,130,0.831882119178772
1569839693.894957,131,0.8479424715042114
1569839696.5057614,132,0.834397554397583
1569839699.0920403,133,0.8510062098503113
1569839701.6869893,134,0.8559726476669312
1569839704.2848074,135,0.8368808031082153
1569839706.8807607,136,0.8558436632156372
1569839709.4640627,137,0.8645188212394714
1569839712.0461566,138,0.8541344404220581
1569839714.6350267,139,0.8533926606178284
1569839717.2169702,140,0.8454592227935791
1569839719.850966,141,0.84913569688797
1569839722.6257424,142,0.8583269119262695
1569839725.3292165,143,0.8486519455909729
1569839728.0874197,144,0.857810914516449
1569839730.8126163,145,0.8559081554412842
1569839733.4428163,146,0.8447819948196411
1569839736.050509,147,0.8276251554489136
1569839738.6769319,148,0.8460719585418701
1569839741.2938893,149,0.8448464870452881
1569839743.9267113,150,0.8435565233230591
1569839746.5417824,151,0.8423632383346558
1569839749.1307673,152,0.8380740284919739
1569839751.7249298,153,0.8559081554412842
1569839754.3199587,154,0.8447497487068176
1569839756.9349196,155,0.8337525725364685
1569839759.5447552,156,0.8541021943092346
1569839762.127322,157,0.8639383316040039
1569839764.7115145,158,0.860261857509613
1569839767.3107293,159,0.8466202020645142
1569839769.9056773,160,0.8422987461090088
1569839772.5206459,161,0.8552631735801697
1569839775.1163468,162,0.8533281683921814
1569839777.6973195,163,0.8639060854911804
1569839780.284925,164,0.843621015548706
1569839782.8909233,165,0.859649121761322
1569839785.4846313,166,0.8479424715042114
1569839788.0711017,167,0.8663248419761658
1569839790.6650193,168,0.8608423471450806
1569839793.2509134,169,0.8442337512969971
1569839795.8399968,170,0.8589074015617371
1569839798.442178,171,0.8540698885917664
1569839801.040478,172,0.8534893989562988
1569839803.6458664,173,0.8577463626861572
1569839806.2320337,174,0.8620678782463074
1569839808.8322155,175,0.8479747176170349
1569839811.4195182,176,0.8529089093208313
1569839814.0022452,177,0.8509739637374878
1569839816.5970833,178,0.8472974896430969
1569839819.1919296,179,0.8423954844474792
1569839821.7710063,180,0.8546826839447021
1569839824.355017,181,0.8490389585494995
1569839826.95545,182,0.8632611036300659
1569839829.557227,183,0.8596168756484985
1569839832.1467092,184,0.8466202020645142
1569839834.7306767,185,0.8564563989639282
1569839837.319886,186,0.843008279800415
1569839839.9178386,187,0.8283023834228516
1569839842.5020523,188,0.8553276658058167
1569839845.0826588,189,0.8491034507751465
1569839847.6768773,190,0.8583914041519165
1569839850.256593,191,0.8528121709823608
1569839852.8353593,192,0.8681952953338623
1569839855.4310393,193,0.8504257202148438
1569839858.0258787,194,0.8571336269378662
1569839860.6097648,195,0.8497161865234375
1569839863.2030826,196,0.8626806139945984
1569839865.7968526,197,0.8435565233230591
1569839868.402177,198,0.8484907150268555
1569839871.0142329,199,0.8558759093284607
