Wall time,Step,Value
1569838826.4979343,0,0.37665343284606934
1569838829.0488698,1,0.38425925374031067
1569838831.4894695,2,0.5719797015190125
1569838833.9459,3,0.6139219403266907
1569838836.374709,4,0.6302909851074219
1569838838.754372,5,0.6453372836112976
1569838841.178988,6,0.686948835849762
1569838843.5622194,7,0.6854056715965271
1569838845.9781,8,0.6826499104499817
1569838848.3845496,9,0.6802248954772949
1569838850.7657723,10,0.6734457612037659
1569838853.1426253,11,0.6879960298538208
1569838855.529764,12,0.6975308656692505
1569838857.9291759,13,0.7135692238807678
1569838860.304774,14,0.7235449552536011
1569838862.72048,15,0.7298280596733093
1569838865.1354074,16,0.7484017014503479
1569838867.5750506,17,0.7524250149726868
1569838870.0176365,18,0.7291115522384644
1569838872.427458,19,0.7585427761077881
1569838874.840922,20,0.7776124477386475
1569838877.2710774,21,0.7535273432731628
1569838879.7076094,22,0.770061731338501
1569838882.1116168,23,0.7782738208770752
1569838884.5019684,24,0.7608024477958679
1569838886.9402342,25,0.7599757313728333
1569838889.3703494,26,0.785163164138794
1569838891.8070574,27,0.7659832239151001
1569838894.2336826,28,0.7820215821266174
1569838896.6333876,29,0.7701168656349182
1569838899.0119643,30,0.7833443284034729
1569838901.3930376,31,0.7805886268615723
1569838903.8311207,32,0.7808641791343689
1569838906.2678692,33,0.7800925970077515
1569838908.6940866,34,0.7810846567153931
1569838911.0855684,35,0.7778880000114441
1569838913.4705544,36,0.7766203880310059
1569838915.8685398,37,0.7798170447349548
1569838918.3026853,38,0.784281313419342
1569838920.7362113,39,0.7432209253311157
1569838923.1117165,40,0.7464726567268372
1569838925.4987156,41,0.7603064179420471
1569838927.9088535,42,0.746968686580658
1569838930.3127089,43,0.7415674328804016
1569838932.7358198,44,0.741291880607605
1569838935.1506608,45,0.7525352835655212
1569838937.5284898,46,0.7651565074920654
1569838939.9005198,47,0.7703372836112976
1569838942.333682,48,0.7322530746459961
1569838944.710707,49,0.7658730149269104
1569838947.0826616,50,0.7645502686500549
1569838949.4541771,51,0.7657076716423035
1569838951.8585014,52,0.7291115522384644
1569838954.2627273,53,0.7259700298309326
1569838956.6350417,54,0.766313910484314
1569838959.0332832,55,0.7642747163772583
1569838961.4082978,56,0.7509920597076416
1569838963.795537,57,0.7426697611808777
1569838966.1698391,58,0.7486221194267273
1569838968.5798926,59,0.7641644477844238
1569838971.0076017,60,0.7487323880195618
1569838973.4441576,61,0.7436618208885193
1569838975.8762891,62,0.7535273432731628
1569838978.2395205,63,0.7538580298423767
1569838980.6160257,64,0.7602513432502747
1569838982.9799106,65,0.7554012537002563
1569838985.3819678,66,0.773809552192688
1569838987.7749176,67,0.764384925365448
1569838990.1562183,68,0.7711640000343323
1569838992.550433,69,0.758156955242157
1569838994.9555247,70,0.7565035223960876
1569838997.3732383,71,0.7862654328346252
1569838999.7404613,72,0.7726520895957947
1569839002.1094863,73,0.783013641834259
1569839004.4885423,74,0.7326388955116272
1569839006.8590155,75,0.7800374627113342
1569839009.2300167,76,0.7585427761077881
1569839011.6547894,77,0.7564483880996704
1569839014.070333,78,0.7736992835998535
1569839016.499176,79,0.7617945075035095
1569839018.9153826,80,0.7673059701919556
1569839021.2986612,81,0.7750771641731262
1569839023.669379,82,0.7442680597305298
1569839026.06502,83,0.7258597612380981
1569839028.4564965,84,0.7565586566925049
1569839030.8592906,85,0.7602513432502747
1569839033.273124,86,0.7396935820579529
1569839035.6634402,87,0.7490630745887756
1569839038.041821,88,0.741126537322998
1569839040.4062383,89,0.7416225671768188
1569839042.7849545,90,0.7477954030036926
1569839045.1587555,91,0.7367724776268005
1569839047.5528612,92,0.7638888955116272
1569839049.9349186,93,0.7577711343765259
1569839052.2995656,94,0.773093044757843
1569839054.6798792,95,0.7285603880882263
1569839057.0961635,96,0.7575507164001465
1569839059.5126345,97,0.7572751045227051
1569839061.8898478,98,0.7808641791343689
1569839064.299989,99,0.7524250149726868
1569839066.702563,100,0.7767857313156128
1569839069.0829666,101,0.7415123581886292
1569839071.4745624,102,0.7428902387619019
1569839073.860859,103,0.7592041492462158
1569839076.2787097,104,0.7433862686157227
1569839078.6750438,105,0.7624008059501648
1569839081.078673,106,0.7493937611579895
1569839083.4707694,107,0.7859347462654114
1569839085.885927,108,0.7527006268501282
1569839088.275125,109,0.7591490149497986
1569839090.6481879,110,0.7597553133964539
1569839093.0682983,111,0.7424492835998535
1569839095.4896936,112,0.7644400596618652
1569839097.873539,113,0.7404100298881531
1569839100.2530181,114,0.7539682388305664
1569839102.6341455,115,0.770612895488739
1569839105.0476692,116,0.7814153432846069
1569839107.4616697,117,0.7728725671768188
1569839109.8417733,118,0.772541880607605
1569839112.213749,119,0.7776124477386475
1569839114.5947092,120,0.7442680597305298
1569839117.0204315,121,0.7708884477615356
1569839119.4093623,122,0.784281313419342
1569839121.792892,123,0.7346781492233276
1569839124.2018013,124,0.7631723880767822
1569839126.5696082,125,0.7430555820465088
1569839128.9492884,126,0.772376537322998
1569839131.3619485,127,0.749448835849762
1569839133.7490768,128,0.7594797015190125
1569839136.1630242,129,0.7745811343193054
1569839138.5817351,130,0.7518739104270935
1569839141.015973,131,0.7633377313613892
1569839143.4505725,132,0.7883597612380981
1569839145.893534,133,0.7595899701118469
1569839148.270911,134,0.7727623581886292
1569839150.682916,135,0.7920524477958679
1569839153.0515172,136,0.7670304179191589
1569839155.4628627,137,0.7789351940155029
1569839157.873577,138,0.7692350149154663
1569839160.2889745,139,0.7771714925765991
1569839162.7248833,140,0.761904776096344
1569839165.1641557,141,0.7597553133964539
1569839167.5931573,142,0.7779982089996338
1569839170.024964,143,0.7605820298194885
1569839172.3977628,144,0.7763447761535645
1569839174.8107762,145,0.7403549551963806
1569839177.2220104,146,0.746252179145813
1569839179.649929,147,0.7810295224189758
1569839182.051286,148,0.7891865372657776
1569839184.4489617,149,0.7727623581886292
1569839186.8288026,150,0.7788800597190857
1569839189.2674336,151,0.7855489253997803
1569839191.6820836,152,0.7611331343650818
1569839194.1031835,153,0.7814153432846069
1569839196.5046961,154,0.7672508955001831
1569839198.9264731,155,0.7757936716079712
1569839201.3350148,156,0.7895722985267639
1569839203.7443006,157,0.7798721194267273
1569839206.1248655,158,0.7659832239151001
1569839208.525398,159,0.7864859104156494
1569839210.9330432,160,0.7730379104614258
1569839213.3130307,161,0.7687941193580627
1569839215.7046914,162,0.7679673433303833
1569839218.1353958,163,0.790123462677002
1569839220.5539212,164,0.7665343880653381
1569839222.9476833,165,0.794918417930603
1569839225.3310921,166,0.7719907164573669
1569839227.733016,167,0.7921075820922852
1569839230.111641,168,0.7746362686157227
1569839232.4957163,169,0.79067462682724
1569839234.918415,170,0.7908399701118469
1569839237.3541553,171,0.7968474626541138
1569839239.7338274,172,0.7627865672111511
1569839242.1188881,173,0.7683531641960144
1569839244.5498226,174,0.7837852835655212
1569839246.9622297,175,0.7953042387962341
1569839249.334438,176,0.7881944179534912
1569839251.7150998,177,0.7823522686958313
1569839254.0915692,178,0.7734237313270569
1569839256.5194724,179,0.781801164150238
1569839258.923238,180,0.7863756418228149
1569839261.3230197,181,0.7759590148925781
1569839263.6994605,182,0.7912257313728333
1569839266.0810592,183,0.7853285074234009
1569839268.5009303,184,0.8040674328804016
1569839270.8842952,185,0.7984457612037659
1569839273.2535343,186,0.75942462682724
1569839275.6383607,187,0.7842261791229248
1569839278.0138822,188,0.7647156119346619
1569839280.3936563,189,0.7704475522041321
1569839282.7675776,190,0.7861000895500183
1569839285.2018757,191,0.7900132536888123
1569839287.579666,192,0.7776124477386475
1569839289.9541576,193,0.790123462677002
1569839292.3371558,194,0.7890762686729431
1569839294.7365882,195,0.7800374627113342
1569839297.1533842,196,0.7874228358268738
1569839299.587819,197,0.7654871940612793
1569839301.9738233,198,0.7735339403152466
1569839304.3559005,199,0.8045634627342224
