Wall time,Step,Value
1569839357.2510548,0,0.3101562559604645
1569839359.7187586,1,0.45364582538604736
1569839362.1565065,2,0.5979166626930237
1569839364.6131732,3,0.6028645634651184
1569839367.0709283,4,0.5895833373069763
1569839369.5412645,5,0.625
1569839371.9924414,6,0.6455729007720947
1569839374.4220147,7,0.6591145992279053
1569839376.8728967,8,0.643750011920929
1569839379.3574607,9,0.6356770992279053
1569839381.7896297,10,0.66796875
1569839384.1950576,11,0.6981770992279053
1569839386.609052,12,0.7114583253860474
1569839389.1379495,13,0.7263020873069763
1569839391.5235503,14,0.73828125
1569839393.9176748,15,0.74609375
1569839396.3518946,16,0.758593738079071
1569839398.803277,17,0.7421875
1569839401.259858,18,0.7619791626930237
1569839403.697101,19,0.7606770992279053
1569839406.150507,20,0.7723958492279053
1569839408.5926323,21,0.7674478888511658
1569839411.0314827,22,0.7614583373069763
1569839413.4635592,23,0.7770833373069763
1569839415.867198,24,0.7729166746139526
1569839418.2198534,25,0.788281261920929
1569839420.5805683,26,0.7700520753860474
1569839422.937013,27,0.7757812738418579
1569839425.2824726,28,0.7848958373069763
1569839427.6340334,29,0.7867187261581421
1569839429.975753,30,0.7869791388511658
1569839432.3191564,31,0.7710937261581421
1569839434.6616414,32,0.79296875
1569839437.0123553,33,0.789843738079071
1569839439.3651447,34,0.801562488079071
1569839441.72118,35,0.7971354126930237
1569839444.0800726,36,0.7723958492279053
1569839446.4220817,37,0.7893229126930237
1569839448.7835255,38,0.8013020753860474
1569839451.1537108,39,0.8091145753860474
1569839453.510298,40,0.8002604246139526
1569839455.8554208,41,0.8096354007720947
1569839458.2026482,42,0.8031250238418579
1569839460.5629184,43,0.8057291507720947
1569839462.9097302,44,0.801562488079071
1569839465.2483203,45,0.8135416507720947
1569839467.5859346,46,0.8065103888511658
1569839469.9464645,47,0.81640625
1569839472.2921758,48,0.79296875
1569839474.6400697,49,0.8148437738418579
1569839476.9860783,50,0.8020833134651184
1569839479.329481,51,0.8119791746139526
1569839481.6902964,52,0.8057291507720947
1569839484.0384212,53,0.8114583492279053
1569839486.3742616,54,0.8101562261581421
1569839488.7141778,55,0.821093738079071
1569839491.0569403,56,0.8177083134651184
1569839493.3955793,57,0.80859375
1569839495.7342894,58,0.811718761920929
1569839498.0892167,59,0.8044270873069763
1569839500.4473023,60,0.8023437261581421
1569839502.7831163,61,0.8106771111488342
1569839505.1228752,62,0.823437511920929
1569839507.4558654,63,0.83203125
1569839509.8073092,64,0.8169270753860474
1569839512.1703634,65,0.8049479126930237
1569839514.5223053,66,0.82421875
1569839516.8662448,67,0.8278645873069763
1569839519.2310388,68,0.8221353888511658
1569839521.5847747,69,0.811718761920929
1569839523.9451704,70,0.8226562738418579
1569839526.3043299,71,0.8218749761581421
1569839528.6498601,72,0.8059895634651184
1569839531.005456,73,0.8309895992279053
1569839533.3518744,74,0.8174479007720947
1569839535.7158449,75,0.8205729126930237
1569839538.0496747,76,0.8023437261581421
1569839540.3962357,77,0.8333333134651184
1569839542.7386434,78,0.8213541507720947
1569839545.0823889,79,0.8106771111488342
1569839547.4296205,80,0.8213541507720947
1569839549.7796934,81,0.8184896111488342
1569839552.1319046,82,0.8138020634651184
1569839554.4887125,83,0.8244791626930237
1569839556.8359997,84,0.8088541626930237
1569839559.1865308,85,0.8263021111488342
1569839561.5559359,86,0.8067708611488342
1569839563.8936336,87,0.8247395753860474
1569839566.2436924,88,0.8226562738418579
1569839568.5919805,89,0.8299478888511658
1569839570.9460819,90,0.8223958611488342
1569839573.2762845,91,0.8197916746139526
1569839575.604778,92,0.8174479007720947
1569839577.9442625,93,0.8122395873069763
1569839580.2918377,94,0.8088541626930237
1569839582.6418626,95,0.8049479126930237
1569839584.974597,96,0.8075520992279053
1569839587.310902,97,0.8145833611488342
1569839589.6548598,98,0.813281238079071
1569839591.9997458,99,0.8044270873069763
1569839594.3468375,100,0.8208333253860474
1569839596.6855907,101,0.7950521111488342
1569839599.0223956,102,0.8263021111488342
1569839601.3627033,103,0.8010416626930237
1569839603.7056925,104,0.8130208253860474
1569839606.0563757,105,0.8036458492279053
1569839608.394278,106,0.8169270753860474
1569839610.736248,107,0.7981770634651184
1569839613.0866196,108,0.8236979246139526
1569839615.4247274,109,0.823437511920929
1569839617.7663655,110,0.8122395873069763
1569839620.10637,111,0.8257812261581421
1569839622.4444234,112,0.8200520873069763
1569839624.7921913,113,0.8114583492279053
1569839627.1464143,114,0.8221353888511658
1569839629.4908366,115,0.8247395753860474
1569839631.8350217,116,0.8018229007720947
1569839634.177304,117,0.8169270753860474
1569839636.5288098,118,0.8213541507720947
1569839638.8643835,119,0.8244791626930237
1569839641.214943,120,0.8140624761581421
1569839643.5592349,121,0.7867187261581421
1569839645.9084308,122,0.8036458492279053
1569839648.2510617,123,0.8143228888511658
1569839650.614082,124,0.8166666626930237
1569839652.9687686,125,0.8018229007720947
1569839655.3654375,126,0.8169270753860474
1569839657.765524,127,0.8125
1569839660.1936443,128,0.8122395873069763
1569839662.6759436,129,0.821093738079071
1569839665.1373775,130,0.8213541507720947
1569839667.6509523,131,0.8091145753860474
1569839670.011478,132,0.8148437738418579
1569839672.4635937,133,0.8119791746139526
1569839674.9563487,134,0.8046875
1569839677.409104,135,0.8070312738418579
1569839679.852936,136,0.8059895634651184
1569839682.302176,137,0.8062499761581421
1569839684.687775,138,0.823437511920929
1569839687.0782723,139,0.8122395873069763
1569839689.439458,140,0.8028646111488342
1569839691.817857,141,0.809374988079071
1569839694.1744616,142,0.8203125
1569839696.5514498,143,0.8169270753860474
1569839698.9015536,144,0.81640625
1569839701.2487996,145,0.821093738079071
1569839703.6044922,146,0.8166666626930237
1569839705.9817226,147,0.8125
1569839708.3673153,148,0.8221353888511658
1569839710.7439923,149,0.8255208134651184
1569839713.1147497,150,0.8231770992279053
1569839715.4848156,151,0.8205729126930237
1569839717.8525617,152,0.8083333373069763
1569839720.2119944,153,0.8059895634651184
1569839722.561417,154,0.8216145634651184
1569839724.9032466,155,0.8119791746139526
1569839727.2540336,156,0.8177083134651184
1569839729.6100483,157,0.8031250238418579
1569839731.974599,158,0.8130208253860474
1569839734.334728,159,0.8166666626930237
1569839736.6939676,160,0.8205729126930237
1569839739.0924666,161,0.817187488079071
1569839741.4910107,162,0.8138020634651184
1569839744.011941,163,0.8158854246139526
1569839746.50742,164,0.8231770992279053
1569839748.9845667,165,0.8098958134651184
1569839751.4897978,166,0.8174479007720947
1569839753.8713415,167,0.8109375238418579
1569839756.2786744,168,0.8145833611488342
1569839758.7088726,169,0.8231770992279053
1569839761.1351595,170,0.8036458492279053
1569839763.558841,171,0.813281238079071
1569839765.9732153,172,0.803906261920929
1569839768.3506954,173,0.8088541626930237
1569839770.7244883,174,0.793749988079071
1569839773.0901997,175,0.8166666626930237
1569839775.4421322,176,0.8127604126930237
1569839777.805338,177,0.8169270753860474
1569839780.1752756,178,0.8354166746139526
1569839782.53881,179,0.8127604126930237
1569839784.8910325,180,0.8166666626930237
1569839787.245056,181,0.8143228888511658
1569839789.5967352,182,0.8151041865348816
1569839791.9511786,183,0.8145833611488342
1569839794.295391,184,0.8125
1569839796.6610339,185,0.8221353888511658
1569839799.0104618,186,0.8236979246139526
1569839801.3614821,187,0.8049479126930237
1569839803.700897,188,0.8184896111488342
1569839806.0491164,189,0.8221353888511658
1569839808.401359,190,0.8111979365348816
1569839810.7740846,191,0.8161458373069763
1569839813.1407592,192,0.8101562261581421
1569839815.488898,193,0.8304687738418579
1569839817.8350792,194,0.8192708492279053
1569839820.1766045,195,0.8130208253860474
1569839822.5211756,196,0.8158854246139526
1569839824.880278,197,0.8153645992279053
1569839827.233405,198,0.8192708492279053
1569839829.589562,199,0.8304687738418579
