Wall time,Step,Value
1569839965.1479867,0,0.15982143580913544
1569839965.8920755,1,0.3199404776096344
1569839966.5963674,2,0.32529762387275696
1569839967.3031476,3,0.318452388048172
1569839968.002984,4,0.3300595283508301
1569839968.6912086,5,0.3747023940086365
1569839969.4143815,6,0.3002976179122925
1569839970.123921,7,0.3392857015132904
1569839970.8331964,8,0.40535715222358704
1569839971.539933,9,0.46071428060531616
1569839972.2366285,10,0.5130952596664429
1569839972.9398658,11,0.5571428537368774
1569839973.627834,12,0.6202380657196045
1569839974.3206024,13,0.5979166626930237
1569839975.0119858,14,0.6154761910438538
1569839975.7269652,15,0.6026785969734192
1569839976.4388607,16,0.6074404716491699
1569839977.129054,17,0.6187499761581421
1569839977.8331134,18,0.6202380657196045
1569839978.5217772,19,0.6193452477455139
1569839979.2122092,20,0.6589285731315613
1569839979.9024024,21,0.6574404835700989
1569839980.604827,22,0.644345223903656
1569839981.3176699,23,0.6651785969734192
1569839982.013469,24,0.6529762148857117
1569839982.7019176,25,0.6622023582458496
1569839983.3994472,26,0.6627976298332214
1569839984.098608,27,0.682440459728241
1569839984.7861466,28,0.6779761910438538
1569839985.4875238,29,0.6389880776405334
1569839986.1775506,30,0.6669642925262451
1569839986.8889654,31,0.6919642686843872
1569839987.5979211,32,0.6961309313774109
1569839988.289827,33,0.6961309313774109
1569839988.9859774,34,0.6744047403335571
1569839989.6914878,35,0.6422619223594666
1569839990.3815417,36,0.6532738208770752
1569839991.0832236,37,0.6672618985176086
1569839991.7847877,38,0.6770833134651184
1569839992.4932694,39,0.6982142925262451
1569839993.194334,40,0.6937500238418579
1569839993.8818417,41,0.6699404716491699
1569839994.578496,42,0.6705357432365417
1569839995.2990968,43,0.7017857432365417
1569839996.0063806,44,0.6892856955528259
1569839996.709545,45,0.6782737970352173
1569839997.4072673,46,0.7047619223594666
1569839998.0956826,47,0.675595223903656
1569839998.7827466,48,0.7124999761581421
1569839999.4952357,49,0.713690459728241
1569840000.2004657,50,0.7208333611488342
1569840000.904404,51,0.7184523940086365
1569840001.5929923,52,0.750595211982727
1569840002.2817488,53,0.7422618865966797
1569840002.9897463,54,0.7589285969734192
1569840003.6855967,55,0.7497023940086365
1569840004.3785214,56,0.7592262029647827
1569840005.071644,57,0.7556547522544861
1569840005.7843459,58,0.7544642686843872
1569840006.4772997,59,0.7705357074737549
1569840007.183986,60,0.756845235824585
1569840007.8766034,61,0.7672619223594666
1569840008.565544,62,0.762499988079071
1569840009.2526379,63,0.7741071581840515
1569840009.9610255,64,0.7675595283508301
1569840010.6688774,65,0.7869047522544861
1569840011.36113,66,0.7872023582458496
1569840012.0610569,67,0.7699404954910278
1569840012.7577004,68,0.7708333134651184
1569840013.4681296,69,0.7889881134033203
1569840014.173469,70,0.7749999761581421
1569840014.8684201,71,0.7961309552192688
1569840015.5925903,72,0.7964285612106323
1569840016.2995071,73,0.7747023701667786
1569840016.9919012,74,0.7988095283508301
1569840017.687789,75,0.7699404954910278
1569840018.3773563,76,0.8023809790611267
1569840019.0680974,77,0.7848214507102966
1569840019.7627778,78,0.7976190447807312
1569840020.455511,79,0.7910714149475098
1569840021.1688128,80,0.7919642925262451
1569840021.8587115,81,0.7943452596664429
1569840022.5585034,82,0.78125
1569840023.2573266,83,0.8029761910438538
1569840023.9706328,84,0.805059552192688
1569840024.6614563,85,0.8020833134651184
1569840025.3619342,86,0.7794643044471741
1569840026.0530784,87,0.7901785969734192
1569840026.7443707,88,0.793154776096344
1569840027.4496033,89,0.7785714268684387
1569840028.1731856,90,0.8122023940086365
1569840028.8817768,91,0.8151785731315613
1569840029.5883224,92,0.8184523582458496
1569840030.2822561,93,0.7723214030265808
1569840030.971291,94,0.7791666388511658
1569840031.661368,95,0.7773809432983398
1569840032.3687375,96,0.8020833134651184
1569840033.0745416,97,0.8071428537368774
1569840033.7717052,98,0.7982142567634583
1569840034.4846315,99,0.8116071224212646
1569840035.1890295,100,0.8139880895614624
1569840035.8889556,101,0.8038690686225891
1569840036.5925422,102,0.8086309432983398
1569840037.285603,103,0.7955357432365417
1569840037.978598,104,0.7830356955528259
1569840038.6884146,105,0.7916666865348816
1569840039.3784497,106,0.8110119104385376
1569840040.0867395,107,0.8154761791229248
1569840040.777763,108,0.8133928775787354
1569840041.4889896,109,0.813095211982727
1569840042.1877952,110,0.8178571462631226
1569840042.8899708,111,0.7991071343421936
1569840043.601079,112,0.8142856955528259
1569840044.307291,113,0.8101190328598022
1569840045.0015454,114,0.7913690209388733
1569840045.7113369,115,0.8035714030265808
1569840046.414402,116,0.8104166388511658
1569840047.1017962,117,0.8065476417541504
1569840047.8084826,118,0.7976190447807312
1569840048.5082526,119,0.7866071462631226
1569840049.1974502,120,0.8267857432365417
1569840049.8872778,121,0.7940475940704346
1569840050.5943058,122,0.807440459728241
1569840051.299536,123,0.800000011920929
1569840052.00273,124,0.8053571581840515
1569840052.7100124,125,0.7883928418159485
1569840053.3975995,126,0.8145833611488342
1569840054.0856361,127,0.819345235824585
1569840054.7856915,128,0.7946428656578064
1569840055.4938748,129,0.8023809790611267
1569840056.181737,130,0.7869047522544861
1569840056.8952603,131,0.819345235824585
1569840057.6024501,132,0.7898809313774109
1569840058.2972703,133,0.7809523940086365
1569840058.9951446,134,0.817559540271759
1569840059.7173793,135,0.7922618985176086
1569840060.441805,136,0.7791666388511658
1569840061.1603422,137,0.8107143044471741
1569840061.8714821,138,0.7934523820877075
1569840062.5807219,139,0.8184523582458496
1569840063.3018591,140,0.78125
1569840064.0322897,141,0.7898809313774109
1569840064.8024049,142,0.8101190328598022
1569840065.5248063,143,0.824999988079071
1569840066.2603667,144,0.8205357193946838
1569840066.99007,145,0.7815476059913635
1569840067.7155857,146,0.8136904835700989
1569840068.461214,147,0.8044642806053162
1569840069.19624,148,0.8068452477455139
1569840069.9117875,149,0.8116071224212646
1569840070.640359,150,0.7949404716491699
1569840071.4050229,151,0.8214285969734192
1569840072.1397445,152,0.7994047403335571
1569840072.863207,153,0.8125
1569840073.5865483,154,0.7916666865348816
1569840074.3411002,155,0.8136904835700989
1569840075.096704,156,0.8035714030265808
1569840075.8568697,157,0.8098214268684387
1569840076.592008,158,0.8133928775787354
1569840077.3575482,159,0.8208333253860474
1569840078.1059067,160,0.7892857193946838
1569840078.8494585,161,0.811904788017273
1569840079.5832617,162,0.819345235824585
1569840080.3190203,163,0.8065476417541504
1569840081.0796676,164,0.8127976059913635
1569840081.8415122,165,0.813095211982727
1569840082.5589726,166,0.8127976059913635
1569840083.272204,167,0.8035714030265808
1569840083.9809566,168,0.8089285492897034
1569840084.6855488,169,0.8110119104385376
1569840085.4308417,170,0.8038690686225891
1569840086.166868,171,0.8068452477455139
1569840086.8885276,172,0.8071428537368774
1569840087.601426,173,0.8065476417541504
1569840088.336482,174,0.8178571462631226
1569840089.0672927,175,0.7973214387893677
1569840089.7883391,176,0.805059552192688
1569840090.522301,177,0.8178571462631226
1569840091.2526102,178,0.805059552192688
1569840091.9732232,179,0.7940475940704346
1569840092.6915991,180,0.8142856955528259
1569840093.4242811,181,0.8023809790611267
1569840094.1346772,182,0.7919642925262451
1569840094.8535314,183,0.7845237851142883
1569840095.573288,184,0.7824404835700989
1569840096.2953813,185,0.8104166388511658
1569840097.0068743,186,0.8101190328598022
1569840097.7161427,187,0.8053571581840515
1569840098.4303696,188,0.8122023940086365
1569840099.1347635,189,0.8157737851142883
1569840099.855878,190,0.8139880895614624
1569840100.5591516,191,0.8157737851142883
1569840101.277085,192,0.8038690686225891
1569840101.97541,193,0.7872023582458496
1569840102.6853926,194,0.8053571581840515
1569840103.3999984,195,0.8008928298950195
1569840104.1254575,196,0.8151785731315613
1569840104.8433473,197,0.8002976179122925
1569840105.5599468,198,0.8065476417541504
1569840106.2669003,199,0.7815476059913635
