Wall time,Step,Value
1569840058.7745311,0,0.23541666567325592
1569840059.4295707,1,0.3404761850833893
1569840060.0609217,2,0.32648810744285583
1569840060.6824727,3,0.3285714387893677
1569840061.3079078,4,0.3961309492588043
1569840061.933323,5,0.4044642746448517
1569840062.5632138,6,0.5136904716491699
1569840063.18086,7,0.4273809492588043
1569840063.8010254,8,0.37440475821495056
1569840064.4226558,9,0.3910714387893677
1569840065.040444,10,0.4482142925262451
1569840065.6651545,11,0.4461309611797333
1569840066.2844775,12,0.41755953431129456
1569840066.9039116,13,0.41755953431129456
1569840067.5192053,14,0.4690476059913635
1569840068.1444125,15,0.4613095223903656
1569840068.7608247,16,0.5080357193946838
1569840069.378633,17,0.4238095283508301
1569840069.9990559,18,0.4732142984867096
1569840070.6183307,19,0.5133928656578064
1569840071.2403793,20,0.5014880895614624
1569840071.8598502,21,0.6136904954910278
1569840072.4752514,22,0.5571428537368774
1569840073.0936162,23,0.6964285969734192
1569840073.7135723,24,0.6107142567634583
1569840074.3307307,25,0.6964285969734192
1569840074.9527733,26,0.6127976179122925
1569840075.5685036,27,0.6538690328598022
1569840076.1888695,28,0.6642857193946838
1569840076.8084188,29,0.7151785492897034
1569840077.4287715,30,0.6273809671401978
1569840078.0504904,31,0.7032738327980042
1569840078.6691003,32,0.6294642686843872
1569840079.2939923,33,0.6928571462631226
1569840079.9129648,34,0.6113095283508301
1569840080.5309484,35,0.7116071581840515
1569840081.1497006,36,0.617559552192688
1569840081.7647572,37,0.6788690686225891
1569840082.380025,38,0.6684523820877075
1569840083.000475,39,0.7130952477455139
1569840083.6187148,40,0.6595237851142883
1569840084.2436583,41,0.6705357432365417
1569840084.8683684,42,0.6565476059913635
1569840085.483819,43,0.6377975940704346
1569840086.1005478,44,0.7199404835700989
1569840086.7234704,45,0.6711309552192688
1569840087.3409257,46,0.617559552192688
1569840087.9610202,47,0.7407737970352173
1569840088.5840056,48,0.6788690686225891
1569840089.2148476,49,0.6258928775787354
1569840089.833928,50,0.6440476179122925
1569840090.4527576,51,0.7116071581840515
1569840091.0725641,52,0.6732142567634583
1569840091.6943722,53,0.6877976059913635
1569840092.3150566,54,0.7074404954910278
1569840092.9419968,55,0.7532737851142883
1569840093.560781,56,0.6955357193946838
1569840094.1791952,57,0.6872023940086365
1569840094.79944,58,0.7157738208770752
1569840095.4191823,59,0.6586309671401978
1569840096.0436625,60,0.7080357074737549
1569840096.668993,61,0.7101190686225891
1569840097.2956674,62,0.6711309552192688
1569840097.919827,63,0.7345238327980042
1569840098.5423913,64,0.7142857313156128
1569840099.1700885,65,0.7547619342803955
1569840099.7896008,66,0.7526785731315613
1569840100.4128475,67,0.6857143044471741
1569840101.0351834,68,0.7241071462631226
1569840101.6573603,69,0.7526785731315613
1569840102.2747018,70,0.7247023582458496
1569840102.8983808,71,0.7303571701049805
1569840103.52433,72,0.7791666388511658
1569840104.1427996,73,0.7324404716491699
1569840104.7607698,74,0.6467261910438538
1569840105.38022,75,0.6306547522544861
1569840106.0042615,76,0.7267857193946838
1569840106.6279821,77,0.781845211982727
1569840107.2455518,78,0.6815476417541504
1569840107.8678157,79,0.7386904954910278
1569840108.485167,80,0.7122023701667786
1569840109.1107554,81,0.6913690567016602
1569840109.7343986,82,0.7714285850524902
1569840110.3527062,83,0.750595211982727
1569840110.9725132,84,0.7672619223594666
1569840111.5924664,85,0.7651785612106323
1569840112.2146146,86,0.7532737851142883
1569840112.8359265,87,0.6997023820877075
1569840113.4545329,88,0.7023809552192688
1569840114.0813308,89,0.7407737970352173
1569840114.7029624,90,0.7672619223594666
1569840115.3221521,91,0.7247023582458496
1569840115.9475822,92,0.757440447807312
1569840116.5651712,93,0.6836309432983398
1569840117.1848328,94,0.750595211982727
1569840117.8034792,95,0.7205356955528259
1569840118.4203267,96,0.750595211982727
1569840119.040336,97,0.7101190686225891
1569840119.6657982,98,0.6898809671401978
1569840120.2926087,99,0.7511904835700989
1569840120.9137237,100,0.6898809671401978
1569840121.533342,101,0.6877976059913635
1569840122.1525593,102,0.6836309432983398
1569840122.7742338,103,0.781845211982727
1569840123.39337,104,0.769345223903656
1569840124.0150955,105,0.6773809790611267
1569840124.6342702,106,0.7247023582458496
1569840125.2544382,107,0.726190447807312
1569840125.8706174,108,0.7184523940086365
1569840126.4902718,109,0.7491071224212646
1569840127.1124241,110,0.756845235824585
1569840127.7385533,111,0.7616071701049805
1569840128.3584437,112,0.7226190567016602
1569840128.9801931,113,0.7735118865966797
1569840129.6081166,114,0.7345238327980042
1569840130.223707,115,0.6431547403335571
1569840130.8451834,116,0.7324404716491699
1569840131.4608233,117,0.7491071224212646
1569840132.088872,118,0.7651785612106323
1569840132.7052858,119,0.6654762029647827
1569840133.3237877,120,0.7714285850524902
1569840133.945285,121,0.7511904835700989
1569840134.5635722,122,0.781845211982727
1569840135.1836724,123,0.7651785612106323
1569840135.8025577,124,0.7163690328598022
1569840136.422931,125,0.7220237851142883
1569840137.0449831,126,0.6940476298332214
1569840137.6636145,127,0.6571428775787354
1569840138.2836342,128,0.6773809790611267
1569840138.903969,129,0.7901785969734192
1569840139.5253515,130,0.6711309552192688
1569840140.1443639,131,0.6982142925262451
1569840140.7640138,132,0.769345223903656
1569840141.3836038,133,0.7386904954910278
1569840142.0081997,134,0.7797619104385376
1569840142.6289477,135,0.7366071343421936
1569840143.2504206,136,0.6955357193946838
1569840143.8766878,137,0.6898809671401978
1569840144.4947093,138,0.7205356955528259
1569840145.1139543,139,0.7002975940704346
1569840145.7376907,140,0.6961309313774109
1569840146.3590581,141,0.7345238327980042
1569840146.9823983,142,0.6732142567634583
1569840147.603759,143,0.7720237970352173
1569840148.2254949,144,0.7002975940704346
1569840148.8535273,145,0.7532737851142883
1569840149.4754136,146,0.7184523940086365
1569840150.0957584,147,0.661309540271759
1569840150.7151113,148,0.7407737970352173
1569840151.3342838,149,0.6794642806053162
1569840151.951472,150,0.6550595164299011
1569840152.5805752,151,0.7616071701049805
1569840153.2094238,152,0.776190459728241
1569840153.8317335,153,0.7407737970352173
1569840154.4556067,154,0.7657738327980042
1569840155.0745513,155,0.7205356955528259
1569840155.6952114,156,0.7205356955528259
1569840156.3151703,157,0.7142857313156128
1569840156.9342444,158,0.8333333134651184
1569840157.5551279,159,0.6696428656578064
1569840158.1832345,160,0.7720237970352173
1569840158.8005521,161,0.7672619223594666
1569840159.4251099,162,0.7101190686225891
1569840160.047947,163,0.7553571462631226
1569840160.6689117,164,0.8166666626930237
1569840161.2895808,165,0.6779761910438538
1569840161.9104033,166,0.6758928298950195
1569840162.533839,167,0.7553571462631226
1569840163.1584806,168,0.7407737970352173
1569840163.7837708,169,0.7351190447807312
1569840164.4004965,170,0.7511904835700989
1569840165.0182812,171,0.7741071581840515
1569840165.639072,172,0.7372024059295654
1569840166.26008,173,0.6306547522544861
1569840166.8800673,174,0.7205356955528259
1569840167.5054872,175,0.7922618985176086
1569840168.1461463,176,0.7044642567634583
1569840168.7636473,177,0.7372024059295654
1569840169.385475,178,0.7002975940704346
1569840170.0053287,179,0.7964285612106323
1569840170.624234,180,0.7288690209388733
1569840171.2448728,181,0.7190476059913635
1569840171.8621638,182,0.6961309313774109
1569840172.4851394,183,0.8026785850524902
1569840173.1054842,184,0.7107142806053162
1569840173.7229898,185,0.7803571224212646
1569840174.3434124,186,0.7351190447807312
1569840174.9649332,187,0.7776785492897034
1569840175.5908794,188,0.7267857193946838
1569840176.2139618,189,0.7372024059295654
1569840176.8355043,190,0.7413690686225891
1569840177.4578393,191,0.7922618985176086
1569840178.079992,192,0.757440447807312
1569840178.7005208,193,0.7860119342803955
1569840179.3372848,194,0.800595223903656
1569840179.9701142,195,0.6877976059913635
1569840180.605498,196,0.7351190447807312
1569840181.2401328,197,0.7107142806053162
1569840181.874878,198,0.7839285731315613
1569840182.5008926,199,0.7211309671401978
