Wall time,Step,Value
1569839899.5240996,0,0.20999999344348907
1569839900.1582007,1,0.28458333015441895
1569839900.7570035,2,0.27166667580604553
1569839901.3566563,3,0.3075000047683716
1569839901.953075,4,0.2933333218097687
1569839902.5524268,5,0.2979166805744171
1569839903.1509752,6,0.26374998688697815
1569839903.7486384,7,0.2775000035762787
1569839904.341887,8,0.32083332538604736
1569839904.9391978,9,0.3929166793823242
1569839905.5378604,10,0.42500001192092896
1569839906.133082,11,0.42250001430511475
1569839906.735972,12,0.4154166579246521
1569839907.3324177,13,0.43291667103767395
1569839907.9294293,14,0.5375000238418579
1569839908.5289187,15,0.5583333373069763
1569839909.1265547,16,0.5774999856948853
1569839909.7282693,17,0.6233333349227905
1569839910.325641,18,0.6508333086967468
1569839910.9212484,19,0.6670833230018616
1569839911.5136218,20,0.6354166865348816
1569839912.1107574,21,0.64083331823349
1569839912.707018,22,0.6741666793823242
1569839913.3032603,23,0.6650000214576721
1569839913.8980725,24,0.6675000190734863
1569839914.4864473,25,0.6625000238418579
1569839915.0825632,26,0.6612499952316284
1569839915.6764295,27,0.6675000190734863
1569839916.2700884,28,0.65625
1569839916.870863,29,0.6899999976158142
1569839917.471029,30,0.6520833373069763
1569839918.063355,31,0.6620833277702332
1569839918.6609623,32,0.6850000023841858
1569839919.2526903,33,0.6970833539962769
1569839919.8532455,34,0.6479166746139526
1569839920.4418607,35,0.6654166579246521
1569839921.027574,36,0.7074999809265137
1569839921.6161218,37,0.7108333110809326
1569839922.2006702,38,0.7024999856948853
1569839922.7985284,39,0.7287499904632568
1569839923.381603,40,0.6995833516120911
1569839923.9664648,41,0.7037500143051147
1569839924.568956,42,0.6870833039283752
1569839925.1719944,43,0.7329166531562805
1569839925.772465,44,0.7545833587646484
1569839926.375707,45,0.7416666746139526
1569839926.9725595,46,0.7166666388511658
1569839927.5720987,47,0.7104166746139526
1569839928.167573,48,0.6958333253860474
1569839928.7524965,49,0.7383333444595337
1569839929.3526306,50,0.7458333373069763
1569839929.951206,51,0.7333333492279053
1569839930.5556035,52,0.731249988079071
1569839931.1590586,53,0.721666693687439
1569839931.752289,54,0.7204166650772095
1569839932.351214,55,0.7083333134651184
1569839932.9509847,56,0.7429166436195374
1569839933.5434332,57,0.7445833086967468
1569839934.1465597,58,0.7225000262260437
1569839934.7465465,59,0.7170833349227905
1569839935.3437548,60,0.7337499856948853
1569839935.9427323,61,0.7604166865348816
1569839936.5464733,62,0.7508333325386047
1569839937.142451,63,0.731249988079071
1569839937.7387457,64,0.7362499833106995
1569839938.3388789,65,0.7404166460037231
1569839938.9365568,66,0.7512500286102295
1569839939.536952,67,0.7254166603088379
1569839940.141118,68,0.7358333468437195
1569839940.7362208,69,0.7262499928474426
1569839941.333353,70,0.7291666865348816
1569839941.9373362,71,0.7745833396911621
1569839942.5323946,72,0.7437499761581421
1569839943.1223505,73,0.7704166769981384
1569839943.7210803,74,0.7566666603088379
1569839944.31346,75,0.7495833039283752
1569839944.912357,76,0.7325000166893005
1569839945.5059516,77,0.7387499809265137
1569839946.1064487,78,0.7141666412353516
1569839946.70951,79,0.7295833230018616
1569839947.31057,80,0.7133333086967468
1569839947.908035,81,0.7520833611488342
1569839948.4987772,82,0.7508333325386047
1569839949.0968277,83,0.7599999904632568
1569839949.7028096,84,0.7799999713897705
1569839950.2987869,85,0.7629166841506958
1569839950.8917167,86,0.7720833420753479
1569839951.491603,87,0.7250000238418579
1569839952.0888233,88,0.747083306312561
1569839952.6911726,89,0.7612500190734863
1569839953.2925177,90,0.7762500047683716
1569839953.8913739,91,0.7549999952316284
1569839954.491035,92,0.747083306312561
1569839955.0926054,93,0.7512500286102295
1569839955.6936247,94,0.762499988079071
1569839956.2949076,95,0.737500011920929
1569839956.8971057,96,0.7520833611488342
1569839957.4966037,97,0.7758333086967468
1569839958.096398,98,0.7774999737739563
1569839958.6922224,99,0.7674999833106995
1569839959.287732,100,0.7704166769981384
1569839959.8885405,101,0.7862499952316284
1569839960.487364,102,0.7891666889190674
1569839961.0825064,103,0.7458333373069763
1569839961.6782827,104,0.7520833611488342
1569839962.2708943,105,0.7774999737739563
1569839962.8674915,106,0.7870833277702332
1569839963.4678643,107,0.8008333444595337
1569839964.060794,108,0.78125
1569839964.6421514,109,0.7608333230018616
1569839965.222461,110,0.7666666507720947
1569839965.8132212,111,0.7491666674613953
1569839966.413703,112,0.7837499976158142
1569839967.0132716,113,0.7362499833106995
1569839967.612643,114,0.8174999952316284
1569839968.2081869,115,0.7749999761581421
1569839968.798662,116,0.7637500166893005
1569839969.3927906,117,0.7945833206176758
1569839969.9818425,118,0.7737500071525574
1569839970.5745373,119,0.7495833039283752
1569839971.161746,120,0.7887499928474426
1569839971.7602465,121,0.8050000071525574
1569839972.3503864,122,0.7733333110809326
1569839972.942171,123,0.7799999713897705
1569839973.537308,124,0.7541666626930237
1569839974.1329079,125,0.7995833158493042
1569839974.7281864,126,0.7387499809265137
1569839975.3205395,127,0.7716666460037231
1569839975.9209218,128,0.7854166626930237
1569839976.513111,129,0.7758333086967468
1569839977.095837,130,0.7854166626930237
1569839977.6793864,131,0.7816666960716248
1569839978.2672105,132,0.7866666913032532
1569839978.8478506,133,0.7737500071525574
1569839979.4348917,134,0.7379166483879089
1569839980.026318,135,0.7720833420753479
1569839980.6161315,136,0.7512500286102295
1569839981.2009056,137,0.7454166412353516
1569839981.781148,138,0.815416693687439
1569839982.361273,139,0.7766666412353516
1569839982.9417412,140,0.7695833444595337
1569839983.5216744,141,0.7524999976158142
1569839984.1041749,142,0.8108333349227905
1569839984.6821623,143,0.7870833277702332
1569839985.2646248,144,0.7975000143051147
1569839985.8494196,145,0.7679166793823242
1569839986.4311244,146,0.8083333373069763
1569839987.0075529,147,0.78125
1569839987.5872066,148,0.7870833277702332
1569839988.1695077,149,0.7662500143051147
1569839988.747334,150,0.7674999833106995
1569839989.3265605,151,0.7754166722297668
1569839989.9178147,152,0.7983333468437195
1569839990.5056891,153,0.7720833420753479
1569839991.0855167,154,0.8025000095367432
1569839991.6659782,155,0.75
1569839992.2467592,156,0.7762500047683716
1569839992.827001,157,0.7870833277702332
1569839993.40716,158,0.7683333158493042
1569839993.9858549,159,0.7875000238418579
1569839994.569503,160,0.7799999713897705
1569839995.1512,161,0.7720833420753479
1569839995.7318144,162,0.7791666388511658
1569839996.3170528,163,0.7649999856948853
1569839996.8972864,164,0.7400000095367432
1569839997.4792376,165,0.7704166769981384
1569839998.0558486,166,0.7762500047683716
1569839998.63601,167,0.7983333468437195
1569839999.220357,168,0.7854166626930237
1569839999.8017392,169,0.7475000023841858
1569840000.386519,170,0.7916666865348816
1569840000.9796295,171,0.7504166960716248
1569840001.5666518,172,0.7904166579246521
1569840002.161747,173,0.7737500071525574
1569840002.7532487,174,0.8104166388511658
1569840003.3535376,175,0.7866666913032532
1569840003.9504614,176,0.7554166913032532
1569840004.5378304,177,0.7829166650772095
1569840005.1173575,178,0.7887499928474426
1569840005.6991875,179,0.809583306312561
1569840006.2778106,180,0.7912499904632568
1569840006.8696053,181,0.7691666483879089
1569840007.4512422,182,0.7808333039283752
1569840008.0356395,183,0.7583333253860474
1569840008.619505,184,0.7908333539962769
1569840009.2064927,185,0.76583331823349
1569840009.7969007,186,0.7583333253860474
1569840010.3777566,187,0.8195833563804626
1569840010.9643612,188,0.7933333516120911
1569840011.5474393,189,0.7587500214576721
1569840012.1291468,190,0.7833333611488342
1569840012.7163985,191,0.7879166603088379
1569840013.2996557,192,0.7887499928474426
1569840013.879736,193,0.7479166388511658
1569840014.4665675,194,0.768750011920929
1569840015.063472,195,0.7866666913032532
1569840015.6622396,196,0.7737500071525574
1569840016.2575045,197,0.7758333086967468
1569840016.8582895,198,0.7729166746139526
1569840017.456217,199,0.8133333325386047
