Wall time,Step,Value
1569839974.813645,0,0.1617424190044403
1569839975.4287064,1,0.2670454680919647
1569839976.0205126,2,0.2876893877983093
1569839976.607291,3,0.3164772689342499
1569839977.2027764,4,0.3295454680919647
1569839977.8066056,5,0.34109848737716675
1569839978.4074018,6,0.313446968793869
1569839979.0071661,7,0.34715908765792847
1569839979.5977705,8,0.3390151560306549
1569839980.1936624,9,0.3431818187236786
1569839980.777157,10,0.3581439256668091
1569839981.3606968,11,0.3475378751754761
1569839981.9433699,12,0.37310606241226196
1569839982.5254009,13,0.41401514410972595
1569839983.1075535,14,0.4223484992980957
1569839983.688122,15,0.457196980714798
1569839984.271139,16,0.5261363387107849
1569839984.858113,17,0.5653409361839294
1569839985.4565132,18,0.5939394235610962
1569839986.0569372,19,0.614393949508667
1569839986.6431332,20,0.6193181872367859
1569839987.2392442,21,0.625
1569839987.8424208,22,0.5840908885002136
1569839988.4387474,23,0.6170454621315002
1569839989.0467591,24,0.647537887096405
1569839989.6514406,25,0.6393939256668091
1569839990.2542584,26,0.6600378751754761
1569839990.8508847,27,0.644318163394928
1569839991.4361868,28,0.6831439137458801
1569839992.035524,29,0.6835227012634277
1569839992.6375418,30,0.6810606122016907
1569839993.2383716,31,0.6339015364646912
1569839993.8251207,32,0.6772727370262146
1569839994.419277,33,0.7039772868156433
1569839995.016121,34,0.6880682110786438
1569839995.6163812,35,0.7142045497894287
1569839996.2032251,36,0.7077651619911194
1569839996.785248,37,0.664962112903595
1569839997.3677795,38,0.6816287636756897
1569839997.950748,39,0.7096590995788574
1569839998.5366802,40,0.6852272748947144
1569839999.1212711,41,0.685606062412262
1569839999.705638,42,0.6933712363243103
1569840000.2969625,43,0.6939393877983093
1569840000.8821514,44,0.7018939256668091
1569840001.4754193,45,0.7096590995788574
1569840002.0594623,46,0.698106050491333
1569840002.6489978,47,0.7142045497894287
1569840003.2440224,48,0.7284091114997864
1569840003.842524,49,0.7227272987365723
1569840004.4456408,50,0.7121211886405945
1569840005.0543225,51,0.7346590757369995
1569840005.659221,52,0.6920454502105713
1569840006.2640035,53,0.7554924488067627
1569840006.8618438,54,0.7373105883598328
1569840007.4583635,55,0.7448863387107849
1569840008.056626,56,0.7126893997192383
1569840008.6538043,57,0.7571969628334045
1569840009.2377725,58,0.7227272987365723
1569840009.8326855,59,0.686174213886261
1569840010.4352548,60,0.7469696998596191
1569840011.0373325,61,0.716856062412262
1569840011.6372657,62,0.7534090876579285
1569840012.2338648,63,0.7494317889213562
1569840012.817627,64,0.7475378513336182
1569840013.3980331,65,0.7215909361839294
1569840013.984023,66,0.7373105883598328
1569840014.5716,67,0.7450757622718811
1569840015.153726,68,0.7291666865348816
1569840015.742522,69,0.7700757384300232
1569840016.3260262,70,0.7636363506317139
1569840016.9115398,71,0.737500011920929
1569840017.4932337,72,0.7577651739120483
1569840018.0736873,73,0.7554924488067627
1569840018.6577263,74,0.7803030014038086
1569840019.242486,75,0.7738636136054993
1569840019.8312123,76,0.762499988079071
1569840020.4178398,77,0.7804924249649048
1569840020.998077,78,0.7880681753158569
1569840021.5872128,79,0.7738636136054993
1569840022.173202,80,0.7640151381492615
1569840022.7560115,81,0.7867424488067627
1569840023.3423433,82,0.7598484754562378
1569840023.9277956,83,0.7562500238418579
1569840024.5160415,84,0.7562500238418579
1569840025.0979161,85,0.7556818127632141
1569840025.693679,86,0.7748106122016907
1569840026.2973325,87,0.8028408885002136
1569840026.8923302,88,0.7850378751754761
1569840027.4787958,89,0.7503787875175476
1569840028.0679653,90,0.7823863625526428
1569840028.66083,91,0.7765151262283325
1569840029.2572298,92,0.7679924368858337
1569840029.8435571,93,0.7437499761581421
1569840030.4316356,94,0.7804924249649048
1569840031.0291684,95,0.7784090638160706
1569840031.6266654,96,0.8015151619911194
1569840032.2185044,97,0.7890151739120483
1569840032.81712,98,0.7501894235610962
1569840033.414664,99,0.7952651381492615
1569840034.003116,100,0.7948863506317139
1569840034.598887,101,0.7969697117805481
1569840035.2033384,102,0.809280276298523
1569840035.8072398,103,0.7950757741928101
1569840036.4073846,104,0.811174213886261
1569840037.003564,105,0.8009469509124756
1569840037.6064892,106,0.7990530133247375
1569840038.2092001,107,0.7871212363243103
1569840038.8128884,108,0.8051136136054993
1569840039.4094098,109,0.7992424368858337
1569840039.9978917,110,0.7846590876579285
1569840040.578384,111,0.7910984754562378
1569840041.177813,112,0.7789772748947144
1569840041.7829971,113,0.7647727131843567
1569840042.371629,114,0.7982954382896423
1569840042.9563549,115,0.7952651381492615
1569840043.5407991,116,0.760606050491333
1569840044.1281793,117,0.8015151619911194
1569840044.7116008,118,0.7926136255264282
1569840045.2963252,119,0.8098484873771667
1569840045.8774383,120,0.8089014887809753
1569840046.457556,121,0.8034090995788574
1569840047.0414255,122,0.7933712005615234
1569840047.628307,123,0.7975378632545471
1569840048.2239206,124,0.771212100982666
1569840048.8223069,125,0.7852272987365723
1569840049.413168,126,0.8196969628334045
1569840050.007112,127,0.7950757741928101
1569840050.5935504,128,0.801893949508667
1569840051.1915762,129,0.7768939137458801
1569840051.7922206,130,0.8193181753158569
1569840052.3873708,131,0.7869318127632141
1569840052.9732149,132,0.7971590757369995
1569840053.5559647,133,0.7852272987365723
1569840054.1414819,134,0.8007575869560242
1569840054.7254472,135,0.8035984635353088
1569840055.3130941,136,0.7848485112190247
1569840055.9018614,137,0.7935606241226196
1569840056.4863975,138,0.8178030252456665
1569840057.077588,139,0.8096590638160706
1569840057.6713989,140,0.7988636493682861
1569840058.2567759,141,0.8234848380088806
1569840058.841978,142,0.803787887096405
1569840059.4331484,143,0.7789772748947144
1569840060.0214126,144,0.813825786113739
1569840060.6110594,145,0.8053030371665955
1569840061.2166762,146,0.8096590638160706
1569840061.817126,147,0.8259469866752625
1569840062.4071982,148,0.8196969628334045
1569840062.9968908,149,0.7892045378684998
1569840063.5861032,150,0.8073863387107849
1569840064.1843607,151,0.8117424249649048
1569840064.7832754,152,0.8113636374473572
1569840065.3909607,153,0.8257575631141663
1569840065.9774137,154,0.8242424130439758
1569840066.5610404,155,0.8075757622718811
1569840067.1474407,156,0.8178030252456665
1569840067.7300045,157,0.8219696879386902
1569840068.3176603,158,0.8179924488067627
1569840068.9020824,159,0.8121212124824524
1569840069.486186,160,0.8403409123420715
1569840070.0749705,161,0.8119317889213562
1569840070.6696513,162,0.809280276298523
1569840071.263267,163,0.831818163394928
1569840071.8664253,164,0.789393961429596
1569840072.4511993,165,0.8054924011230469
1569840073.0398982,166,0.824431836605072
1569840073.6279745,167,0.8035984635353088
1569840074.2266083,168,0.7833333611488342
1569840074.8241148,169,0.7956439256668091
1569840075.41799,170,0.8303030133247375
1569840076.0073376,171,0.8280302882194519
1569840076.6086392,172,0.7888257503509521
1569840077.1936462,173,0.801893949508667
1569840077.7775633,174,0.8155303001403809
1569840078.3614008,175,0.8121212124824524
1569840078.9453042,176,0.8115530014038086
1569840079.537954,177,0.8261363506317139
1569840080.138247,178,0.801893949508667
1569840080.7310362,179,0.7875000238418579
1569840081.3322515,180,0.8056818246841431
1569840081.9224577,181,0.8217803239822388
1569840082.5107622,182,0.8079545497894287
1569840083.1031482,183,0.813825786113739
1569840083.685121,184,0.8098484873771667
1569840084.2712097,185,0.813825786113739
1569840084.856787,186,0.8081439137458801
1569840085.4382348,187,0.7765151262283325
1569840086.022526,188,0.8276515007019043
1569840086.6078928,189,0.7933712005615234
1569840087.1933575,190,0.7873106002807617
1569840087.7812052,191,0.7958333492279053
1569840088.36823,192,0.8179924488067627
1569840088.9510112,193,0.809280276298523
1569840089.5360494,194,0.7992424368858337
1569840090.1269805,195,0.7990530133247375
1569840090.7125752,196,0.8096590638160706
1569840091.3016195,197,0.8340908885002136
1569840091.8884356,198,0.8113636374473572
1569840092.472903,199,0.8178030252456665
