Wall time,Step,Value
1569839996.2769458,0,0.14166666567325592
1569839996.9424145,1,0.24583333730697632
1569839997.592732,2,0.3425000011920929
1569839998.26003,3,0.30666667222976685
1569839998.9193854,4,0.28999999165534973
1569839999.5731432,5,0.29624998569488525
1569840000.2202218,6,0.3258333206176758
1569840000.873548,7,0.30250000953674316
1569840001.5508273,8,0.2795833349227905
1569840002.1949892,9,0.37583333253860474
1569840002.849175,10,0.3591666519641876
1569840003.4999297,11,0.37583333253860474
1569840004.1450026,12,0.38624998927116394
1569840004.7923286,13,0.34583333134651184
1569840005.4367986,14,0.40708333253860474
1569840006.0846117,15,0.4320833384990692
1569840006.7365654,16,0.3920833468437195
1569840007.3898828,17,0.36666667461395264
1569840008.037089,18,0.5625
1569840008.6909773,19,0.40041667222976685
1569840009.355855,20,0.4404166638851166
1569840010.0157278,21,0.4841666519641876
1569840010.6711452,22,0.47583332657814026
1569840011.3346589,23,0.5554166436195374
1569840011.9997647,24,0.4545833468437195
1569840012.6721203,25,0.5387499928474426
1569840013.3412964,26,0.49416667222976685
1569840014.0159862,27,0.5616666674613953
1569840014.6812289,28,0.5087500214576721
1569840015.3326948,29,0.5129166841506958
1569840015.9962704,30,0.5508333444595337
1569840016.649919,31,0.5824999809265137
1569840017.2950766,32,0.6266666650772095
1569840017.9569426,33,0.4816666543483734
1569840018.6147976,34,0.5216666460037231
1569840019.2634187,35,0.5091666579246521
1569840019.928302,36,0.534166693687439
1569840020.5946777,37,0.5299999713897705
1569840021.2485313,38,0.5616666674613953
1569840021.8963554,39,0.5866666436195374
1569840022.565954,40,0.5191666483879089
1569840023.2318716,41,0.6012499928474426
1569840023.8976786,42,0.5191666483879089
1569840024.5462623,43,0.6370833516120911
1569840025.192724,44,0.6075000166893005
1569840025.837257,45,0.5379166603088379
1569840026.5054023,46,0.5716666579246521
1569840027.170281,47,0.5674999952316284
1569840027.830804,48,0.5862500071525574
1569840028.4907475,49,0.6137499809265137
1569840029.142782,50,0.5504166483879089
1569840029.794795,51,0.622083306312561
1569840030.4454758,52,0.5525000095367432
1569840031.103194,53,0.6324999928474426
1569840031.7536216,54,0.6262500286102295
1569840032.4107683,55,0.7124999761581421
1569840033.05961,56,0.5674999952316284
1569840033.7125344,57,0.5695833563804626
1569840034.3692598,58,0.5883333086967468
1569840035.0286498,59,0.6262500286102295
1569840035.6956623,60,0.590416669845581
1569840036.359921,61,0.6449999809265137
1569840037.021281,62,0.6324999928474426
1569840037.684924,63,0.628333330154419
1569840038.3390977,64,0.6366666555404663
1569840038.9905643,65,0.64083331823349
1569840039.6529477,66,0.6345833539962769
1569840040.3181438,67,0.5733333230018616
1569840040.9697828,68,0.64083331823349
1569840041.627492,69,0.5504166483879089
1569840042.2760878,70,0.6700000166893005
1569840042.9503064,71,0.5504166483879089
1569840043.6048815,72,0.5712500214576721
1569840044.2834668,73,0.6512500047683716
1569840044.9567707,74,0.5670833587646484
1569840045.6287785,75,0.5483333468437195
1569840046.2978497,76,0.64083331823349
1569840046.9619682,77,0.6658333539962769
1569840047.6399517,78,0.6029166579246521
1569840048.3208106,79,0.6954166889190674
1569840048.9983797,80,0.5291666388511658
1569840049.683002,81,0.627916693687439
1569840050.3906012,82,0.6387500166893005
1569840051.0926766,83,0.5670833587646484
1569840051.7937207,84,0.6154166460037231
1569840052.5109687,85,0.5754166841506958
1569840053.1873322,86,0.7225000262260437
1569840053.8755603,87,0.6491666436195374
1569840054.566047,88,0.6658333539962769
1569840055.232248,89,0.659583330154419
1569840055.9036245,90,0.6299999952316284
1569840056.5965889,91,0.6424999833106995
1569840057.27939,92,0.6616666913032532
1569840057.967781,93,0.6866666674613953
1569840058.6476777,94,0.6237499713897705
1569840059.3619263,95,0.550000011920929
1569840060.0230758,96,0.7141666412353516
1569840060.6860297,97,0.5858333110809326
1569840061.352164,98,0.6175000071525574
1569840062.0178876,99,0.5920833349227905
1569840062.7109458,100,0.6445833444595337
1569840063.3987684,101,0.6570833325386047
1569840064.0797067,102,0.5858333110809326
1569840064.7677164,103,0.64041668176651
1569840065.4614823,104,0.7141666412353516
1569840066.1355472,105,0.5625
1569840066.797771,106,0.7225000262260437
1569840067.4657767,107,0.6150000095367432
1569840068.1269574,108,0.6679166555404663
1569840068.795774,109,0.6383333206176758
1569840069.482264,110,0.6570833325386047
1569840070.142671,111,0.6299999952316284
1569840070.8146887,112,0.6487500071525574
1569840071.4978461,113,0.6741666793823242
1569840072.1761482,114,0.5958333611488342
1569840072.8507438,115,0.7583333253860474
1569840073.5042021,116,0.7183333039283752
1569840074.1617465,117,0.5941666960716248
1569840074.882468,118,0.690833330154419
1569840075.5883129,119,0.6887500286102295
1569840076.2843091,120,0.7141666412353516
1569840076.9932804,121,0.7012500166893005
1569840077.7103934,122,0.6066666841506958
1569840078.397627,123,0.6150000095367432
1569840079.0888703,124,0.6087499856948853
1569840079.7984529,125,0.6783333420753479
1569840080.4824219,126,0.7391666769981384
1569840081.1529,127,0.6804166436195374
1569840081.8536339,128,0.7350000143051147
1569840082.5532856,129,0.70333331823349
1569840083.2337646,130,0.6129166483879089
1569840083.9031196,131,0.6087499856948853
1569840084.5808551,132,0.7012500166893005
1569840085.2564366,133,0.7412499785423279
1569840085.9118936,134,0.6783333420753479
1569840086.586376,135,0.5708333253860474
1569840087.2590733,136,0.652916669845581
1569840087.9105563,137,0.7475000023841858
1569840088.5736651,138,0.6949999928474426
1569840089.2301724,139,0.6549999713897705
1569840089.8942983,140,0.690833330154419
1569840090.560565,141,0.6758333444595337
1569840091.2238808,142,0.6866666674613953
1569840091.902589,143,0.6424999833106995
1569840092.5855336,144,0.6612499952316284
1569840093.2510977,145,0.684583306312561
1569840093.9155006,146,0.6612499952316284
1569840094.5769615,147,0.6466666460037231
1569840095.2365413,148,0.6487500071525574
1569840095.905595,149,0.7308333516120911
1569840096.5798805,150,0.7012500166893005
1569840097.2302494,151,0.7266666889190674
1569840097.907931,152,0.659166693687439
1569840098.5674388,153,0.6949999928474426
1569840099.2262847,154,0.6762499809265137
1569840099.8870595,155,0.6487500071525574
1569840100.5505996,156,0.6424999833106995
1569840101.2408433,157,0.684583306312561
1569840101.9116755,158,0.690833330154419
1569840102.5727637,159,0.6549999713897705
1569840103.2360942,160,0.7308333516120911
1569840103.8959794,161,0.7225000262260437
1569840104.5602424,162,0.6887500286102295
1569840105.2219853,163,0.7791666388511658
1569840105.8970227,164,0.6612499952316284
1569840106.5683923,165,0.6804166436195374
1569840107.238733,166,0.6191666722297668
1569840107.8969185,167,0.7308333516120911
1569840108.5522718,168,0.6424999833106995
1569840109.210927,169,0.7329166531562805
1569840109.8765914,170,0.7520833611488342
1569840110.5403008,171,0.6762499809265137
1569840111.189538,172,0.6700000166893005
1569840111.836931,173,0.64041668176651
1569840112.4861777,174,0.6929166913032532
1569840113.1455238,175,0.7266666889190674
1569840113.793301,176,0.7729166746139526
1569840114.4332995,177,0.7350000143051147
1569840115.0952468,178,0.7245833277702332
1569840115.7546155,179,0.5729166865348816
1569840116.4151068,180,0.5920833349227905
1569840117.0773864,181,0.7308333516120911
1569840117.7507253,182,0.6804166436195374
1569840118.39952,183,0.6675000190734863
1569840119.0751772,184,0.690833330154419
1569840119.7289224,185,0.6299999952316284
1569840120.3859277,186,0.6299999952316284
1569840121.0547051,187,0.6783333420753479
1569840121.713334,188,0.5625
1569840122.379374,189,0.6066666841506958
1569840123.0378618,190,0.6866666674613953
1569840123.6925426,191,0.7054166793823242
1569840124.3502233,192,0.6762499809265137
1569840125.0116234,193,0.6175000071525574
1569840125.6700735,194,0.64041668176651
1569840126.3157866,195,0.6445833444595337
1569840126.9814675,196,0.6129166483879089
1569840127.6378713,197,0.6254166960716248
1569840128.2984393,198,0.6804166436195374
1569840128.9498696,199,0.7245833277702332
