Wall time,Step,Value
1569839895.5907443,0,0.16785714030265808
1569839896.2136834,1,0.2410714328289032
1569839896.834551,2,0.25
1569839897.4514604,3,0.2946428656578064
1569839898.0712907,4,0.2720237970352173
1569839898.665993,5,0.2809523940086365
1569839899.2618957,6,0.2898809611797333
1569839899.8633819,7,0.2874999940395355
1569839900.4596689,8,0.29404762387275696
1569839901.0523334,9,0.2883928716182709
1569839901.6511536,10,0.31309524178504944
1569839902.25607,11,0.29404762387275696
1569839902.855467,12,0.3657737970352173
1569839903.454815,13,0.40625
1569839904.0577672,14,0.4312500059604645
1569839904.6565359,15,0.4625000059604645
1569839905.2626693,16,0.49791666865348816
1569839905.8611672,17,0.5032737851142883
1569839906.456474,18,0.5520833134651184
1569839907.0576658,19,0.5136904716491699
1569839907.6557581,20,0.5282738208770752
1569839908.2558146,21,0.5086309313774109
1569839908.8520286,22,0.5196428298950195
1569839909.4520116,23,0.5348214507102966
1569839910.049941,24,0.5401785969734192
1569839910.6426914,25,0.5761904716491699
1569839911.246325,26,0.5627976059913635
1569839911.8476672,27,0.567559540271759
1569839912.446607,28,0.5866071581840515
1569839913.0427783,29,0.6068452596664429
1569839913.6400073,30,0.6029762029647827
1569839914.2348974,31,0.6092261672019958
1569839914.8255594,32,0.6416666507720947
1569839915.42207,33,0.680654764175415
1569839916.0271099,34,0.6136904954910278
1569839916.6263075,35,0.6434524059295654
1569839917.231715,36,0.6434524059295654
1569839917.831468,37,0.6410714387893677
1569839918.425444,38,0.6491071581840515
1569839919.0179687,39,0.7014880776405334
1569839919.6219652,40,0.6964285969734192
1569839920.212985,41,0.692559540271759
1569839920.8122225,42,0.7172619104385376
1569839921.4112737,43,0.6982142925262451
1569839922.015833,44,0.6744047403335571
1569839922.610788,45,0.6672618985176086
1569839923.2107418,46,0.6812499761581421
1569839923.8127317,47,0.6946428418159485
1569839924.4074707,48,0.6860119104385376
1569839925.011365,49,0.7053571343421936
1569839925.6126392,50,0.6901785731315613
1569839926.21771,51,0.694345235824585
1569839926.8207831,52,0.6946428418159485
1569839927.4250662,53,0.7047619223594666
1569839928.0253131,54,0.7089285850524902
1569839928.62492,55,0.7139880657196045
1569839929.2231247,56,0.661309540271759
1569839929.8206913,57,0.663690447807312
1569839930.416335,58,0.6711309552192688
1569839931.0130339,59,0.6937500238418579
1569839931.6060226,60,0.6970238089561462
1569839932.201118,61,0.723809540271759
1569839932.8062844,62,0.7184523940086365
1569839933.406851,63,0.6934523582458496
1569839934.0057945,64,0.7151785492897034
1569839934.6141138,65,0.7122023701667786
1569839935.210753,66,0.7017857432365417
1569839935.808924,67,0.731249988079071
1569839936.410013,68,0.706250011920929
1569839937.0124524,69,0.7035714387893677
1569839937.6101522,70,0.7139880657196045
1569839938.2106526,71,0.7107142806053162
1569839938.8130038,72,0.7157738208770752
1569839939.4073617,73,0.7324404716491699
1569839940.0059855,74,0.692559540271759
1569839940.602101,75,0.7130952477455139
1569839941.1973577,76,0.7285714149475098
1569839941.7972043,77,0.6895833611488342
1569839942.3975158,78,0.7372024059295654
1569839942.996109,79,0.7351190447807312
1569839943.591813,80,0.7369047403335571
1569839944.21033,81,0.7369047403335571
1569839944.8211656,82,0.7270833253860474
1569839945.42506,83,0.7342261672019958
1569839946.0185933,84,0.743154764175415
1569839946.6121867,85,0.7636904716491699
1569839947.2167816,86,0.7485119104385376
1569839947.8278227,87,0.7264881134033203
1569839948.464839,88,0.7538690567016602
1569839949.0773861,89,0.7541666626930237
1569839949.6862726,90,0.761904776096344
1569839950.3090808,91,0.7523809671401978
1569839950.937351,92,0.7824404835700989
1569839951.5550473,93,0.773809552192688
1569839952.1633267,94,0.7732142806053162
1569839952.7868745,95,0.7833333611488342
1569839953.404683,96,0.7657738327980042
1569839954.023314,97,0.7535714507102966
1569839954.6368906,98,0.7464285492897034
1569839955.2588203,99,0.7964285612106323
1569839955.8866856,100,0.7860119342803955
1569839956.5338752,101,0.7955357432365417
1569839957.198896,102,0.7714285850524902
1569839957.812246,103,0.7955357432365417
1569839958.4223003,104,0.8208333253860474
1569839959.0286572,105,0.800000011920929
1569839959.6252863,106,0.793749988079071
1569839960.2269154,107,0.8220238089561462
1569839960.821911,108,0.8008928298950195
1569839961.4443672,109,0.8107143044471741
1569839962.0648913,110,0.7794643044471741
1569839962.6827028,111,0.793154776096344
1569839963.2981014,112,0.7904762029647827
1569839963.9112744,113,0.8020833134651184
1569839964.5363686,114,0.8029761910438538
1569839965.1561294,115,0.8071428537368774
1569839965.774975,116,0.8202381134033203
1569839966.408602,117,0.8125
1569839967.0226963,118,0.8047618865966797
1569839967.6359625,119,0.7997024059295654
1569839968.2448766,120,0.78125
1569839968.8478165,121,0.8008928298950195
1569839969.4435215,122,0.7997024059295654
1569839970.0484478,123,0.8032737970352173
1569839970.6546674,124,0.8270833492279053
1569839971.2522476,125,0.8095238208770752
1569839971.8498852,126,0.7907738089561462
1569839972.450864,127,0.8059523701667786
1569839973.0512407,128,0.8065476417541504
1569839973.6477416,129,0.7830356955528259
1569839974.2514052,130,0.7967261672019958
1569839974.86487,131,0.7833333611488342
1569839975.4618952,132,0.8202381134033203
1569839976.063041,133,0.7898809313774109
1569839976.662679,134,0.8270833492279053
1569839977.2711537,135,0.8127976059913635
1569839977.870759,136,0.8407738208770752
1569839978.4712603,137,0.800000011920929
1569839979.0713096,138,0.7997024059295654
1569839979.6667395,139,0.793154776096344
1569839980.2623055,140,0.8077380657196045
1569839980.8652997,141,0.8068452477455139
1569839981.4634354,142,0.7994047403335571
1569839982.056714,143,0.8089285492897034
1569839982.6541224,144,0.8255952596664429
1569839983.2550993,145,0.8125
1569839983.8549898,146,0.8107143044471741
1569839984.4504678,147,0.8092262148857117
1569839985.0436912,148,0.8145833611488342
1569839985.6463296,149,0.8065476417541504
1569839986.2438679,150,0.8154761791229248
1569839986.8376567,151,0.7958333492279053
1569839987.4331894,152,0.831845223903656
1569839988.0268757,153,0.8002976179122925
1569839988.615312,154,0.824404776096344
1569839989.204472,155,0.8261904716491699
1569839989.8072321,156,0.8127976059913635
1569839990.4005144,157,0.8166666626930237
1569839990.9958253,158,0.7997024059295654
1569839991.597338,159,0.7991071343421936
1569839992.192,160,0.8422619104385376
1569839992.7907314,161,0.8339285850524902
1569839993.387416,162,0.7901785969734192
1569839993.9851682,163,0.7708333134651184
1569839994.5851417,164,0.8345237970352173
1569839995.1816082,165,0.7949404716491699
1569839995.781467,166,0.8154761791229248
1569839996.385751,167,0.8208333253860474
1569839996.9952312,168,0.8226190209388733
1569839997.6011868,169,0.8011904954910278
1569839998.2020965,170,0.8133928775787354
1569839998.8122206,171,0.8101190328598022
1569839999.4103267,172,0.8017857074737549
1569840000.011133,173,0.8139880895614624
1569840000.6028101,174,0.8285714387893677
1569840001.2061648,175,0.8276785612106323
1569840001.8056314,176,0.817559540271759
1569840002.4077423,177,0.8101190328598022
1569840003.0154042,178,0.8038690686225891
1569840003.6117454,179,0.8169642686843872
1569840004.2119424,180,0.8235118985176086
1569840004.8277135,181,0.7997024059295654
1569840005.4254076,182,0.7955357432365417
1569840006.0232182,183,0.8160714507102966
1569840006.6236138,184,0.8008928298950195
1569840007.220849,185,0.8032737970352173
1569840007.825457,186,0.8065476417541504
1569840008.4178326,187,0.8098214268684387
1569840009.0111358,188,0.8208333253860474
1569840009.6074839,189,0.7991071343421936
1569840010.2105687,190,0.7961309552192688
1569840010.8059137,191,0.8217262029647827
1569840011.4020555,192,0.8267857432365417
1569840012.002628,193,0.819345235824585
1569840012.6010315,194,0.8059523701667786
1569840013.1919515,195,0.8270833492279053
1569840013.7867203,196,0.788690447807312
1569840014.3853035,197,0.8136904835700989
1569840014.981598,198,0.8178571462631226
1569840015.5866017,199,0.8044642806053162
