Wall time,Step,Value
1569840093.2288756,0,0.2083333283662796
1569840093.8691497,1,0.32343751192092896
1569840094.4966402,2,0.3618055582046509
1569840095.127672,3,0.3348958194255829
1569840095.767629,4,0.3046875
1569840096.3980303,5,0.3383680582046509
1569840097.0292528,6,0.3506944477558136
1569840097.6577332,7,0.33975693583488464
1569840098.2869558,8,0.3470486104488373
1569840098.92188,9,0.3673610985279083
1569840099.5482335,10,0.3489583432674408
1569840100.1815605,11,0.35538193583488464
1569840100.8151639,12,0.35972222685813904
1569840101.453963,13,0.3592014014720917
1569840102.0984037,14,0.3838541805744171
1569840102.7356725,15,0.4173611104488373
1569840103.380033,16,0.4567708373069763
1569840104.0148795,17,0.48229166865348816
1569840104.6586027,18,0.5220485925674438
1569840105.298738,19,0.551562488079071
1569840105.9367242,20,0.5607638955116272
1569840106.5689387,21,0.5557291507720947
1569840107.2053773,22,0.6286458373069763
1569840107.8577585,23,0.5654513835906982
1569840108.4980829,24,0.589930534362793
1569840109.1236136,25,0.6161458492279053
1569840109.7511146,26,0.5798611044883728
1569840110.4005086,27,0.6314235925674438
1569840111.0319412,28,0.6064236164093018
1569840111.654107,29,0.6272569298744202
1569840112.2743337,30,0.5935763716697693
1569840112.8968387,31,0.6322916746139526
1569840113.5292308,32,0.6352430582046509
1569840114.1531506,33,0.6512152552604675
1569840114.778054,34,0.6633680462837219
1569840115.4043226,35,0.6741319298744202
1569840116.0317118,36,0.5927083492279053
1569840116.6542718,37,0.6730902791023254
1569840117.286849,38,0.6612847447395325
1569840117.916124,39,0.6701388955116272
1569840118.5474203,40,0.6614583134651184
1569840119.1790276,41,0.6944444179534912
1569840119.802068,42,0.6774305701255798
1569840120.4187949,43,0.6541666388511658
1569840121.0561702,44,0.5772569179534912
1569840121.684032,45,0.5762152671813965
1569840122.3133938,46,0.6201388835906982
1569840122.9364347,47,0.6194444298744202
1569840123.5638943,48,0.6248263716697693
1569840124.191426,49,0.6473958492279053
1569840124.8189619,50,0.6637153029441833
1569840125.4443364,51,0.6730902791023254
1569840126.0730913,52,0.6798611283302307
1569840126.693457,53,0.6847222447395325
1569840127.3164294,54,0.6958333253860474
1569840127.9432776,55,0.6897569298744202
1569840128.570879,56,0.7057291865348816
1569840129.2003782,57,0.706250011920929
1569840129.831093,58,0.6989583373069763
1569840130.4560952,59,0.7055555582046509
1569840131.1082263,60,0.714930534362793
1569840131.7499373,61,0.7203124761581421
1569840132.3822188,62,0.7355902791023254
1569840133.0039322,63,0.7302083373069763
1569840133.6198664,64,0.7211805582046509
1569840134.3010201,65,0.6887152791023254
1569840134.9752898,66,0.721875011920929
1569840135.6274328,67,0.7013888955116272
1569840136.2958157,68,0.6862847208976746
1569840136.9393692,69,0.722569465637207
1569840137.5988264,70,0.7180555462837219
1569840138.2527993,71,0.7222222089767456
1569840138.9099705,72,0.7407985925674438
1569840139.5610497,73,0.707118034362793
1569840140.2211735,74,0.7170138955116272
1569840140.8773427,75,0.7244791388511658
1569840141.5320714,76,0.7034721970558167
1569840142.1893945,77,0.7057291865348816
1569840142.8579428,78,0.730555534362793
1569840143.509093,79,0.7032986283302307
1569840144.1529617,80,0.7215277552604675
1569840144.7917604,81,0.7335069179534912
1569840145.4346745,82,0.7253472208976746
1569840146.074233,83,0.7394097447395325
1569840146.7142618,84,0.7487847208976746
1569840147.336943,85,0.7574653029441833
1569840147.957894,86,0.7470486164093018
1569840148.5826778,87,0.7592014074325562
1569840149.2119339,88,0.7725694179534912
1569840149.836737,89,0.7803819179534912
1569840150.4669158,90,0.7588541507720947
1569840151.091248,91,0.7732638716697693
1569840151.7165427,92,0.7515624761581421
1569840152.3432188,93,0.7751736044883728
1569840152.9669147,94,0.7753472328186035
1569840153.5941966,95,0.7755208611488342
1569840154.2215874,96,0.761631965637207
1569840154.8571765,97,0.7555555701255798
1569840155.4817784,98,0.796875
1569840156.103273,99,0.7894096970558167
1569840156.7269251,100,0.7961805462837219
1569840157.3582728,101,0.7743055820465088
1569840157.9853685,102,0.785937488079071
1569840158.6074061,103,0.7593749761581421
1569840159.2349246,104,0.7769097089767456
1569840159.8682837,105,0.7782986164093018
1569840160.4840393,106,0.7666666507720947
1569840161.1190016,107,0.8013888597488403
1569840161.762425,108,0.7857638597488403
1569840162.3888605,109,0.7888888716697693
1569840163.0135086,110,0.7973958253860474
1569840163.6416185,111,0.8005208373069763
1569840164.2688882,112,0.7991319298744202
1569840164.908107,113,0.7927083373069763
1569840165.5381835,114,0.7907986044883728
1569840166.1662772,115,0.7913194298744202
1569840166.7972739,116,0.7965278029441833
1569840167.424621,117,0.7798610925674438
1569840168.057037,118,0.7881944179534912
1569840168.6881468,119,0.8041666746139526
1569840169.3225765,120,0.7887153029441833
1569840169.9463027,121,0.785937488079071
1569840170.5714464,122,0.8012152910232544
1569840171.1962605,123,0.8036458492279053
1569840171.8223488,124,0.7855902910232544
1569840172.4466095,125,0.7857638597488403
1569840173.0668697,126,0.785937488079071
1569840173.6873815,127,0.8121528029441833
1569840174.3092813,128,0.7828124761581421
1569840174.9465156,129,0.7935763597488403
1569840175.5768988,130,0.7888888716697693
1569840176.1970143,131,0.8072916865348816
1569840176.8162093,132,0.7994791865348816
1569840177.436528,133,0.8263888955116272
1569840178.0675426,134,0.7802083492279053
1569840178.69664,135,0.7878472208976746
1569840179.3176422,136,0.7854166626930237
1569840179.9430041,137,0.7779513597488403
1569840180.5663273,138,0.7861111164093018
1569840181.192289,139,0.7967013716697693
1569840181.8187418,140,0.7723958492279053
1569840182.438999,141,0.7855902910232544
1569840183.062311,142,0.7880208492279053
1569840183.6862893,143,0.8045138716697693
1569840184.3112264,144,0.7857638597488403
1569840184.9335678,145,0.7869791388511658
1569840185.5580528,146,0.7755208611488342
1569840186.1815448,147,0.8121528029441833
1569840186.8120089,148,0.8064236044883728
1569840187.4338932,149,0.7753472328186035
1569840188.06231,150,0.7862847447395325
1569840188.68644,151,0.7989583611488342
1569840189.3141153,152,0.7786458134651184
1569840189.9422395,153,0.7671874761581421
1569840190.5679007,154,0.765625
1569840191.201064,155,0.7854166626930237
1569840191.8274624,156,0.777430534362793
1569840192.4537523,157,0.7911458611488342
1569840193.0821264,158,0.7713541388511658
1569840193.7035863,159,0.7614583373069763
1569840194.3279476,160,0.7939236164093018
1569840194.956971,161,0.7881944179534912
1569840195.5783944,162,0.7967013716697693
1569840196.1975927,163,0.7911458611488342
1569840196.8189552,164,0.801562488079071
1569840197.4419913,165,0.7800347208976746
1569840198.069666,166,0.7626736164093018
1569840198.6989844,167,0.7888888716697693
1569840199.324334,168,0.7911458611488342
1569840199.9567664,169,0.7835069298744202
1569840200.5973344,170,0.7828124761581421
1569840201.2231104,171,0.7782986164093018
1569840201.8852994,172,0.7564235925674438
1569840202.5413032,173,0.7779513597488403
1569840203.1778727,174,0.777430534362793
1569840203.834754,175,0.777256965637207
1569840204.4783154,176,0.762499988079071
1569840205.1282222,177,0.7847222089767456
1569840205.78062,178,0.7777777910232544
1569840206.4324844,179,0.7621527910232544
1569840207.0977898,180,0.8039930462837219
1569840207.741063,181,0.7723958492279053
1569840208.3784509,182,0.7847222089767456
1569840209.0188675,183,0.776562511920929
1569840209.6566255,184,0.7828124761581421
1569840210.3241134,185,0.7878472208976746
1569840210.9664729,186,0.7652778029441833
1569840211.6099486,187,0.7770833373069763
1569840212.2545323,188,0.8012152910232544
1569840212.8986287,189,0.7706597447395325
1569840213.5441415,190,0.7673611044883728
1569840214.1879578,191,0.7407985925674438
1569840214.8431818,192,0.7847222089767456
1569840215.4881861,193,0.7833333611488342
1569840216.1315491,194,0.78125
1569840216.776102,195,0.7866319417953491
1569840217.4245443,196,0.7753472328186035
1569840218.071626,197,0.7668402791023254
1569840218.7153084,198,0.7777777910232544
1569840219.363411,199,0.785243034362793
