Wall time,Step,Value
1569839977.1443343,0,0.28333333134651184
1569839977.8016691,1,0.3020833432674408
1569839978.4419045,2,0.2916666567325592
1569839979.0657108,3,0.36666667461395264
1569839979.6926703,4,0.33541667461395264
1569839980.3178089,5,0.40833333134651184
1569839980.93714,6,0.4166666567325592
1569839981.559661,7,0.38749998807907104
1569839982.179333,8,0.39791667461395264
1569839982.797845,9,0.3687500059604645
1569839983.4202495,10,0.4270833432674408
1569839984.0378118,11,0.4124999940395355
1569839984.6520035,12,0.5333333611488342
1569839985.2722628,13,0.4854166805744171
1569839985.8968906,14,0.5229166746139526
1569839986.5152416,15,0.5166666507720947
1569839987.1405694,16,0.5166666507720947
1569839987.7628126,17,0.5666666626930237
1569839988.3820667,18,0.5520833134651184
1569839989.0051365,19,0.550000011920929
1569839989.6277986,20,0.5479166507720947
1569839990.2560437,21,0.6166666746139526
1569839990.8753626,22,0.6229166388511658
1569839991.492539,23,0.6145833134651184
1569839992.121561,24,0.5895833373069763
1569839992.7408311,25,0.637499988079071
1569839993.3599496,26,0.6583333611488342
1569839993.9853358,27,0.612500011920929
1569839994.606377,28,0.5979166626930237
1569839995.2397015,29,0.6625000238418579
1569839995.857116,30,0.6854166388511658
1569839996.4798343,31,0.637499988079071
1569839997.1024926,32,0.6312500238418579
1569839997.727207,33,0.6270833611488342
1569839998.342773,34,0.668749988079071
1569839998.9759464,35,0.637499988079071
1569839999.6009867,36,0.625
1569840000.2220292,37,0.6791666746139526
1569840000.8405325,38,0.668749988079071
1569840001.4624863,39,0.65625
1569840002.081322,40,0.6812499761581421
1569840002.7021148,41,0.6833333373069763
1569840003.322268,42,0.668749988079071
1569840003.9413838,43,0.6937500238418579
1569840004.5632298,44,0.6791666746139526
1569840005.1860702,45,0.699999988079071
1569840005.8028271,46,0.6583333611488342
1569840006.4253702,47,0.6875
1569840007.0481117,48,0.7124999761581421
1569840007.6719573,49,0.6958333253860474
1569840008.296316,50,0.737500011920929
1569840008.9211965,51,0.7354166507720947
1569840009.540205,52,0.7020833492279053
1569840010.1604645,53,0.75
1569840010.7806787,54,0.6854166388511658
1569840011.405378,55,0.7416666746139526
1569840012.0272076,56,0.7250000238418579
1569840012.6425083,57,0.7083333134651184
1569840013.2626758,58,0.7395833134651184
1569840013.8814068,59,0.7520833611488342
1569840014.5019405,60,0.7229166626930237
1569840015.1251981,61,0.699999988079071
1569840015.7419953,62,0.706250011920929
1569840016.3619986,63,0.7437499761581421
1569840016.984756,64,0.7645833492279053
1569840017.61159,65,0.768750011920929
1569840018.234764,66,0.71875
1569840018.861532,67,0.7562500238418579
1569840019.4852495,68,0.7541666626930237
1569840020.1062474,69,0.6958333253860474
1569840020.7269187,70,0.731249988079071
1569840021.3505387,71,0.7437499761581421
1569840021.9816518,72,0.762499988079071
1569840022.5997827,73,0.7666666507720947
1569840023.2208648,74,0.7583333253860474
1569840023.8494542,75,0.7854166626930237
1569840024.4694908,76,0.7562500238418579
1569840025.0964196,77,0.8062499761581421
1569840025.7156665,78,0.7354166507720947
1569840026.3347297,79,0.7645833492279053
1569840026.9517424,80,0.737500011920929
1569840027.5778153,81,0.7333333492279053
1569840028.2003212,82,0.7270833253860474
1569840028.8194437,83,0.7479166388511658
1569840029.436137,84,0.7333333492279053
1569840030.0570488,85,0.71875
1569840030.6772652,86,0.7604166865348816
1569840031.2995017,87,0.7562500238418579
1569840031.9230356,88,0.7729166746139526
1569840032.546271,89,0.7770833373069763
1569840033.169558,90,0.78125
1569840033.7870011,91,0.7708333134651184
1569840034.4069126,92,0.7895833253860474
1569840035.0307229,93,0.7770833373069763
1569840035.650743,94,0.762499988079071
1569840036.2723558,95,0.75
1569840036.8956995,96,0.7833333611488342
1569840037.5245447,97,0.78125
1569840038.1492937,98,0.7666666507720947
1569840038.771474,99,0.7604166865348816
1569840039.3966174,100,0.7520833611488342
1569840040.0122263,101,0.8083333373069763
1569840040.6295831,102,0.7645833492279053
1569840041.2562997,103,0.737500011920929
1569840041.876845,104,0.7708333134651184
1569840042.497674,105,0.7354166507720947
1569840043.1209319,106,0.7458333373069763
1569840043.7461727,107,0.762499988079071
1569840044.3705769,108,0.78125
1569840044.9924784,109,0.75
1569840045.6160758,110,0.7437499761581421
1569840046.240733,111,0.7416666746139526
1569840046.8623042,112,0.7645833492279053
1569840047.4908748,113,0.7416666746139526
1569840048.1257327,114,0.7875000238418579
1569840048.7500436,115,0.7583333253860474
1569840049.376691,116,0.7729166746139526
1569840049.9962716,117,0.7479166388511658
1569840050.6157205,118,0.7749999761581421
1569840051.2368906,119,0.7333333492279053
1569840051.8577015,120,0.7645833492279053
1569840052.479362,121,0.7708333134651184
1569840053.0994096,122,0.7708333134651184
1569840053.720092,123,0.7541666626930237
1569840054.3409636,124,0.78125
1569840054.9578402,125,0.7645833492279053
1569840055.577444,126,0.8354166746139526
1569840056.1979094,127,0.7770833373069763
1569840056.822159,128,0.7854166626930237
1569840057.4438388,129,0.7520833611488342
1569840058.0712075,130,0.7437499761581421
1569840058.6868637,131,0.7729166746139526
1569840059.3052416,132,0.7895833253860474
1569840059.929778,133,0.7479166388511658
1569840060.5486686,134,0.71875
1569840061.1714737,135,0.7895833253860474
1569840061.790383,136,0.7645833492279053
1569840062.4095094,137,0.8083333373069763
1569840063.0294383,138,0.7479166388511658
1569840063.6474972,139,0.7458333373069763
1569840064.2669444,140,0.8020833134651184
1569840064.883353,141,0.8104166388511658
1569840065.5027218,142,0.7395833134651184
1569840066.1273203,143,0.762499988079071
1569840066.7460089,144,0.7583333253860474
1569840067.3624742,145,0.7708333134651184
1569840067.9907312,146,0.7708333134651184
1569840068.6078186,147,0.7854166626930237
1569840069.2279184,148,0.7562500238418579
1569840069.855788,149,0.7562500238418579
1569840070.4770317,150,0.7291666865348816
1569840071.105405,151,0.8020833134651184
1569840071.7274013,152,0.7708333134651184
1569840072.3487556,153,0.8125
1569840072.9756324,154,0.7770833373069763
1569840073.5952837,155,0.7395833134651184
1569840074.2196574,156,0.8270833492279053
1569840074.8495708,157,0.7708333134651184
1569840075.4701314,158,0.8208333253860474
1569840076.0920446,159,0.7916666865348816
1569840076.7120624,160,0.7270833253860474
1569840077.3314817,161,0.8354166746139526
1569840077.9502003,162,0.7604166865348816
1569840078.5679002,163,0.768750011920929
1569840079.1822858,164,0.7729166746139526
1569840079.8008058,165,0.7583333253860474
1569840080.421355,166,0.8125
1569840081.0417511,167,0.8020833134651184
1569840081.665763,168,0.7833333611488342
1569840082.2873974,169,0.7479166388511658
1569840082.9110122,170,0.8145833611488342
1569840083.5362213,171,0.7916666865348816
1569840084.1575162,172,0.7958333492279053
1569840084.7753003,173,0.7979166507720947
1569840085.39627,174,0.75
1569840086.0177925,175,0.7895833253860474
1569840086.6377742,176,0.7833333611488342
1569840087.2629485,177,0.7708333134651184
1569840087.8910022,178,0.7458333373069763
1569840088.5151181,179,0.768750011920929
1569840089.132811,180,0.7770833373069763
1569840089.7477984,181,0.793749988079071
1569840090.3675778,182,0.8041666746139526
1569840090.990828,183,0.762499988079071
1569840091.6078784,184,0.8041666746139526
1569840092.2306612,185,0.7708333134651184
1569840092.8504958,186,0.762499988079071
1569840093.470536,187,0.8229166865348816
1569840094.096884,188,0.8145833611488342
1569840094.7223284,189,0.7395833134651184
1569840095.337558,190,0.7666666507720947
1569840095.9602334,191,0.800000011920929
1569840096.5815701,192,0.8062499761581421
1569840097.199338,193,0.7604166865348816
1569840097.8213105,194,0.7458333373069763
1569840098.4376824,195,0.7979166507720947
1569840099.0610254,196,0.7708333134651184
1569840099.678919,197,0.7875000238418579
1569840100.2970042,198,0.7645833492279053
1569840100.937138,199,0.7895833253860474
