Wall time,Step,Value
1569839968.6413426,0,0.1413690447807312
1569839969.3453057,1,0.22440476715564728
1569839970.0372524,2,0.23869048058986664
1569839970.7419617,3,0.22380952537059784
1569839971.4643674,4,0.22053571045398712
1569839972.1784644,5,0.2514880895614624
1569839972.8857386,6,0.2991071343421936
1569839973.5857348,7,0.31488096714019775
1569839974.287006,8,0.2681547701358795
1569839974.980971,9,0.26994046568870544
1569839975.6745691,10,0.2946428656578064
1569839976.3787498,11,0.28630951046943665
1569839977.080356,12,0.29821428656578064
1569839977.8011806,13,0.3419642746448517
1569839978.5156353,14,0.28065475821495056
1569839979.2096553,15,0.3363095223903656
1569839979.9247456,16,0.36101189255714417
1569839980.6252797,17,0.40238094329833984
1569839981.3211918,18,0.4625000059604645
1569839982.032754,19,0.4404761791229248
1569839982.724331,20,0.5345237851142883
1569839983.4430084,21,0.5056547522544861
1569839984.1610448,22,0.5145833492279053
1569839984.8557768,23,0.5413690209388733
1569839985.550019,24,0.5434523820877075
1569839986.239491,25,0.5255952477455139
1569839986.9370117,26,0.5526785850524902
1569839987.6517603,27,0.5571428537368774
1569839988.356432,28,0.5877976417541504
1569839989.0766206,29,0.5958333611488342
1569839989.7823951,30,0.5776785612106323
1569839990.4968174,31,0.651190459728241
1569839991.2122517,32,0.6089285612106323
1569839991.9200218,33,0.6985118985176086
1569839992.6196504,34,0.625
1569839993.315575,35,0.6330357193946838
1569839994.012846,36,0.6741071343421936
1569839994.7255707,37,0.6413690447807312
1569839995.4365637,38,0.6744047403335571
1569839996.1323185,39,0.6744047403335571
1569839996.8450518,40,0.5985119342803955
1569839997.564669,41,0.6377975940704346
1569839998.2806444,42,0.6967262029647827
1569839998.9938107,43,0.7151785492897034
1569839999.702999,44,0.6559523940086365
1569840000.4121528,45,0.6785714030265808
1569840001.111128,46,0.6479166746139526
1569840001.8206038,47,0.6872023940086365
1569840002.5148342,48,0.6845238208770752
1569840003.208542,49,0.643750011920929
1569840003.9047728,50,0.643750011920929
1569840004.6145067,51,0.6928571462631226
1569840005.3064356,52,0.6702380776405334
1569840006.0238771,53,0.6339285969734192
1569840006.722832,54,0.6440476179122925
1569840007.4339626,55,0.6764881014823914
1569840008.1418505,56,0.6764881014823914
1569840008.8564343,57,0.6461309790611267
1569840009.5553238,58,0.6660714149475098
1569840010.2530391,59,0.6744047403335571
1569840010.9601922,60,0.6625000238418579
1569840011.6908414,61,0.7154762148857117
1569840012.4006622,62,0.7178571224212646
1569840013.0895243,63,0.6970238089561462
1569840013.787952,64,0.6827380657196045
1569840014.5022264,65,0.6952381134033203
1569840015.1957126,66,0.7318452596664429
1569840015.8989778,67,0.7017857432365417
1569840016.6064725,68,0.7199404835700989
1569840017.3167007,69,0.7422618865966797
1569840018.0202794,70,0.7139880657196045
1569840018.7460032,71,0.6791666746139526
1569840019.452667,72,0.6934523582458496
1569840020.1588328,73,0.7098214030265808
1569840020.8612967,74,0.7080357074737549
1569840021.5556846,75,0.6854166388511658
1569840022.2583272,76,0.699404776096344
1569840022.9837933,77,0.7470238208770752
1569840023.7394254,78,0.711904764175415
1569840024.4835546,79,0.7529761791229248
1569840025.2259598,80,0.7244047522544861
1569840025.9502127,81,0.7324404716491699
1569840026.6780338,82,0.6955357193946838
1569840027.3947325,83,0.7422618865966797
1569840028.1289413,84,0.7098214030265808
1569840028.8861525,85,0.7589285969734192
1569840029.6250618,86,0.6854166388511658
1569840030.3397555,87,0.7241071462631226
1569840031.0834067,88,0.7529761791229248
1569840031.8141923,89,0.7324404716491699
1569840032.5440626,90,0.7613095045089722
1569840033.2797215,91,0.7020833492279053
1569840034.01262,92,0.7529761791229248
1569840034.743579,93,0.7327380776405334
1569840035.4940755,94,0.6958333253860474
1569840036.2069304,95,0.7104166746139526
1569840036.930467,96,0.7285714149475098
1569840037.64108,97,0.7309523820877075
1569840038.3512485,98,0.7717261910438538
1569840039.0647912,99,0.7124999761581421
1569840039.770381,100,0.7758928537368774
1569840040.4924998,101,0.7285714149475098
1569840041.211244,102,0.7613095045089722
1569840041.9059203,103,0.7526785731315613
1569840042.612699,104,0.7755952477455139
1569840043.3092756,105,0.7636904716491699
1569840044.0130918,106,0.7205356955528259
1569840044.7306163,107,0.781845211982727
1569840045.45134,108,0.7511904835700989
1569840046.1677384,109,0.7651785612106323
1569840046.8703048,110,0.6818452477455139
1569840047.5683095,111,0.7696428298950195
1569840048.2860265,112,0.773809552192688
1569840048.9972992,113,0.6922619342803955
1569840049.7059867,114,0.7250000238418579
1569840050.420168,115,0.7452380657196045
1569840051.1420712,116,0.8166666626930237
1569840051.8578484,117,0.7267857193946838
1569840052.5627103,118,0.7964285612106323
1569840053.281223,119,0.7571428418159485
1569840054.0051095,120,0.7291666865348816
1569840054.7206125,121,0.7657738327980042
1569840055.4316125,122,0.6958333253860474
1569840056.1482203,123,0.7407737970352173
1569840056.862842,124,0.755059540271759
1569840057.5749283,125,0.743154764175415
1569840058.2853818,126,0.7794643044471741
1569840059.0286381,127,0.7657738327980042
1569840059.729724,128,0.7553571462631226
1569840060.4308422,129,0.776190459728241
1569840061.125684,130,0.7309523820877075
1569840061.8472257,131,0.7184523940086365
1569840062.5635111,132,0.7491071224212646
1569840063.2873685,133,0.7535714507102966
1569840063.9957137,134,0.7386904954910278
1569840064.6950452,135,0.6693452596664429
1569840065.4174132,136,0.6860119104385376
1569840066.1228938,137,0.7023809552192688
1569840066.8252404,138,0.7636904716491699
1569840067.5488195,139,0.7386904954910278
1569840068.247559,140,0.7616071701049805
1569840068.9589164,141,0.788095235824585
1569840069.6776881,142,0.7470238208770752
1569840070.3961623,143,0.757440447807312
1569840071.098554,144,0.661309540271759
1569840071.8175092,145,0.7672619223594666
1569840072.5318198,146,0.7598214149475098
1569840073.2485611,147,0.7205356955528259
1569840073.9612448,148,0.788095235824585
1569840074.671458,149,0.7571428418159485
1569840075.3883028,150,0.7961309552192688
1569840076.097571,151,0.7142857313156128
1569840076.821322,152,0.793749988079071
1569840077.5433238,153,0.7636904716491699
1569840078.2566993,154,0.7205356955528259
1569840078.9736314,155,0.7163690328598022
1569840079.6877437,156,0.7324404716491699
1569840080.4405932,157,0.7163690328598022
1569840081.210772,158,0.7407737970352173
1569840081.9524715,159,0.7633928656578064
1569840082.7057085,160,0.8002976179122925
1569840083.4548182,161,0.7285714149475098
1569840084.21715,162,0.7324404716491699
1569840084.9685893,163,0.6735119223594666
1569840085.7248993,164,0.7654761672019958
1569840086.460974,165,0.7250000238418579
1569840087.1898513,166,0.7410714030265808
1569840087.9728246,167,0.7633928656578064
1569840088.72329,168,0.7613095045089722
1569840089.452098,169,0.7386904954910278
1569840090.1717772,170,0.7369047403335571
1569840090.897228,171,0.7083333134651184
1569840091.6325073,172,0.7122023701667786
1569840092.344275,173,0.7491071224212646
1569840093.0476842,174,0.7571428418159485
1569840093.7457604,175,0.7633928656578064
1569840094.4402843,176,0.6940476298332214
1569840095.1619751,177,0.7836309671401978
1569840095.865107,178,0.7282738089561462
1569840096.5645828,179,0.7633928656578064
1569840097.2645903,180,0.7511904835700989
1569840097.960279,181,0.7369047403335571
1569840098.6626637,182,0.8065476417541504
1569840099.360065,183,0.730654776096344
1569840100.064981,184,0.7142857313156128
1569840100.7604864,185,0.7122023701667786
1569840101.4617426,186,0.7184523940086365
1569840102.1810057,187,0.7529761791229248
1569840102.9033842,188,0.7226190567016602
1569840103.6236708,189,0.7309523820877075
1569840104.3466961,190,0.656845211982727
1569840105.0724385,191,0.718154788017273
1569840105.779802,192,0.7327380776405334
1569840106.4987092,193,0.7485119104385376
1569840107.2228553,194,0.7285714149475098
1569840107.938087,195,0.6916666626930237
1569840108.6552203,196,0.7407737970352173
1569840109.3648455,197,0.7732142806053162
1569840110.07389,198,0.7142857313156128
1569840110.771649,199,0.7285714149475098
