Wall time,Step,Value
1569840040.450228,0,0.23782050609588623
1569840041.1074204,1,0.29903846979141235
1569840041.7475553,2,0.3660256266593933
1569840042.3858082,3,0.33028846979141235
1569840043.0220962,4,0.2987179458141327
1569840043.665792,5,0.36233973503112793
1569840044.3013432,6,0.3427884578704834
1569840044.9487946,7,0.31233975291252136
1569840045.5917559,8,0.3282051384449005
1569840046.2318726,9,0.33445513248443604
1569840046.8771474,10,0.32740384340286255
1569840047.5161736,11,0.3594551384449005
1569840048.1521094,12,0.3985576927661896
1569840048.7919645,13,0.35737180709838867
1569840049.4318364,14,0.3727564215660095
1569840050.0718827,15,0.3665063977241516
1569840050.7077398,16,0.3386217951774597
1569840051.347253,17,0.3519230782985687
1569840051.978994,18,0.33782050013542175
1569840052.6131754,19,0.3631410300731659
1569840053.246685,20,0.31410256028175354
1569840053.8870006,21,0.37483975291252136
1569840054.5312505,22,0.43814101815223694
1569840055.1733265,23,0.4360576868057251
1569840055.8137906,24,0.5147435665130615
1569840056.4613342,25,0.4261218011379242
1569840057.103605,26,0.4602563977241516
1569840057.7470498,27,0.43205127120018005
1569840058.3921568,28,0.48317307233810425
1569840059.0349228,29,0.5921474099159241
1569840059.6733413,30,0.5322115421295166
1569840060.318825,31,0.5160256624221802
1569840060.9684687,32,0.5738782286643982
1569840061.6171381,33,0.5751602649688721
1569840062.256403,34,0.5514423251152039
1569840062.8958113,35,0.5339743494987488
1569840063.541586,36,0.6330128312110901
1569840064.1796339,37,0.6134615540504456
1569840064.8197043,38,0.5665063858032227
1569840065.458129,39,0.5586538314819336
1569840066.0975037,40,0.579807698726654
1569840066.7409937,41,0.5769230723381042
1569840067.386734,42,0.607692301273346
1569840068.0319788,43,0.5714743733406067
1569840068.6707916,44,0.6301282048225403
1569840069.3061295,45,0.5943910479545593
1569840069.9418387,46,0.6754807829856873
1569840070.5680673,47,0.6384615302085876
1569840071.2063744,48,0.6126602292060852
1569840071.8434784,49,0.6097756624221802
1569840072.4812787,50,0.6288461685180664
1569840073.1207194,51,0.6509615182876587
1569840073.7620277,52,0.6551281809806824
1569840074.4061775,53,0.6493589878082275
1569840075.0408142,54,0.6089743375778198
1569840075.6724477,55,0.6314102411270142
1569840076.3171022,56,0.5740384459495544
1569840076.95522,57,0.5818910002708435
1569840077.5893815,58,0.6264423131942749
1569840078.216971,59,0.6983974575996399
1569840078.855732,60,0.6501602530479431
1569840079.500731,61,0.659294843673706
1569840080.1388185,62,0.6838141083717346
1569840080.775794,63,0.629807710647583
1569840081.417987,64,0.6227564215660095
1569840082.0568225,65,0.6339743733406067
1569840082.697512,66,0.6955128312110901
1569840083.3413928,67,0.7275640964508057
1569840083.9813433,68,0.7241986989974976
1569840084.6135144,69,0.6652243733406067
1569840085.2559116,70,0.673557698726654
1569840085.9003515,71,0.7330127954483032
1569840086.5370975,72,0.6597756147384644
1569840087.1776435,73,0.7330127954483032
1569840087.821779,74,0.7113782167434692
1569840088.4611926,75,0.6631410121917725
1569840089.0979576,76,0.6631410121917725
1569840089.7371113,77,0.6743589639663696
1569840090.3778315,78,0.7246794700622559
1569840091.021616,79,0.7113782167434692
1569840091.6637053,80,0.687660276889801
1569840092.3018508,81,0.7209935784339905
1569840092.9380722,82,0.7022435665130615
1569840093.5776618,83,0.709294855594635
1569840094.21399,84,0.7043269276618958
1569840094.8533287,85,0.7197115421295166
1569840095.491223,86,0.7176281809806824
1569840096.1131814,87,0.7197115421295166
1569840096.7412374,88,0.728044867515564
1569840097.3697162,89,0.6951923370361328
1569840097.9927716,90,0.7525641322135925
1569840098.638974,91,0.7342948913574219
1569840099.2796183,92,0.6868589520454407
1569840099.917749,93,0.6902243494987488
1569840100.5580869,94,0.7126602530479431
1569840101.2020597,95,0.7588140964508057
1569840101.8394513,96,0.7342948913574219
1569840102.4810154,97,0.7442307472229004
1569840103.1227443,98,0.7097756266593933
1569840103.767727,99,0.6985576748847961
1569840104.4040616,100,0.7068910002708435
1569840105.040583,101,0.713942289352417
1569840105.69063,102,0.6951923370361328
1569840106.3302908,103,0.7230769395828247
1569840106.9604628,104,0.6980769038200378
1569840107.6001089,105,0.7608974575996399
1569840108.2406938,106,0.718910276889801
1569840108.8773277,107,0.7762820720672607
1569840109.5173142,108,0.7160256505012512
1569840110.156253,109,0.7230769395828247
1569840110.793319,110,0.745512843132019
1569840111.44101,111,0.6889423131942749
1569840112.0788732,112,0.6902243494987488
1569840112.719373,113,0.7097756266593933
1569840113.3568523,114,0.7629807591438293
1569840113.9932206,115,0.750160276889801
1569840114.6377313,116,0.6748397350311279
1569840115.2771974,117,0.6972756385803223
1569840115.92724,118,0.7572115659713745
1569840116.5673978,119,0.7559294700622559
1569840117.2067318,120,0.7650641202926636
1569840117.8461323,121,0.7580128312110901
1569840118.4869478,122,0.7272436022758484
1569840119.1303132,123,0.7613782286643982
1569840119.7712505,124,0.7389423251152039
1569840120.4070525,125,0.7788461446762085
1569840121.0524564,126,0.8004807829856873
1569840121.6933365,127,0.7634615302085876
1569840122.3369606,128,0.7642627954483032
1569840122.9759164,129,0.776762843132019
1569840123.6192195,130,0.7439102530479431
1569840124.255778,131,0.7543269395828247
1569840124.8976965,132,0.7772436141967773
1569840125.5386162,133,0.7355769276618958
1569840126.1798785,134,0.7355769276618958
1569840126.825883,135,0.7921474575996399
1569840127.4590688,136,0.7830128073692322
1569840128.1089845,137,0.8025640845298767
1569840128.749585,138,0.7564102411270142
1569840129.3890073,139,0.7809295058250427
1569840130.0262623,140,0.7634615302085876
1569840130.6691418,141,0.7655448913574219
1569840131.31754,142,0.7850961685180664
1569840131.9636512,143,0.7697115540504456
1569840132.603927,144,0.7730769515037537
1569840133.2438982,145,0.7368589639663696
1569840133.8861136,146,0.7584936022758484
1569840134.529227,147,0.7368589639663696
1569840135.1688843,148,0.7879807949066162
1569840135.8088007,149,0.7131410241127014
1569840136.4504595,150,0.8046474456787109
1569840137.0932117,151,0.790544867515564
1569840137.7318738,152,0.7697115540504456
1569840138.3711233,153,0.7214743494987488
1569840139.0119164,154,0.7543269395828247
1569840139.6519878,155,0.7809295058250427
1569840140.2936323,156,0.8025640845298767
1569840140.934919,157,0.7892628312110901
1569840141.5809925,158,0.798397421836853
1569840142.2064927,159,0.7634615302085876
1569840142.8452673,160,0.7751602530479431
1569840143.4746747,161,0.7830128073692322
1569840144.1031961,162,0.7626602649688721
1569840144.7419925,163,0.7543269395828247
1569840145.3813553,164,0.7605769038200378
1569840146.023452,165,0.8283653855323792
1569840146.6692898,166,0.7347756624221802
1569840147.3078632,167,0.8025640845298767
1569840147.948045,168,0.7913461327552795
1569840148.590735,169,0.7165064215660095
1569840149.2386854,170,0.7955127954483032
1569840149.875795,171,0.7892628312110901
1569840150.5134478,172,0.771794855594635
1569840151.1564498,173,0.7668269276618958
1569840151.7899802,174,0.7975961565971375
1569840152.42023,175,0.7934294939041138
1569840153.0460553,176,0.8067307472229004
1569840153.6723154,177,0.7738782167434692
1569840154.297601,178,0.7522435784339905
1569840154.9299407,179,0.7892628312110901
1569840155.5603147,180,0.7759615182876587
1569840156.1845381,181,0.771794855594635
1569840156.8116512,182,0.763942301273346
1569840157.4420524,183,0.7780448794364929
1569840158.0698488,184,0.7759615182876587
1569840158.7000575,185,0.771794855594635
1569840159.325328,186,0.7431089878082275
1569840159.952554,187,0.7647435665130615
1569840160.585302,188,0.8067307472229004
1569840161.219339,189,0.8088141083717346
1569840161.8633277,190,0.8150641322135925
1569840162.5037796,191,0.7963141202926636
1569840163.1418579,192,0.7655448913574219
1569840163.7673945,193,0.7389423251152039
1569840164.3956206,194,0.8046474456787109
1569840165.0202086,195,0.7647435665130615
1569840165.6502864,196,0.7689102292060852
1569840166.2764368,197,0.7584936022758484
1569840166.907792,198,0.7975961565971375
1569840167.5503979,199,0.7522435784339905
