Wall time,Step,Value
1569839912.3662534,0,0.1701388955116272
1569839913.0201616,1,0.2048611044883728
1569839913.650449,2,0.20972222089767456
1569839914.278915,3,0.3020833432674408
1569839914.9007983,4,0.2881944477558136
1569839915.5277042,5,0.2638888955116272
1569839916.14848,6,0.3548611104488373
1569839916.765115,7,0.3409722149372101
1569839917.3854299,8,0.3263888955116272
1569839918.0021627,9,0.2881944477558136
1569839918.620491,10,0.26597222685813904
1569839919.2429135,11,0.3569444417953491
1569839919.8601751,12,0.3027777671813965
1569839920.4804368,13,0.2847222089767456
1569839921.102659,14,0.3131944537162781
1569839921.7255151,15,0.3548611104488373
1569839922.3454702,16,0.3715277910232544
1569839922.9629598,17,0.42847222089767456
1569839923.5827718,18,0.47777777910232544
1569839924.202503,19,0.5159721970558167
1569839924.8238745,20,0.49513888359069824
1569839925.442618,21,0.4937500059604645
1569839926.0607746,22,0.5020833611488342
1569839926.6824663,23,0.5145833492279053
1569839927.3048851,24,0.49861112236976624
1569839927.9256299,25,0.5569444298744202
1569839928.5437267,26,0.6222222447395325
1569839929.1636605,27,0.5652777552604675
1569839929.783822,28,0.606249988079071
1569839930.400429,29,0.5444444417953491
1569839931.0190387,30,0.519444465637207
1569839931.6416833,31,0.5840277671813965
1569839932.2586508,32,0.5895833373069763
1569839932.8794572,33,0.5555555820465088
1569839933.498504,34,0.6229166388511658
1569839934.115279,35,0.5930555462837219
1569839934.7323065,36,0.5701388716697693
1569839935.3525922,37,0.5604166388511658
1569839935.9706094,38,0.6152777671813965
1569839936.5928936,39,0.668055534362793
1569839937.2106366,40,0.5486111044883728
1569839937.8336003,41,0.6138888597488403
1569839938.4522505,42,0.6604166626930237
1569839939.0788136,43,0.6722221970558167
1569839939.7023811,44,0.65625
1569839940.3239937,45,0.6402778029441833
1569839940.9411306,46,0.6097221970558167
1569839941.5629535,47,0.636805534362793
1569839942.1849785,48,0.6305555701255798
1569839942.802591,49,0.6645833253860474
1569839943.4225736,50,0.6979166865348816
1569839944.0397496,51,0.7423611283302307
1569839944.6553042,52,0.738194465637207
1569839945.274818,53,0.7159722447395325
1569839945.892778,54,0.6083333492279053
1569839946.5138245,55,0.699305534362793
1569839947.1349742,56,0.7180555462837219
1569839947.750623,57,0.7097222208976746
1569839948.3692174,58,0.6569444537162781
1569839948.989424,59,0.6576389074325562
1569839949.6104805,60,0.6875
1569839950.2301621,61,0.6527777910232544
1569839950.8514621,62,0.6791666746139526
1569839951.4833055,63,0.6791666746139526
1569839952.109451,64,0.7243055701255798
1569839952.730971,65,0.6576389074325562
1569839953.3490129,66,0.6659722328186035
1569839953.968422,67,0.6937500238418579
1569839954.5896497,68,0.6819444298744202
1569839955.2092488,69,0.7243055701255798
1569839955.8285522,70,0.6861110925674438
1569839956.4504585,71,0.6958333253860474
1569839957.069943,72,0.6513888835906982
1569839957.6900473,73,0.7347221970558167
1569839958.310185,74,0.7430555820465088
1569839958.928501,75,0.7388888597488403
1569839959.5480492,76,0.7555555701255798
1569839960.1645193,77,0.7513889074325562
1569839960.7857873,78,0.6763888597488403
1569839961.4088945,79,0.6965277791023254
1569839962.0326133,80,0.7006944417953491
1569839962.6539462,81,0.7027778029441833
1569839963.2706935,82,0.7131944298744202
1569839963.8927317,83,0.7861111164093018
1569839964.5105507,84,0.6833333373069763
1569839965.1302288,85,0.7118055820465088
1569839965.753749,86,0.7333333492279053
1569839966.3744764,87,0.7576388716697693
1569839966.9918253,88,0.7798610925674438
1569839967.615289,89,0.7763888835906982
1569839968.2326922,90,0.7361111044883728
1569839968.853356,91,0.7076388597488403
1569839969.4724956,92,0.7763888835906982
1569839970.0930233,93,0.7347221970558167
1569839970.7129533,94,0.7361111044883728
1569839971.3337696,95,0.7361111044883728
1569839971.9604394,96,0.7805555462837219
1569839972.5827703,97,0.7263888716697693
1569839973.200505,98,0.7423611283302307
1569839973.8238354,99,0.7826389074325562
1569839974.4437473,100,0.7868055701255798
1569839975.0645835,101,0.7729166746139526
1569839975.683161,102,0.7645833492279053
1569839976.3027177,103,0.8090277910232544
1569839976.9195688,104,0.8215277791023254
1569839977.5400293,105,0.7506944537162781
1569839978.1602654,106,0.7159722447395325
1569839978.779313,107,0.7729166746139526
1569839979.4055607,108,0.7611111402511597
1569839980.0209558,109,0.7423611283302307
1569839980.64252,110,0.7770833373069763
1569839981.2636166,111,0.7506944537162781
1569839981.8842914,112,0.8034722208976746
1569839982.505501,113,0.7847222089767456
1569839983.1244335,114,0.7708333134651184
1569839983.7408352,115,0.7729166746139526
1569839984.3599572,116,0.8097222447395325
1569839984.9775803,117,0.7222222089767456
1569839985.5981102,118,0.793055534362793
1569839986.2189343,119,0.78125
1569839986.8458025,120,0.7444444298744202
1569839987.4688709,121,0.7548611164093018
1569839988.0885003,122,0.8458333611488342
1569839988.7108078,123,0.768750011920929
1569839989.3282995,124,0.7527777552604675
1569839989.9536326,125,0.768750011920929
1569839990.5729613,126,0.8215277791023254
1569839991.1900604,127,0.7972221970558167
1569839991.809965,128,0.7423611283302307
1569839992.4299068,129,0.7916666865348816
1569839993.0481355,130,0.7611111402511597
1569839993.6740932,131,0.7402777671813965
1569839994.2979796,132,0.7972221970558167
1569839994.921651,133,0.7124999761581421
1569839995.5436263,134,0.7611111402511597
1569839996.1647096,135,0.7868055701255798
1569839996.782405,136,0.7631944417953491
1569839997.4053495,137,0.7791666388511658
1569839998.023714,138,0.7951388955116272
1569839998.6436946,139,0.7770833373069763
1569839999.2651248,140,0.8277778029441833
1569839999.8852139,141,0.7569444179534912
1569840000.505429,142,0.8111110925674438
1569840001.1292043,143,0.7388888597488403
1569840001.7601666,144,0.7909722328186035
1569840002.3854609,145,0.8069444298744202
1569840003.0093656,146,0.8152777552604675
1569840003.6292095,147,0.8076388835906982
1569840004.2552888,148,0.7708333134651184
1569840004.8752713,149,0.856249988079071
1569840005.493638,150,0.8131944537162781
1569840006.1134436,151,0.8055555820465088
1569840006.7353206,152,0.8138889074325562
1569840007.358649,153,0.8118055462837219
1569840007.9831793,154,0.7166666388511658
1569840008.6029015,155,0.7263888716697693
1569840009.2190871,156,0.8131944537162781
1569840009.8351357,157,0.8034722208976746
1569840010.4575744,158,0.824305534362793
1569840011.0837126,159,0.7833333611488342
1569840011.7036104,160,0.7430555820465088
1569840012.3252163,161,0.8076388835906982
1569840012.946947,162,0.7673611044883728
1569840013.5637531,163,0.8055555820465088
1569840014.1870332,164,0.8159722089767456
1569840014.808533,165,0.7611111402511597
1569840015.4253151,166,0.7895833253860474
1569840016.0484085,167,0.7590277791023254
1569840016.674231,168,0.7888888716697693
1569840017.2957997,169,0.7472222447395325
1569840017.9176445,170,0.8118055462837219
1569840018.535118,171,0.7895833253860474
1569840019.153681,172,0.7631944417953491
1569840019.7775002,173,0.7451388835906982
1569840020.3986895,174,0.8381944298744202
1569840021.0191557,175,0.7451388835906982
1569840021.649461,176,0.8541666865348816
1569840022.2839584,177,0.7472222447395325
1569840022.921248,178,0.8222222328186035
1569840023.5413597,179,0.769444465637207
1569840024.1636016,180,0.769444465637207
1569840024.7836695,181,0.7430555820465088
1569840025.400669,182,0.7979166507720947
1569840026.020634,183,0.7736111283302307
1569840026.6402278,184,0.7736111283302307
1569840027.2644818,185,0.769444465637207
1569840027.882817,186,0.800000011920929
1569840028.5005999,187,0.7652778029441833
1569840029.1230185,188,0.7548611164093018
1569840029.73924,189,0.8055555820465088
1569840030.3636708,190,0.7979166507720947
1569840030.9844875,191,0.7888888716697693
1569840031.6087902,192,0.7916666865348816
1569840032.2369907,193,0.8138889074325562
1569840032.8629587,194,0.7736111283302307
1569840033.4853163,195,0.7527777552604675
1569840034.1085825,196,0.7368055582046509
1569840034.7307303,197,0.7798610925674438
1569840035.3499782,198,0.8020833134651184
1569840035.9677317,199,0.8076388835906982
