Wall time,Step,Value
1569839956.4635851,0,0.18125000596046448
1569839957.1415136,1,0.28958332538604736
1569839957.7977402,2,0.30416667461395264
1569839958.4571629,3,0.3541666567325592
1569839959.1110938,4,0.2604166567325592
1569839959.7640169,5,0.31041666865348816
1569839960.4056451,6,0.30000001192092896
1569839961.0629025,7,0.31041666865348816
1569839961.7232156,8,0.3062500059604645
1569839962.3800974,9,0.3375000059604645
1569839963.0316434,10,0.28125
1569839963.6737108,11,0.27916666865348816
1569839964.3115966,12,0.3125
1569839964.946326,13,0.3062500059604645
1569839965.5815885,14,0.3333333432674408
1569839966.215643,15,0.31041666865348816
1569839966.8640485,16,0.3583333194255829
1569839967.5091033,17,0.37291666865348816
1569839968.1504886,18,0.4437499940395355
1569839968.7960188,19,0.4124999940395355
1569839969.445712,20,0.4583333432674408
1569839970.100541,21,0.42916667461395264
1569839970.757331,22,0.4229166805744171
1569839971.415353,23,0.4833333194255829
1569839972.0657425,24,0.49166667461395264
1569839972.7118556,25,0.5020833611488342
1569839973.354655,26,0.5166666507720947
1569839973.9951653,27,0.5479166507720947
1569839974.6411822,28,0.5729166865348816
1569839975.2815142,29,0.512499988079071
1569839975.933212,30,0.5625
1569839976.576415,31,0.5854166746139526
1569839977.2180674,32,0.5375000238418579
1569839977.8559082,33,0.518750011920929
1569839978.496206,34,0.5604166388511658
1569839979.136,35,0.5791666507720947
1569839979.7803571,36,0.5708333253860474
1569839980.4214246,37,0.643750011920929
1569839981.0658271,38,0.6020833253860474
1569839981.7096725,39,0.6291666626930237
1569839982.3494623,40,0.6041666865348816
1569839982.9906788,41,0.6229166388511658
1569839983.636678,42,0.6645833253860474
1569839984.2973273,43,0.6229166388511658
1569839984.9568965,44,0.6833333373069763
1569839985.6058488,45,0.6604166626930237
1569839986.265361,46,0.6041666865348816
1569839986.9347656,47,0.6312500238418579
1569839987.5934172,48,0.6229166388511658
1569839988.2522786,49,0.6187499761581421
1569839988.9078248,50,0.6166666746139526
1569839989.5696366,51,0.625
1569839990.2284732,52,0.6270833611488342
1569839990.8911781,53,0.581250011920929
1569839991.5530362,54,0.5687500238418579
1569839992.215592,55,0.6520833373069763
1569839992.8733425,56,0.6083333492279053
1569839993.5382118,57,0.6270833611488342
1569839994.2010572,58,0.6708333492279053
1569839994.8567917,59,0.6770833134651184
1569839995.51249,60,0.6916666626930237
1569839996.1722567,61,0.6354166865348816
1569839996.825994,62,0.71875
1569839997.4766371,63,0.762499988079071
1569839998.1166892,64,0.6583333611488342
1569839998.7620456,65,0.675000011920929
1569839999.4096415,66,0.6770833134651184
1569840000.051648,67,0.7020833492279053
1569840000.6924539,68,0.6666666865348816
1569840001.3317573,69,0.7333333492279053
1569840001.9693437,70,0.7229166626930237
1569840002.6205385,71,0.6833333373069763
1569840003.2621484,72,0.7250000238418579
1569840003.901677,73,0.675000011920929
1569840004.5423117,74,0.7124999761581421
1569840005.1845493,75,0.6875
1569840005.8219109,76,0.7104166746139526
1569840006.477143,77,0.7083333134651184
1569840007.130577,78,0.7416666746139526
1569840007.7906406,79,0.762499988079071
1569840008.4411538,80,0.7291666865348816
1569840009.0910275,81,0.6979166865348816
1569840009.7264876,82,0.7354166507720947
1569840010.3659494,83,0.7333333492279053
1569840011.0019433,84,0.768750011920929
1569840011.6409645,85,0.7354166507720947
1569840012.281631,86,0.699999988079071
1569840012.920267,87,0.7541666626930237
1569840013.562633,88,0.6854166388511658
1569840014.204857,89,0.7291666865348816
1569840014.8414056,90,0.737500011920929
1569840015.476614,91,0.7395833134651184
1569840016.1155303,92,0.7124999761581421
1569840016.761494,93,0.6937500238418579
1569840017.4211757,94,0.7562500238418579
1569840018.0835285,95,0.7270833253860474
1569840018.7424989,96,0.6791666746139526
1569840019.3959851,97,0.7479166388511658
1569840020.052333,98,0.737500011920929
1569840020.7084017,99,0.737500011920929
1569840021.362234,100,0.762499988079071
1569840022.0214577,101,0.7166666388511658
1569840022.678362,102,0.7666666507720947
1569840023.32244,103,0.75
1569840023.9659357,104,0.7791666388511658
1569840024.6048808,105,0.7645833492279053
1569840025.2460027,106,0.768750011920929
1569840025.885094,107,0.762499988079071
1569840026.5258365,108,0.7770833373069763
1569840027.1663852,109,0.7479166388511658
1569840027.8099198,110,0.7562500238418579
1569840028.451534,111,0.6958333253860474
1569840029.100651,112,0.7291666865348816
1569840029.7417312,113,0.7791666388511658
1569840030.3791087,114,0.6895833611488342
1569840031.0142853,115,0.7208333611488342
1569840031.6513312,116,0.6958333253860474
1569840032.2908795,117,0.7708333134651184
1569840032.926232,118,0.7354166507720947
1569840033.5643845,119,0.7479166388511658
1569840034.2051842,120,0.7458333373069763
1569840034.845568,121,0.7437499761581421
1569840035.4864123,122,0.7541666626930237
1569840036.1243298,123,0.65625
1569840036.7655356,124,0.75
1569840037.405876,125,0.7520833611488342
1569840038.0455678,126,0.7166666388511658
1569840038.686226,127,0.7229166626930237
1569840039.326165,128,0.7458333373069763
1569840039.964254,129,0.7604166865348816
1569840040.6008875,130,0.7604166865348816
1569840041.243481,131,0.706250011920929
1569840041.884242,132,0.71875
1569840042.524794,133,0.7520833611488342
1569840043.1661253,134,0.7354166507720947
1569840043.80424,135,0.7437499761581421
1569840044.4448743,136,0.7250000238418579
1569840045.08444,137,0.7416666746139526
1569840045.7213862,138,0.7541666626930237
1569840046.3616188,139,0.7354166507720947
1569840047.0110714,140,0.737500011920929
1569840047.6675498,141,0.7916666865348816
1569840048.3231661,142,0.7354166507720947
1569840048.9817429,143,0.7541666626930237
1569840049.6358156,144,0.7416666746139526
1569840050.290378,145,0.7395833134651184
1569840050.9344666,146,0.71875
1569840051.590424,147,0.7979166507720947
1569840052.2451658,148,0.7520833611488342
1569840052.900986,149,0.7020833492279053
1569840053.547534,150,0.762499988079071
1569840054.2079918,151,0.7291666865348816
1569840054.850525,152,0.7833333611488342
1569840055.4955044,153,0.7604166865348816
1569840056.1394048,154,0.768750011920929
1569840056.780937,155,0.7770833373069763
1569840057.421648,156,0.7395833134651184
1569840058.0642748,157,0.7270833253860474
1569840058.709567,158,0.78125
1569840059.3516076,159,0.7562500238418579
1569840059.9942336,160,0.7583333253860474
1569840060.6416943,161,0.7354166507720947
1569840061.2918508,162,0.7562500238418579
1569840061.9479082,163,0.7208333611488342
1569840062.601252,164,0.7520833611488342
1569840063.2629771,165,0.7562500238418579
1569840063.9214847,166,0.7770833373069763
1569840064.5780165,167,0.7854166626930237
1569840065.2411802,168,0.71875
1569840065.9008112,169,0.7749999761581421
1569840066.5649488,170,0.78125
1569840067.2313838,171,0.8104166388511658
1569840067.893858,172,0.7416666746139526
1569840068.5524344,173,0.7708333134651184
1569840069.2132974,174,0.731249988079071
1569840069.8755362,175,0.7562500238418579
1569840070.5369318,176,0.7291666865348816
1569840071.1964123,177,0.7895833253860474
1569840071.8617895,178,0.78125
1569840072.517888,179,0.7333333492279053
1569840073.1760476,180,0.7875000238418579
1569840073.8215506,181,0.7562500238418579
1569840074.4695373,182,0.7354166507720947
1569840075.1093647,183,0.7604166865348816
1569840075.749277,184,0.7541666626930237
1569840076.3912976,185,0.7520833611488342
1569840077.0541494,186,0.7645833492279053
1569840077.7111971,187,0.6916666626930237
1569840078.368268,188,0.7291666865348816
1569840079.0261133,189,0.7749999761581421
1569840079.6872466,190,0.7833333611488342
1569840080.3452718,191,0.7645833492279053
1569840081.0067437,192,0.7562500238418579
1569840081.6702726,193,0.7645833492279053
1569840082.3331547,194,0.7645833492279053
1569840082.9971373,195,0.7395833134651184
1569840083.6574867,196,0.7437499761581421
1569840084.316809,197,0.7145833373069763
1569840084.976238,198,0.7166666388511658
1569840085.6207104,199,0.699999988079071
