Wall time,Step,Value
1569840083.0324893,0,0.16358695924282074
1569840083.6781924,1,0.2341485470533371
1569840084.3043828,2,0.2824275493621826
1569840084.9346187,3,0.2903985381126404
1569840085.5595062,4,0.3216485381126404
1569840086.2038453,5,0.30914855003356934
1569840086.8295674,6,0.25769928097724915
1569840087.4625313,7,0.313315212726593
1569840088.0938559,8,0.332065224647522
1569840088.7174096,9,0.3386775255203247
1569840089.3474047,10,0.2903079688549042
1569840089.9752865,11,0.3080615997314453
1569840090.598242,12,0.31920289993286133
1569840091.2246213,13,0.3494565188884735
1569840091.849387,14,0.34148550033569336
1569840092.47853,15,0.3125905692577362
1569840093.1147935,16,0.3435688316822052
1569840093.7532327,17,0.3014492690563202
1569840094.3903956,18,0.3125905692577362
1569840095.0221553,19,0.35190218687057495
1569840095.6491015,20,0.35081520676612854
1569840096.2754877,21,0.28306159377098083
1569840096.91067,22,0.385597825050354
1569840097.5393145,23,0.44429346919059753
1569840098.163338,24,0.47128623723983765
1569840098.7884815,25,0.5161231756210327
1569840099.409525,26,0.560597836971283
1569840100.0431955,27,0.5358695387840271
1569840100.6634755,28,0.6245471239089966
1569840101.2892103,29,0.602989137172699
1569840101.9016216,30,0.6287137866020203
1569840102.5129735,31,0.6304348111152649
1569840103.136738,32,0.679076075553894
1569840103.754126,33,0.6178442239761353
1569840104.368206,34,0.7061594128608704
1569840104.9884224,35,0.6950181126594543
1569840105.5962188,36,0.6724637746810913
1569840106.2067902,37,0.6526268124580383
1569840106.842782,38,0.7099637389183044
1569840107.4484746,39,0.7148550748825073
1569840108.074165,40,0.6738224625587463
1569840108.7026885,41,0.6804347634315491
1569840109.3362107,42,0.6689311861991882
1569840109.959538,43,0.7082427740097046
1569840110.6295986,44,0.7016304135322571
1569840111.2750194,45,0.726630449295044
1569840111.9140604,46,0.6710144877433777
1569840112.5643291,47,0.7481883764266968
1569840113.217349,48,0.7461050748825073
1569840113.855554,49,0.7033514380455017
1569840114.505446,50,0.7464674115180969
1569840115.1518734,51,0.6710144877433777
1569840115.8008235,52,0.7527173757553101
1569840116.4492319,53,0.7033514380455017
1569840117.0859115,54,0.7241848111152649
1569840117.719007,55,0.7071558237075806
1569840118.4039323,56,0.7481883764266968
1569840119.0493474,57,0.6946557760238647
1569840119.6959932,58,0.7356883883476257
1569840120.3475513,59,0.7548007369041443
1569840120.9987783,60,0.7370470762252808
1569840121.636867,61,0.7568840384483337
1569840122.2748072,62,0.7467391490936279
1569840122.8887992,63,0.7561594247817993
1569840123.497752,64,0.758967399597168
1569840124.1041481,65,0.73777174949646
1569840124.7187579,66,0.7425724864006042
1569840125.3316185,67,0.7620471119880676
1569840125.941474,68,0.7665761113166809
1569840126.5668738,69,0.7682970762252808
1569840127.184234,70,0.7450181245803833
1569840127.7986832,71,0.7540760636329651
1569840128.4132662,72,0.7321557998657227
1569840129.0378094,73,0.7756340503692627
1569840129.657599,74,0.7446557879447937
1569840130.278187,75,0.7537137866020203
1569840130.8977337,76,0.761684775352478
1569840131.5082967,77,0.7662137746810913
1569840132.1274478,78,0.761684775352478
1569840132.7602425,79,0.7641304135322571
1569840133.3770416,80,0.8019927740097046
1569840134.0028746,81,0.7794383764266968
1569840134.6312363,82,0.781521737575531
1569840135.2488182,83,0.7686594128608704
1569840135.8594809,84,0.7474637627601624
1569840136.4740362,85,0.7721014618873596
1569840137.0865424,86,0.7923007011413574
1569840137.7018607,87,0.7609601616859436
1569840138.333383,88,0.781521737575531
1569840138.9480758,89,0.7554348111152649
1569840139.5840905,90,0.792663037776947
1569840140.2090642,91,0.7769927382469177
1569840140.8226,92,0.7989130616188049
1569840141.4330184,93,0.7894927263259888
1569840142.0471377,94,0.7877717614173889
1569840142.6659453,95,0.7839673757553101
1569840143.282565,96,0.7968297004699707
1569840143.9022348,97,0.7721014618873596
1569840144.5232105,98,0.7985507249832153
1569840145.129279,99,0.8068840503692627
1569840145.7438798,100,0.7981883883476257
1569840146.3585794,101,0.7964673638343811
1569840146.9779124,102,0.7359601259231567
1569840147.6000025,103,0.790217399597168
1569840148.228103,104,0.7877717614173889
1569840148.8503108,105,0.7682970762252808
1569840149.467316,106,0.7853260636329651
1569840150.0816364,107,0.80027174949646
1569840150.6914768,108,0.7752717137336731
1569840151.3013794,109,0.8110507130622864
1569840151.9044054,110,0.7450181245803833
1569840152.5166082,111,0.759239137172699
1569840153.127545,112,0.7964673638343811
1569840153.7405496,113,0.7943840622901917
1569840154.3482509,114,0.8086050748825073
1569840154.95814,115,0.790217399597168
1569840155.5645978,116,0.8110507130622864
1569840156.1854465,117,0.7898550629615784
1569840156.7947204,118,0.7947463989257812
1569840157.4049027,119,0.7877717614173889
1569840158.0240865,120,0.7874094247817993
1569840158.6344993,121,0.7964673638343811
1569840159.2532048,122,0.8131340742111206
1569840159.864907,123,0.761684775352478
1569840160.4836612,124,0.759239137172699
1569840161.1113462,125,0.7811594009399414
1569840161.7236068,126,0.7894927263259888
1569840162.3342767,127,0.7658514380455017
1569840162.9539366,128,0.7964673638343811
1569840163.5643878,129,0.8048007488250732
1569840164.167876,130,0.7932971119880676
1569840164.772615,131,0.7749094367027283
1569840165.385487,132,0.8204709887504578
1569840165.9928782,133,0.7787137627601624
1569840166.602617,134,0.7588768005371094
1569840167.2085438,135,0.8152173757553101
1569840167.8176234,136,0.7613224387168884
1569840168.4317744,137,0.770380437374115
1569840169.0426373,138,0.7964673638343811
1569840169.657446,139,0.8218297362327576
1569840170.2654347,140,0.7839673757553101
1569840170.8826704,141,0.7811594009399414
1569840171.4933705,142,0.8301630616188049
1569840172.1028864,143,0.761684775352478
1569840172.7170873,144,0.7943840622901917
1569840173.327905,145,0.794021725654602
1569840173.9439082,146,0.7853260636329651
1569840174.5603027,147,0.7964673638343811
1569840175.182576,148,0.7981883883476257
1569840175.7976966,149,0.7679347991943359
1569840176.4160461,150,0.7651268243789673
1569840177.0229807,151,0.8030797243118286
1569840177.63394,152,0.802717387676239
1569840178.2520802,153,0.7853260636329651
1569840178.8581896,154,0.7762681245803833
1569840179.4685678,155,0.8110507130622864
1569840180.082994,156,0.7738224864006042
1569840180.6944654,157,0.7877717614173889
1569840181.3163342,158,0.7529891133308411
1569840181.9363673,159,0.7575181126594543
1569840182.544166,160,0.8044384121894836
1569840183.1634018,161,0.7512680888175964
1569840183.778062,162,0.780434787273407
1569840184.3930047,163,0.8152173757553101
1569840185.0038223,164,0.7961050868034363
1569840185.6141746,165,0.7856884002685547
1569840186.2233205,166,0.7961050868034363
1569840186.8415194,167,0.7957427501678467
1569840187.4583542,168,0.8155797123908997
1569840188.0742857,169,0.7856884002685547
1569840188.684805,170,0.7721014618873596
1569840189.301503,171,0.8006340861320496
1569840189.9083664,172,0.759239137172699
1569840190.52167,173,0.7985507249832153
1569840191.1369698,174,0.782880425453186
1569840191.7454677,175,0.8134963512420654
1569840192.3624456,176,0.8148550987243652
1569840192.9825826,177,0.779076099395752
1569840193.6020377,178,0.7547101378440857
1569840194.2115707,179,0.779076099395752
1569840194.8224206,180,0.8006340861320496
1569840195.428354,181,0.7818840742111206
1569840196.0435464,182,0.8051630258560181
1569840196.654369,183,0.7724637389183044
1569840197.2741416,184,0.790217399597168
1569840197.9062638,185,0.7787137627601624
1569840198.5246644,186,0.781521737575531
1569840199.144462,187,0.7874094247817993
1569840199.762568,188,0.7923007011413574
1569840200.3774488,189,0.7675724625587463
1569840200.988959,190,0.8009963631629944
1569840201.6033294,191,0.823913037776947
1569840202.2110558,192,0.8068840503692627
1569840202.8225749,193,0.7936594486236572
1569840203.4334588,194,0.7769927382469177
1569840204.042779,195,0.7756340503692627
1569840204.655416,196,0.7877717614173889
1569840205.271421,197,0.8065217137336731
1569840205.8929436,198,0.7811594009399414
1569840206.5052428,199,0.80027174949646
