Wall time,Step,Value
1569839947.5886593,0,0.1717803031206131
1569839948.2573113,1,0.2130681872367859
1569839948.9016664,2,0.21212121844291687
1569839949.5396109,3,0.22556817531585693
1569839950.173986,4,0.261553019285202
1569839950.807748,5,0.2553030252456665
1569839951.4358733,6,0.25719696283340454
1569839952.0635746,7,0.2922348380088806
1569839952.6944606,8,0.25757575035095215
1569839953.3202949,9,0.24261364340782166
1569839953.9589868,10,0.2920454442501068
1569839954.5887656,11,0.2496212124824524
1569839955.219036,12,0.27897727489471436
1569839955.8525803,13,0.27821969985961914
1569839956.4798903,14,0.2513257563114166
1569839957.1083095,15,0.2537878751754761
1569839957.7608273,16,0.25795453786849976
1569839958.3963377,17,0.30549243092536926
1569839959.0257404,18,0.34185606241226196
1569839959.6573708,19,0.4166666567325592
1569839960.2876647,20,0.4102272689342499
1569839960.9171343,21,0.4433712065219879
1569839961.5536919,22,0.46666666865348816
1569839962.18555,23,0.5056818127632141
1569839962.821882,24,0.5553030371665955
1569839963.4557755,25,0.5204545259475708
1569839964.085682,26,0.5337121486663818
1569839964.7176127,27,0.5753787755966187
1569839965.34765,28,0.5507575869560242
1569839965.9759164,29,0.5327651500701904
1569839966.6072717,30,0.5678030252456665
1569839967.2381115,31,0.5532196760177612
1569839967.8700967,32,0.6064394116401672
1569839968.511696,33,0.5778409242630005
1569839969.1412919,34,0.5636363625526428
1569839969.7736418,35,0.5547348260879517
1569839970.402178,36,0.6017045378684998
1569839971.0288947,37,0.5852272510528564
1569839971.6589434,38,0.5948863625526428
1569839972.2903094,39,0.6157196760177612
1569839972.9235563,40,0.6323863863945007
1569839973.5490978,41,0.6034091114997864
1569839974.1823046,42,0.6335227489471436
1569839974.8177803,43,0.5886363387107849
1569839975.4466672,44,0.6026515364646912
1569839976.0735328,45,0.5778409242630005
1569839976.6992111,46,0.5511363744735718
1569839977.3302588,47,0.5660985112190247
1569839977.9618087,48,0.5899621248245239
1569839978.5959814,49,0.5929924249649048
1569839979.2317932,50,0.6418560743331909
1569839979.8602579,51,0.6435605883598328
1569839980.4903164,52,0.6634469628334045
1569839981.1176631,53,0.6640151739120483
1569839981.7432857,54,0.697537899017334
1569839982.3716347,55,0.706250011920929
1569839983.0036356,56,0.6876894235610962
1569839983.6338139,57,0.6916666626930237
1569839984.263495,58,0.7193182110786438
1569839984.9018683,59,0.6926136612892151
1569839985.5323372,60,0.6992424130439758
1569839986.1598887,61,0.7215909361839294
1569839986.788778,62,0.7049242258071899
1569839987.4221814,63,0.6905303001403809
1569839988.0503025,64,0.7013257741928101
1569839988.680505,65,0.7075757384300232
1569839989.316789,66,0.7390151619911194
1569839989.94861,67,0.7124999761581421
1569839990.5790792,68,0.7013257741928101
1569839991.210893,69,0.7037878632545471
1569839991.843212,70,0.6929924488067627
1569839992.4737368,71,0.6988636255264282
1569839993.1045487,72,0.6873105764389038
1569839993.7346964,73,0.7121211886405945
1569839994.3619626,74,0.6916666626930237
1569839994.9925048,75,0.7111742496490479
1569839995.6261303,76,0.7018939256668091
1569839996.2545218,77,0.7079545259475708
1569839996.8839862,78,0.6905303001403809
1569839997.5138104,79,0.7037878632545471
1569839998.144286,80,0.689393937587738
1569839998.778716,81,0.7149621248245239
1569839999.4033384,82,0.7054924368858337
1569840000.0337193,83,0.6859848499298096
1569840000.6589482,84,0.6772727370262146
1569840001.2845528,85,0.6979166865348816
1569840001.9102926,86,0.6884469985961914
1569840002.5395977,87,0.7070075869560242
1569840003.1735723,88,0.679356038570404
1569840003.8047683,89,0.710037887096405
1569840004.442147,90,0.6782196760177612
1569840005.0740407,91,0.6740530133247375
1569840005.7086315,92,0.7162878513336182
1569840006.3424067,93,0.7263257503509521
1569840006.982271,94,0.7109848260879517
1569840007.608842,95,0.7149621248245239
1569840008.2535703,96,0.6873105764389038
1569840008.8878198,97,0.7089015245437622
1569840009.520949,98,0.7142045497894287
1569840010.1489823,99,0.6967803239822388
1569840010.7874422,100,0.7121211886405945
1569840011.4273803,101,0.7096590995788574
1569840012.0575686,102,0.7064393758773804
1569840012.6882355,103,0.6890151500701904
1569840013.318773,104,0.7212121486663818
1569840013.9537044,105,0.7179924249649048
1569840014.5839622,106,0.7265151739120483
1569840015.2122295,107,0.6806818246841431
1569840015.848771,108,0.7094696760177612
1569840016.4786937,109,0.7018939256668091
1569840017.1088607,110,0.7085227370262146
1569840017.7423217,111,0.7386363744735718
1569840018.3779998,112,0.7151514887809753
1569840019.0102127,113,0.7295454740524292
1569840019.64221,114,0.7246212363243103
1569840020.2702425,115,0.7337121367454529
1569840020.900478,116,0.6785984635353088
1569840021.5287545,117,0.6950757503509521
1569840022.1576738,118,0.7145833373069763
1569840022.7898812,119,0.7092803120613098
1569840023.4187813,120,0.7056818008422852
1569840024.047554,121,0.7128787636756897
1569840024.682179,122,0.7208333611488342
1569840025.3120017,123,0.7149621248245239
1569840025.94216,124,0.7142045497894287
1569840026.5702202,125,0.720075786113739
1569840027.1988103,126,0.7308712005615234
1569840027.826204,127,0.731249988079071
1569840028.462712,128,0.6967803239822388
1569840029.0990405,129,0.7151514887809753
1569840029.7322795,130,0.7242424488067627
1569840030.3631392,131,0.7113636136054993
1569840030.9932623,132,0.710606038570404
1569840031.6320052,133,0.7096590995788574
1569840032.260723,134,0.7151514887809753
1569840032.893124,135,0.710037887096405
1569840033.5275168,136,0.7284091114997864
1569840034.1576257,137,0.7085227370262146
1569840034.786142,138,0.7064393758773804
1569840035.4203277,139,0.7238636612892151
1569840036.0488393,140,0.737500011920929
1569840036.6817374,141,0.7329545617103577
1569840037.3158371,142,0.7410984635353088
1569840037.9498959,143,0.7083333134651184
1569840038.5904057,144,0.7304924130439758
1569840039.2223387,145,0.7229166626930237
1569840039.850147,146,0.7196969985961914
1569840040.4825027,147,0.7325757741928101
1569840041.1178586,148,0.7179924249649048
1569840041.7489302,149,0.7361742258071899
1569840042.381664,150,0.7566288113594055
1569840043.0118763,151,0.7179924249649048
1569840043.646269,152,0.7214015126228333
1569840044.2800367,153,0.7172348499298096
1569840044.905727,154,0.7386363744735718
1569840045.5338838,155,0.7214015126228333
1569840046.160018,156,0.7469696998596191
1569840046.7923303,157,0.7255681753158569
1569840047.423234,158,0.7172348499298096
1569840048.0530756,159,0.7337121367454529
1569840048.6820946,160,0.7255681753158569
1569840049.308753,161,0.7420454621315002
1569840049.9376056,162,0.7267045378684998
1569840050.5674632,163,0.7458333373069763
1569840051.193925,164,0.7270833253860474
1569840051.8233607,165,0.7416666746139526
1569840052.4530122,166,0.7308712005615234
1569840053.0787182,167,0.7242424488067627
1569840053.7102437,168,0.7130681872367859
1569840054.3403735,169,0.7354166507720947
1569840054.970128,170,0.746780276298523
1569840055.599175,171,0.7357954382896423
1569840056.2297554,172,0.7193182110786438
1569840056.8617837,173,0.7401515245437622
1569840057.4897645,174,0.7193182110786438
1569840058.135654,175,0.7416666746139526
1569840058.7665424,176,0.753219723701477
1569840059.3918602,177,0.7395833134651184
1569840060.0276191,178,0.7316287755966187
1569840060.6613138,179,0.7363636493682861
1569840061.2920551,180,0.7403408885002136
1569840061.9224951,181,0.7246212363243103
1569840062.5521595,182,0.7392045259475708
1569840063.1911027,183,0.7276515364646912
1569840063.824504,184,0.7520833611488342
1569840064.4501529,185,0.7134469747543335
1569840065.0921597,186,0.7558712363243103
1569840065.7204835,187,0.7422348260879517
1569840066.34876,188,0.7397727370262146
1569840066.983354,189,0.7509469985961914
1569840067.6126013,190,0.7545454502105713
1569840068.2491577,191,0.726893961429596
1569840068.8787653,192,0.7479166388511658
1569840069.5186305,193,0.7354166507720947
1569840070.1523178,194,0.7407196760177612
1569840070.7822213,195,0.75
1569840071.40869,196,0.729356050491333
1569840072.0375352,197,0.7304924130439758
1569840072.667256,198,0.7388257384300232
1569840073.297344,199,0.7439393997192383
