Wall time,Step,Value
1569840097.5661993,0,0.2142045497894287
1569840098.1852958,1,0.28295454382896423
1569840098.794662,2,0.2390151470899582
1569840099.3996677,3,0.3128787875175476
1569840100.0041044,4,0.3289772868156433
1569840100.6094623,5,0.3698863685131073
1569840101.2064984,6,0.30587121844291687
1569840101.8098795,7,0.32064393162727356
1569840102.4067638,8,0.26893940567970276
1569840103.0101056,9,0.31079545617103577
1569840103.6235309,10,0.30984848737716675
1569840104.220939,11,0.427840918302536
1569840104.826645,12,0.41799241304397583
1569840105.4363651,13,0.4123106002807617
1569840106.0397975,14,0.4318181872367859
1569840106.6486735,15,0.4625000059604645
1569840107.2500803,16,0.4632575809955597
1569840107.8568504,17,0.4329545497894287
1569840108.4660215,18,0.4643939435482025
1569840109.06652,19,0.4464015066623688
1569840109.6696863,20,0.5047348737716675
1569840110.2665992,21,0.5011363625526428
1569840110.8758056,22,0.5401515364646912
1569840111.4766088,23,0.5653409361839294
1569840112.0766613,24,0.543749988079071
1569840112.6763735,25,0.5535984635353088
1569840113.2766407,26,0.5556818246841431
1569840113.8964398,27,0.5304924249649048
1569840114.4970841,28,0.5799242258071899
1569840115.0985923,29,0.5666666626930237
1569840115.7001333,30,0.5988636612892151
1569840116.3004446,31,0.5840908885002136
1569840116.8962936,32,0.605681836605072
1569840117.5058317,33,0.6176136136054993
1569840118.1165502,34,0.636931836605072
1569840118.7202585,35,0.647537887096405
1569840119.3266478,36,0.6564394235610962
1569840119.9305968,37,0.6382575631141663
1569840120.5405245,38,0.635606050491333
1569840121.1484997,39,0.6327651739120483
1569840121.7567432,40,0.6104166507720947
1569840122.3563626,41,0.6333333253860474
1569840122.9605117,42,0.6585227251052856
1569840123.567717,43,0.6306818127632141
1569840124.1709223,44,0.6412878632545471
1569840124.770472,45,0.654356062412262
1569840125.37976,46,0.6587121486663818
1569840125.9767795,47,0.6899621486663818
1569840126.584646,48,0.6607954502105713
1569840127.1866498,49,0.6257575750350952
1569840127.7943804,50,0.678787887096405
1569840128.3961768,51,0.678787887096405
1569840128.9975622,52,0.6592803001403809
1569840129.5995936,53,0.6488636136054993
1569840130.205996,54,0.6285985112190247
1569840130.8105133,55,0.6751893758773804
1569840131.4103608,56,0.6439393758773804
1569840132.0183945,57,0.6200757622718811
1569840132.6262872,58,0.6397727131843567
1569840133.236731,59,0.6361742615699768
1569840133.846065,60,0.690719723701477
1569840134.4502068,61,0.5964015126228333
1569840135.0614483,62,0.6676136255264282
1569840135.6667306,63,0.6577651500701904
1569840136.2664886,64,0.6998106241226196
1569840136.8665376,65,0.6732954382896423
1569840137.4717207,66,0.7003787755966187
1569840138.0702918,67,0.6941288113594055
1569840138.6725345,68,0.6494318246841431
1569840139.2765334,69,0.6333333253860474
1569840139.8766289,70,0.6871212124824524
1569840140.476425,71,0.6751893758773804
1569840141.0797346,72,0.6808711886405945
1569840141.6765478,73,0.6585227251052856
1569840142.2807019,74,0.6892045736312866
1569840142.878473,75,0.6556817889213562
1569840143.480403,76,0.6674242615699768
1569840144.0766711,77,0.6982954740524292
1569840144.676591,78,0.6486742496490479
1569840145.2767537,79,0.6458333134651184
1569840145.8771334,80,0.6863636374473572
1569840146.4764495,81,0.710037887096405
1569840147.076624,82,0.7126893997192383
1569840147.68902,83,0.6840909123420715
1569840148.2865264,84,0.6905303001403809
1569840148.8961122,85,0.6799242496490479
1569840149.4968338,86,0.7448863387107849
1569840150.096777,87,0.7113636136054993
1569840150.7000434,88,0.7259469628334045
1569840151.3070648,89,0.6895833611488342
1569840151.9063568,90,0.7196969985961914
1569840152.509783,91,0.7126893997192383
1569840153.1103053,92,0.7280303239822388
1569840153.7252119,93,0.7405303120613098
1569840154.3273933,94,0.7079545259475708
1569840154.9306338,95,0.7212121486663818
1569840155.5360389,96,0.758143961429596
1569840156.1365516,97,0.7022727131843567
1569840156.739992,98,0.7308712005615234
1569840157.3456807,99,0.753219723701477
1569840157.956954,100,0.7049242258071899
1569840158.5605886,101,0.7028409242630005
1569840159.1605227,102,0.7371212244033813
1569840159.7658138,103,0.7022727131843567
1569840160.3664536,104,0.7001894116401672
1569840160.9665394,105,0.7454545497894287
1569840161.5667837,106,0.7488636374473572
1569840162.169848,107,0.7265151739120483
1569840162.7705996,108,0.7111742496490479
1569840163.3706174,109,0.7392045259475708
1569840163.9708755,110,0.758712112903595
1569840164.570298,111,0.7462121248245239
1569840165.180578,112,0.6895833611488342
1569840165.7764933,113,0.7119318246841431
1569840166.3761423,114,0.7035984992980957
1569840166.9758315,115,0.6778408885002136
1569840167.5870295,116,0.7384469509124756
1569840168.1958733,117,0.7545454502105713
1569840168.8004987,118,0.7204545736312866
1569840169.4004698,119,0.7496212124824524
1569840170.0005083,120,0.7363636493682861
1569840170.604939,121,0.7265151739120483
1569840171.2150283,122,0.789393961429596
1569840171.819943,123,0.7376893758773804
1569840172.4163964,124,0.7446969747543335
1569840173.0195243,125,0.7488636374473572
1569840173.6287262,126,0.7350378632545471
1569840174.226484,127,0.7642045617103577
1569840174.8268938,128,0.7285984754562378
1569840175.4346228,129,0.7649621367454529
1569840176.030665,130,0.7579545378684998
1569840176.6302416,131,0.7746211886405945
1569840177.2304835,132,0.7390151619911194
1569840177.8410048,133,0.7585227489471436
1569840178.4461493,134,0.746780276298523
1569840179.050873,135,0.7823863625526428
1569840179.6565952,136,0.7774621248245239
1569840180.265911,137,0.7621212005615234
1569840180.8749902,138,0.7696969509124756
1569840181.4776776,139,0.761931836605072
1569840182.0801866,140,0.7837121486663818
1569840182.680803,141,0.7928030490875244
1569840183.2808144,142,0.7649621367454529
1569840183.889899,143,0.7982954382896423
1569840184.490795,144,0.7740530371665955
1569840185.090784,145,0.8128787875175476
1569840185.6999114,146,0.7823863625526428
1569840186.3100972,147,0.7998105883598328
1569840186.9163187,148,0.7878788113594055
1569840187.5219026,149,0.7829545736312866
1569840188.130128,150,0.791287899017334
1569840188.7360122,151,0.760606050491333
1569840189.345102,152,0.7969697117805481
1569840189.9502947,153,0.7782196998596191
1569840190.569195,154,0.7829545736312866
1569840191.1726902,155,0.7263257503509521
1569840191.7759478,156,0.7528409361839294
1569840192.376846,157,0.8009469509124756
1569840192.9771214,158,0.8297348618507385
1569840193.5799994,159,0.8234848380088806
1569840194.1860032,160,0.8032196760177612
1569840194.7904315,161,0.779356062412262
1569840195.3994994,162,0.7920454740524292
1569840195.9999557,163,0.8221591114997864
1569840196.6002772,164,0.8115530014038086
1569840197.2005982,165,0.8164772987365723
1569840197.8005166,166,0.803787887096405
1569840198.4005313,167,0.7982954382896423
1569840199.000585,168,0.7892045378684998
1569840199.6002672,169,0.7801136374473572
1569840200.205544,170,0.8255681991577148
1569840200.8145626,171,0.7647727131843567
1569840201.419568,172,0.7948863506317139
1569840202.0206745,173,0.7857954502105713
1569840202.6209252,174,0.791287899017334
1569840203.2204556,175,0.8219696879386902
1569840203.8304296,176,0.8032196760177612
1569840204.4263837,177,0.8198863863945007
1569840205.0345778,178,0.7787878513336182
1569840205.6359198,179,0.8172348737716675
1569840206.2344382,180,0.8066287636756897
1569840206.8305047,181,0.8178030252456665
1569840207.4368186,182,0.789962112903595
1569840208.036472,183,0.7856060862541199
1569840208.6364698,184,0.7704545259475708
1569840209.2397087,185,0.7863636612892151
1569840209.8404975,186,0.8045454621315002
1569840210.4461038,187,0.8185606002807617
1569840211.0462627,188,0.772537887096405
1569840211.6493595,189,0.8081439137458801
1569840212.252247,190,0.7933712005615234
1569840212.8572283,191,0.7857954502105713
1569840213.4616904,192,0.8011363744735718
1569840214.0604217,193,0.791287899017334
1569840214.6606429,194,0.779356062412262
1569840215.2651732,195,0.7928030490875244
1569840215.8667378,196,0.8136363625526428
1569840216.5003138,197,0.7850378751754761
1569840217.096674,198,0.8073863387107849
1569840217.7152274,199,0.7982954382896423
