Wall time,Step,Value
1569840088.272058,0,0.15153302252292633
1569840088.9529674,1,0.20389151573181152
1569840089.6131134,2,0.25192609429359436
1569840090.2745879,3,0.29866352677345276
1569840090.934582,4,0.2732704281806946
1569840091.5928335,5,0.27653300762176514
1569840092.256639,6,0.2594732642173767
1569840092.9193876,7,0.24618710577487946
1569840093.5794153,8,0.2840801775455475
1569840094.23977,9,0.2941037714481354
1569840094.8967428,10,0.31949687004089355
1569840095.5520465,11,0.2941037714481354
1569840096.1980183,12,0.35581761598587036
1569840096.8544066,13,0.3830188810825348
1569840097.4999316,14,0.4095911979675293
1569840098.149561,15,0.43290093541145325
1569840098.8040943,16,0.45762577652931213
1569840099.4564276,17,0.4464229643344879
1569840100.1088262,18,0.4616745412349701
1569840100.7578218,19,0.4876965284347534
1569840101.4164498,20,0.5073506236076355
1569840102.0696845,21,0.5113993883132935
1569840102.7311783,22,0.5378144383430481
1569840103.3884401,23,0.5473270416259766
1569840104.0483973,24,0.5164701342582703
1569840104.704399,25,0.559040904045105
1569840105.365091,26,0.5373034477233887
1569840106.0208561,27,0.5689465403556824
1569840106.6616836,28,0.541863203048706
1569840107.3049927,29,0.5893868207931519
1569840107.944945,30,0.5795990824699402
1569840108.589355,31,0.5944575667381287
1569840109.232719,32,0.5962657332420349
1569840109.8741362,33,0.6099449396133423
1569840110.5166836,34,0.6008254885673523
1569840111.163026,35,0.6139937043190002
1569840111.813206,36,0.6113993525505066
1569840112.4655468,37,0.6207547187805176
1569840113.120727,38,0.5957547426223755
1569840113.7630835,39,0.6273977756500244
1569840114.4065394,40,0.6341587901115417
1569840115.0467253,41,0.617492139339447
1569840115.688881,42,0.6420990824699402
1569840116.3289113,43,0.6788129210472107
1569840116.969677,44,0.637814462184906
1569840117.6115477,45,0.6553851962089539
1569840118.2520957,46,0.6462657451629639
1569840118.8974416,47,0.6445754766464233
1569840119.5372176,48,0.6607311367988586
1569840120.1790953,49,0.6582547426223755
1569840120.8320422,50,0.6600629091262817
1569840121.4922285,51,0.648742139339447
1569840122.1453764,52,0.652790904045105
1569840122.791326,53,0.6734669804573059
1569840123.436872,54,0.6408019065856934
1569840124.0830543,55,0.682193398475647
1569840124.7303727,56,0.6523978114128113
1569840125.3874035,57,0.6611242294311523
1569840126.0442564,58,0.6905267238616943
1569840126.6999285,59,0.6854559779167175
1569840127.3587477,60,0.6698506474494934
1569840128.0164692,61,0.6749213933944702
1569840128.6788852,62,0.6953616142272949
1569840129.3415432,63,0.7013365030288696
1569840129.998035,64,0.6803852319717407
1569840130.6543887,65,0.7083726525306702
1569840131.3088508,66,0.7049921154975891
1569840131.9707713,67,0.6975628733634949
1569840132.6236398,68,0.7189072370529175
1569840133.2676332,69,0.709669828414917
1569840133.907538,70,0.6836478114128113
1569840134.5471992,71,0.7012185454368591
1569840135.186908,72,0.7247641682624817
1569840135.8393488,73,0.709669828414917
1569840136.482343,74,0.7047169804573059
1569840137.1268106,75,0.7154088020324707
1569840137.769173,76,0.7555031180381775
1569840138.4227376,77,0.7439072132110596
1569840139.075562,78,0.7338836193084717
1569840139.7391474,79,0.7380503416061401
1569840140.396446,80,0.7435141801834106
1569840141.0523374,81,0.7709905505180359
1569840141.709045,82,0.7285377383232117
1569840142.3536768,83,0.7308962345123291
1569840143.0065153,84,0.7459905743598938
1569840143.6475482,85,0.7492531538009644
1569840144.2984033,86,0.7350628972053528
1569840144.9547212,87,0.7583726644515991
1569840145.6124766,88,0.7793238759040833
1569840146.2668076,89,0.7549921274185181
1569840146.9129844,90,0.7560141682624817
1569840147.5565271,91,0.775943398475647
1569840148.2054656,92,0.7545990347862244
1569840148.8482223,93,0.7639544010162354
1569840149.5042498,94,0.7893474698066711
1569840150.158888,95,0.7600628733634949
1569840150.804891,96,0.7683961987495422
1569840151.4659336,97,0.7430031299591064
1569840152.1243818,98,0.7680031657218933
1569840152.769187,99,0.7428852319717407
1569840153.4168584,100,0.7717767357826233
1569840154.0591788,101,0.7888364791870117
1569840154.7078295,102,0.7655267119407654
1569840155.349362,103,0.7810141444206238
1569840156.0009823,104,0.7897405624389648
1569840156.6589255,105,0.7785377502441406
1569840157.3174224,106,0.7825864553451538
1569840157.9747787,107,0.7838836312294006
1569840158.6339207,108,0.7408018708229065
1569840159.2853503,109,0.7935141324996948
1569840159.9443808,110,0.7821934223175049
1569840160.6034038,111,0.7767295837402344
1569840161.2650812,112,0.7509434223175049
1569840161.9231014,113,0.790919840335846
1569840162.5820951,114,0.7935141324996948
1569840163.243423,115,0.7772405743598938
1569840163.9052231,116,0.8014544248580933
1569840164.5622869,117,0.781289279460907
1569840165.2232256,118,0.7918239235877991
1569840165.86772,119,0.8026336431503296
1569840166.5243666,120,0.7713836431503296
1569840167.1674213,121,0.7733490467071533
1569840167.8072875,122,0.7730739116668701
1569840168.461923,123,0.7763364911079407
1569840169.1034248,124,0.7814072370529175
1569840169.7581646,125,0.7634434103965759
1569840170.4133217,126,0.792216956615448
1569840171.0572991,127,0.7680031657218933
1569840171.6975741,128,0.794418215751648
1569840172.3432572,129,0.7905267477035522
1569840172.987546,130,0.7889543771743774
1569840173.6317074,131,0.7963836193084717
1569840174.2784052,132,0.7963836193084717
1569840174.9290383,133,0.7734670042991638
1569840175.5803924,134,0.7867531180381775
1569840176.2330456,135,0.7763364911079407
1569840176.8778758,136,0.7976807951927185
1569840177.5379732,137,0.8030267357826233
1569840178.1955767,138,0.7847877144813538
1569840178.865275,139,0.8005503416061401
1569840179.5229402,140,0.7630503177642822
1569840180.1802936,141,0.8018474578857422
1569840180.8381658,142,0.8048349022865295
1569840181.4993417,143,0.7950865030288696
1569840182.1584775,144,0.7754324078559875
1569840182.823011,145,0.7767295837402344
1569840183.4779446,146,0.790919840335846
1569840184.1342435,147,0.7901336550712585
1569840184.7848456,148,0.7792059779167175
1569840185.4271216,149,0.7750393152236938
1569840186.0692308,150,0.7914308309555054
1569840186.7145917,151,0.8077043890953064
1569840187.3536494,152,0.7818003296852112
1569840188.0031893,153,0.8035377264022827
1569840188.6472964,154,0.7746462225914001
1569840189.2956781,155,0.7971698045730591
1569840189.9480512,156,0.7814072370529175
1569840190.5955908,157,0.7806210517883301
1569840191.2501657,158,0.758765697479248
1569840191.9042459,159,0.7726808190345764
1569840192.5532568,160,0.7897405624389648
1569840193.1975813,161,0.7933962345123291
1569840193.8428695,162,0.7742531299591064
1569840194.4940014,163,0.7793238759040833
1569840195.154492,164,0.7892295718193054
1569840195.8088794,165,0.821894645690918
1569840196.4622288,166,0.7814072370529175
1569840197.1190724,167,0.8110849261283875
1569840197.777135,168,0.7776336669921875
1569840198.4420798,169,0.7821934223175049
1569840199.0883305,170,0.7592767477035522
1569840199.7349901,171,0.7592767477035522
1569840200.3896139,172,0.7860848903656006
1569840201.0446362,173,0.7963836193084717
1569840201.7027745,174,0.7823113203048706
1569840202.359849,175,0.8114779591560364
1569840203.011909,176,0.7471697926521301
1569840203.66959,177,0.7599449753761292
1569840204.3282447,178,0.8039308190345764
1569840204.9846776,179,0.7901336550712585
1569840205.6427722,180,0.7968946695327759
1569840206.2983181,181,0.8002751469612122
1569840206.9445248,182,0.7943003177642822
1569840207.5876992,183,0.7935141324996948
1569840208.236399,184,0.7992531657218933
1569840208.8901916,185,0.7976807951927185
1569840209.5486279,186,0.7834905385971069
1569840210.1926825,187,0.7897405624389648
1569840210.8397398,188,0.7971698045730591
1569840211.4826665,189,0.8068003058433533
1569840212.1262665,190,0.8064072132110596
1569840212.7693384,191,0.7803851962089539
1569840213.4164486,192,0.7988600730895996
1569840214.0575645,193,0.7959905862808228
1569840214.697543,194,0.7937893271446228
1569840215.337262,195,0.7696933746337891
1569840215.9770722,196,0.7876572608947754
1569840216.6190908,197,0.8122641444206238
1569840217.2591388,198,0.8014544248580933
1569840217.8990874,199,0.8101808428764343
