Wall time,Step,Value
1569840040.2367284,0,0.197224423289299
1569840040.876724,1,0.2978639304637909
1569840041.503895,2,0.30455565452575684
1569840042.131932,3,0.3616824746131897
1569840042.75065,4,0.3400909900665283
1569840043.3679109,5,0.3490242660045624
1569840043.992478,6,0.35070544481277466
1569840044.611957,7,0.3678138256072998
1569840045.240436,8,0.35795754194259644
1569840045.865416,9,0.38066983222961426
1569840046.479585,10,0.3417721390724182
1569840047.095989,11,0.35235363245010376
1569840047.7171307,12,0.37097838521003723
1569840048.3640068,13,0.30623680353164673
1569840049.0022087,14,0.3281909227371216
1569840049.642317,15,0.3333992660045624
1569840050.2689426,16,0.3426951467990875
1569840050.914937,17,0.35274919867515564
1569840051.5633068,18,0.34754088521003723
1569840052.1968946,19,0.4368407130241394
1569840052.8313708,20,0.4863198697566986
1569840053.4629736,21,0.48315533995628357
1569840054.0875347,22,0.47738659381866455
1569840054.7121718,23,0.49264898896217346
1569840055.3373544,24,0.540842592716217
1569840055.971074,25,0.5538634061813354
1569840056.598016,26,0.533953070640564
1569840057.2219307,27,0.5657634735107422
1569840057.8467119,28,0.5812236070632935
1569840058.4670732,29,0.5678071975708008
1569840059.097849,30,0.5726529359817505
1569840059.716601,31,0.5970134735107422
1569840060.3405585,32,0.568367600440979
1569840060.9658363,33,0.5951674580574036
1569840061.5916843,34,0.588640570640564
1569840062.2111638,35,0.6139569878578186
1569840062.8332944,36,0.62753826379776
1569840063.45922,37,0.6368341445922852
1569840064.0886958,38,0.6098694801330566
1569840064.7160563,39,0.6200883388519287
1569840065.3355725,40,0.6312631964683533
1569840065.9571674,41,0.6625131964683533
1569840066.5712433,42,0.6539425253868103
1569840067.1916826,43,0.65878826379776
1569840067.8076093,44,0.6613923907279968
1569840068.4268603,45,0.659546434879303
1569840069.0510106,46,0.6409216523170471
1569840069.6709208,47,0.6859506964683533
1569840070.2916074,48,0.7019712328910828
1569840070.9134479,49,0.661952793598175
1569840071.547974,50,0.6593486070632935
1569840072.165756,51,0.669765293598175
1569840072.7875483,52,0.7023338675498962
1569840073.402943,53,0.7190796136856079
1569840074.0275214,54,0.6865110993385315
1569840074.648101,55,0.7015756964683533
1569840075.2600996,56,0.7049380540847778
1569840075.88302,57,0.7066192030906677
1569840076.5169594,58,0.70566326379776
1569840077.1356878,59,0.7287381291389465
1569840077.7560809,60,0.7168380618095398
1569840078.403732,61,0.7151569128036499
1569840079.0399818,62,0.7399129867553711
1569840079.679057,63,0.729858934879303
1569840080.3342502,64,0.7240902185440063
1569840080.978736,65,0.7482858896255493
1569840081.614893,66,0.7443631291389465
1569840082.24919,67,0.7339464426040649
1569840082.9018822,68,0.7391548156738281
1569840083.5445273,69,0.7302215099334717
1569840084.183514,70,0.7307819128036499
1569840084.8301113,71,0.7359902262687683
1569840085.4732547,72,0.7361880540847778
1569840086.114263,73,0.745483934879303
1569840086.7758718,74,0.748648464679718
1569840087.433379,75,0.7270569801330566
1569840088.0961397,76,0.7402755618095398
1569840088.73017,77,0.7445608973503113
1569840089.3691022,78,0.7613067030906677
1569840090.0006936,79,0.7553402185440063
1569840090.625873,80,0.7815796136856079
1569840091.2520301,81,0.7575817704200745
1569840091.8766263,82,0.7711629867553711
1569840092.501393,83,0.7639108896255493
1569840093.1268547,84,0.7471650838851929
1569840093.752123,85,0.7659546136856079
1569840094.3736932,86,0.7504944801330566
1569840095.008595,87,0.761108934879303
1569840095.6485646,88,0.7832608222961426
1569840096.2774165,89,0.7676358222961426
1569840096.906903,90,0.7663172483444214
1569840097.5275395,91,0.7726463675498962
1569840098.1527848,92,0.7504944801330566
1569840098.7856395,93,0.7423193454742432
1569840099.4127977,94,0.7653942704200745
1569840100.0348196,95,0.7791732549667358
1569840100.65052,96,0.7905129194259644
1569840101.278657,97,0.7858649492263794
1569840101.9111743,98,0.7512526512145996
1569840102.5484447,99,0.7761735320091248
1569840103.181989,100,0.7466046810150146
1569840103.8092823,101,0.7683610320091248
1569840104.42932,102,0.7700421810150146
1569840105.0511904,103,0.7633504867553711
1569840105.6722414,104,0.7691192030906677
1569840106.298558,105,0.7581421136856079
1569840106.9377642,106,0.7615044713020325
1569840107.5679755,107,0.7748879194259644
1569840108.1865668,108,0.764273464679718
1569840108.8127568,109,0.7653942704200745
1569840109.4376948,110,0.7651964426040649
1569840110.061524,111,0.7869857549667358
1569840110.6873217,112,0.7867879867553711
1569840111.3195648,113,0.772085964679718
1569840111.9577177,114,0.8066983222961426
1569840112.6120784,115,0.7698444128036499
1569840113.2557118,116,0.8141481876373291
1569840113.891799,117,0.804094135761261
1569840114.5206256,118,0.7957212328910828
1569840115.1524532,119,0.7812170386314392
1569840115.7934382,120,0.7925567030906677
1569840116.4471846,121,0.7899525165557861
1569840117.0794897,122,0.7713607549667358
1569840117.7222605,123,0.788469135761261
1569840118.3642526,124,0.7702399492263794
1569840119.0094595,125,0.7812170386314392
1569840119.6578107,126,0.7810192704200745
1569840120.2946005,127,0.8098628520965576
1569840120.9343197,128,0.8068960905075073
1569840121.5848842,129,0.7665150165557861
1569840122.2145894,130,0.7715585231781006
1569840122.8643227,131,0.779898464679718
1569840123.5209808,132,0.7555379867553711
1569840124.1844454,133,0.7888317704200745
1569840124.8160803,134,0.7916337251663208
1569840125.4525087,135,0.7864253520965576
1569840126.089381,136,0.8113462328910828
1569840126.7166715,137,0.8070608973503113
1569840127.340981,138,0.7828652262687683
1569840127.9670038,139,0.784546434879303
1569840128.588515,140,0.8095002770423889
1569840129.2139344,141,0.7827004194259644
1569840129.8407836,142,0.7882713675498962
1569840130.4682722,143,0.7856671810150146
1569840131.1056793,144,0.7830630540847778
1569840131.7338889,145,0.7968420386314392
1569840132.3594604,146,0.7812170386314392
1569840132.9905717,147,0.787710964679718
1569840133.616262,148,0.7879087328910828
1569840134.2435687,149,0.7836233973503113
1569840134.876602,150,0.780656635761261
1569840135.4966414,151,0.8026107549667358
1569840136.1217546,152,0.7893921136856079
1569840136.7422144,153,0.7812170386314392
1569840137.357744,154,0.788469135761261
1569840137.9860942,155,0.7694817781448364
1569840138.6025047,156,0.7860298156738281
1569840139.2315388,157,0.7914358973503113
1569840139.8535612,158,0.7895899415016174
1569840140.4770055,159,0.7702399492263794
1569840141.110203,160,0.7795358896255493
1569840141.7456608,161,0.7769317030906677
1569840142.3785481,162,0.7901503443717957
1569840143.015813,163,0.7910733222961426
1569840143.6407905,164,0.7942378520965576
1569840144.2688673,165,0.793117105960846
1569840144.8924599,166,0.7763713002204895
1569840145.520258,167,0.7832608222961426
1569840146.1434689,168,0.7988858222961426
1569840146.767323,169,0.7921940684318542
1569840147.3868287,170,0.7780524492263794
1569840148.0070982,171,0.7776898741722107
1569840148.630705,172,0.8057753443717957
1569840149.251498,173,0.7847442030906677
1569840149.8778946,174,0.7994462251663208
1569840150.5058036,175,0.7893921136856079
1569840151.1300833,176,0.7949630618095398
1569840151.757252,177,0.7974024415016174
1569840152.3838227,178,0.7951608896255493
1569840153.0186322,179,0.8027755618095398
1569840153.6532042,180,0.7873483896255493
1569840154.2774467,181,0.7901503443717957
1569840154.931664,182,0.7992483973503113
1569840155.5673072,183,0.8029733896255493
1569840156.1975033,184,0.7888317704200745
1569840156.8307111,185,0.780656635761261
1569840157.459975,186,0.8104232549667358
1569840158.0805519,187,0.7676358222961426
1569840158.7071617,188,0.8020503520965576
1569840159.3379073,189,0.8089398741722107
1569840159.9741104,190,0.8104232549667358
1569840160.601223,191,0.8046545386314392
1569840161.2358716,192,0.8066983222961426
1569840161.864617,193,0.8003692030906677
1569840162.501538,194,0.8139504194259644
1569840163.128851,195,0.7946004867553711
1569840163.7609901,196,0.7916337251663208
1569840164.3907175,197,0.777492105960846
1569840165.0180252,198,0.8081817030906677
1569840165.6506612,199,0.7832608222961426
