Wall time,Step,Value
1569840093.1554773,0,0.15357142686843872
1569840093.8233345,1,0.2426445633172989
1569840094.4737985,2,0.26539117097854614
1569840095.127885,3,0.24090136587619781
1569840095.7733154,4,0.2984693944454193
1569840096.4154284,5,0.3172193765640259
1569840097.064237,6,0.2738945484161377
1569840097.713517,7,0.29897958040237427
1569840098.364129,8,0.3339710831642151
1569840099.021232,9,0.3498724400997162
1569840099.6671088,10,0.33431121706962585
1569840100.300311,11,0.3817176818847656
1569840100.9478319,12,0.43588435649871826
1569840101.5967507,13,0.49336734414100647
1569840102.2281244,14,0.5227891206741333
1569840102.8648632,15,0.5577806234359741
1569840103.4969347,16,0.5536989569664001
1569840104.1216223,17,0.5415391325950623
1569840104.7529027,18,0.5292091965675354
1569840105.3892648,19,0.5561224222183228
1569840106.0235615,20,0.5785289406776428
1569840106.6531289,21,0.5643707513809204
1569840107.2850494,22,0.5747023820877075
1569840107.9079359,23,0.5768707394599915
1569840108.5552866,24,0.5951955914497375
1569840109.2076466,25,0.6096088290214539
1569840109.8502078,26,0.6098639369010925
1569840110.5029163,27,0.5997023582458496
1569840111.1811168,28,0.6202806234359741
1569840111.8500397,29,0.6120322942733765
1569840112.511777,30,0.6364370584487915
1569840113.1792793,31,0.6430271863937378
1569840113.8525393,32,0.6390306353569031
1569840114.5235155,33,0.6721088290214539
1569840115.193441,34,0.6617771983146667
1569840115.8681607,35,0.6718537211418152
1569840116.5230176,36,0.6659438610076904
1569840117.198905,37,0.6915391087532043
1569840117.8684855,38,0.7093537449836731
1569840118.5264575,39,0.6643707752227783
1569840119.1666806,40,0.6702806353569031
1569840119.8093026,41,0.7011904716491699
1569840120.455719,42,0.7405186891555786
1569840121.0993726,43,0.7387754917144775
1569840121.7439306,44,0.7343537211418152
1569840122.3941736,45,0.7407737970352173
1569840123.035278,46,0.7260203957557678
1569840123.6699376,47,0.7324404716491699
1569840124.304883,48,0.7405186891555786
1569840124.9400911,49,0.748852014541626
1569840125.58421,50,0.7181972861289978
1569840126.2271504,51,0.7343537211418152
1569840126.8711102,52,0.7551020383834839
1569840127.5076888,53,0.7529336810112
1569840128.1388552,54,0.7573554515838623
1569840128.7801254,55,0.7573554515838623
1569840129.423791,56,0.761522114276886
1569840130.0633276,57,0.7489370703697205
1569840130.6998725,58,0.7471088171005249
1569840131.3405654,59,0.7655187249183655
1569840131.9769902,60,0.7821853756904602
1569840132.6141665,61,0.7720237970352173
1569840133.247899,62,0.774022102355957
1569840133.8880856,63,0.7880101799964905
1569840134.5356948,64,0.7636054158210754
1569840135.1723628,65,0.7720237970352173
1569840135.810818,66,0.7803571224212646
1569840136.4494379,67,0.7596088647842407
1569840137.0803492,68,0.780102014541626
1569840137.7173338,69,0.788095235824585
1569840138.35845,70,0.7881802916526794
1569840138.9983547,71,0.7780187129974365
1569840139.6358626,72,0.7864370942115784
1569840140.2825508,73,0.7801870703697205
1569840140.9176102,74,0.7821003198623657
1569840141.547885,75,0.7987670302391052
1569840142.1797023,76,0.7702805995941162
1569840142.8158824,77,0.7821853756904602
1569840143.443638,78,0.796683669090271
1569840144.0779622,79,0.7761054635047913
1569840144.713281,80,0.7696853876113892
1569840145.3696868,81,0.7799319624900818
1569840146.0038288,82,0.7739370465278625
1569840146.6355867,83,0.782015323638916
1569840147.2756708,84,0.7698554396629333
1569840147.920817,85,0.7697703838348389
1569840148.5667536,86,0.785926878452301
1569840149.2100205,87,0.7756802439689636
1569840149.8392658,88,0.7780187129974365
1569840150.483344,89,0.774022102355957
1569840151.129549,90,0.7776785492897034
1569840151.7620218,91,0.7799319624900818
1569840152.396073,92,0.7743622660636902
1569840153.0347714,93,0.7719388008117676
1569840153.6680672,94,0.8069302439689636
1569840154.3043897,95,0.7573554515838623
1569840154.9488904,96,0.765433669090271
1569840155.578131,97,0.7921768426895142
1569840156.2151165,98,0.757610559463501
1569840156.8533607,99,0.7904336452484131
1569840157.4798734,100,0.7717686891555786
1569840158.1092255,101,0.8006802797317505
1569840158.7383394,102,0.7884353995323181
1569840159.3654587,103,0.7717686891555786
1569840159.9999325,104,0.759353756904602
1569840160.6382494,105,0.7762755155563354
1569840161.267531,106,0.7843537330627441
1569840161.8942826,107,0.7884353995323181
1569840162.5278838,108,0.7823554277420044
1569840163.1701057,109,0.7838435173034668
1569840163.8139443,110,0.785926878452301
1569840164.4549856,111,0.7944302558898926
1569840165.0948477,112,0.7796768546104431
1569840165.7332642,113,0.7803571224212646
1569840166.367638,114,0.8048469424247742
1569840167.0039542,115,0.8027635812759399
1569840167.6361444,116,0.7926870584487915
1569840168.273437,117,0.8048469424247742
1569840168.9064426,118,0.8051870465278625
1569840169.537293,119,0.7985969185829163
1569840170.1673968,120,0.7882652878761292
1569840170.8014915,121,0.7846938967704773
1569840171.4422534,122,0.7844387888908386
1569840172.081943,123,0.8149234652519226
1569840172.7160103,124,0.8071853518486023
1569840173.3494358,125,0.8090986609458923
1569840173.9751225,126,0.7904336452484131
1569840174.604809,127,0.7862669825553894
1569840175.240938,128,0.7864370942115784
1569840175.8765726,129,0.7903486490249634
1569840176.5083697,130,0.8049319982528687
1569840177.1551633,131,0.7886054515838623
1569840177.7858202,132,0.8133503198623657
1569840178.4272838,133,0.7988520264625549
1569840179.0600047,134,0.8154336810112
1569840179.6952972,135,0.7922618985176086
1569840180.3276496,136,0.7968537211418152
1569840180.9654176,137,0.813265323638916
1569840181.609126,138,0.7945153117179871
1569840182.2377138,139,0.7805272340774536
1569840182.8708167,140,0.7845237851142883
1569840183.503553,141,0.7928571701049805
1569840184.139207,142,0.7781887650489807
1569840184.7781193,143,0.8131802678108215
1569840185.4104831,144,0.8069302439689636
1569840186.049108,145,0.7558673620223999
1569840186.677718,146,0.8006802797317505
1569840187.3075154,147,0.8070152997970581
1569840187.9385107,148,0.8112670183181763
1569840188.5707471,149,0.7821003198623657
1569840189.2024314,150,0.8152636289596558
1569840189.8367393,151,0.7968537211418152
1569840190.4773397,152,0.7970238327980042
1569840191.105528,153,0.8089285492897034
1569840191.7388482,154,0.80467689037323
1569840192.3664708,155,0.7967687249183655
1569840192.9968305,156,0.8006802797317505
1569840193.633556,157,0.778103768825531
1569840194.269892,158,0.8087584972381592
1569840194.9160285,159,0.7656037211418152
1569840195.554773,160,0.7865220904350281
1569840196.1885655,161,0.788690447807312
1569840196.8221183,162,0.8008503317832947
1569840197.4680555,163,0.7944302558898926
1569840198.0975106,164,0.7392006516456604
1569840198.7278707,165,0.8129251599311829
1569840199.3540561,166,0.7760204076766968
1569840199.9809854,167,0.7946003675460815
1569840200.6158743,168,0.7985969185829163
1569840201.2557943,169,0.8089285492897034
1569840201.9045331,170,0.7907738089561462
1569840202.540151,171,0.8212584853172302
1569840203.1832213,172,0.7840986251831055
1569840203.8203924,173,0.792772114276886
1569840204.4610705,174,0.7842687368392944
1569840205.0995443,175,0.7920918464660645
1569840205.738134,176,0.7865220904350281
1569840206.3650942,177,0.8048469424247742
1569840207.0070238,178,0.8005102276802063
1569840207.6367104,179,0.7864370942115784
1569840208.2693152,180,0.7762755155563354
1569840208.9158459,181,0.7841836810112
1569840209.5548825,182,0.7801870703697205
1569840210.1831195,183,0.8110969662666321
1569840210.8215513,184,0.8048469424247742
1569840211.467736,185,0.7781887650489807
1569840212.1111221,186,0.7947704195976257
1569840212.7710974,187,0.7717686891555786
1569840213.4297729,188,0.796683669090271
1569840214.0874138,189,0.7989370822906494
1569840214.7717347,190,0.8110119104385376
1569840215.439295,191,0.8047618865966797
1569840216.1053429,192,0.8050169944763184
1569840216.7726965,193,0.7967687249183655
1569840217.4347255,194,0.7741921544075012
1569840218.0962284,195,0.7901785969734192
1569840218.7749183,196,0.7860969305038452
1569840219.417022,197,0.7946853637695312
1569840220.061696,198,0.7761054635047913
1569840220.7036042,199,0.770110547542572
