Wall time,Step,Value
1569840078.9565127,0,0.21219758689403534
1569840079.6243353,1,0.31787633895874023
1569840080.2750478,2,0.3358534872531891
1569840080.9236746,3,0.2814180254936218
1569840081.5814877,4,0.3394657373428345
1569840082.2285767,5,0.3186323940753937
1569840082.8743486,6,0.2858702838420868
1569840083.5201988,7,0.31686827540397644
1569840084.1707942,8,0.31006383895874023
1569840084.816669,9,0.30745968222618103
1569840085.463846,10,0.29603493213653564
1569840086.1111114,11,0.30124327540397644
1569840086.757879,12,0.3181283473968506
1569840087.4095197,13,0.26218077540397644
1569840088.06112,14,0.30695563554763794
1569840088.7100646,15,0.2889784872531891
1569840089.3585126,16,0.2567204236984253
1569840090.0102918,17,0.31787633895874023
1569840090.6582663,18,0.31317204236984253
1569840091.3099144,19,0.3358534872531891
1569840091.9590504,20,0.3176243305206299
1569840092.6081324,21,0.2436995953321457
1569840093.2548144,22,0.2936827838420868
1569840093.909052,23,0.3275369703769684
1569840094.5609136,24,0.3759240508079529
1569840095.2149458,25,0.4490927457809448
1569840095.8650184,26,0.4746303856372833
1569840096.5100794,27,0.5381384491920471
1569840097.1610837,28,0.5430947542190552
1569840097.8111877,29,0.5357862710952759
1569840098.459337,30,0.6045026779174805
1569840099.1091394,31,0.5511592626571655
1569840099.764327,32,0.5267137289047241
1569840100.4112287,33,0.5397345423698425
1569840101.0608711,34,0.5693884491920471
1569840101.7085733,35,0.647681474685669
1569840102.3633652,36,0.5639280676841736
1569840103.0091698,37,0.5964381694793701
1569840103.6620393,38,0.5857694745063782
1569840104.313482,39,0.5891296863555908
1569840104.9639328,40,0.5751007795333862
1569840105.609251,41,0.5724966526031494
1569840106.2595787,42,0.5907257795333862
1569840106.909437,43,0.5987903475761414
1569840107.5587916,44,0.6037466526031494
1569840108.2078617,45,0.5821572542190552
1569840108.8594851,46,0.6326444745063782
1569840109.5140698,47,0.5975302457809448
1569840110.160566,48,0.6641464829444885
1569840110.810368,49,0.7065691947937012
1569840111.460722,50,0.6506216526031494
1569840112.1081846,51,0.6399529576301575
1569840112.7595577,52,0.6428091526031494
1569840113.4103315,53,0.6089549660682678
1569840114.058224,54,0.5876176357269287
1569840114.7084677,55,0.6271841526031494
1569840115.3581622,56,0.6407089829444885
1569840116.0108078,57,0.6849798560142517
1569840116.670873,58,0.6982526779174805
1569840117.3163302,59,0.7110214829444885
1569840117.9647489,60,0.7141296863555908
1569840118.613453,61,0.7352150678634644
1569840119.2584488,62,0.7247983813285828
1569840119.909817,63,0.7536962628364563
1569840120.5581744,64,0.7396673560142517
1569840121.2060857,65,0.7321068644523621
1569840121.8541377,66,0.7560483813285828
1569840122.4982784,67,0.750588059425354
1569840123.1460233,68,0.7664650678634644
1569840123.7909029,69,0.7237903475761414
1569840124.4385552,70,0.758400559425354
1569840125.0880415,71,0.7284946441650391
1569840125.7359338,72,0.7586525678634644
1569840126.3886385,73,0.7503360509872437
1569840127.036067,74,0.7347110509872437
1569840127.6852114,75,0.7396673560142517
1569840128.3348534,76,0.7175739407539368
1569840128.9811344,77,0.7825940847396851
1569840129.634615,78,0.7901545763015747
1569840130.2816324,79,0.7563003897666931
1569840130.9308705,80,0.7745295763015747
1569840131.5849001,81,0.7526881694793701
1569840132.2363563,82,0.7794858813285828
1569840132.886003,83,0.7794858813285828
1569840133.5353503,84,0.7683131694793701
1569840134.184673,85,0.7680611610412598
1569840134.8321536,86,0.7638608813285828
1569840135.4840903,87,0.7792338728904724
1569840136.1339018,88,0.7690691947937012
1569840136.7807517,89,0.7927587628364563
1569840137.4308248,90,0.8062835931777954
1569840138.0781426,91,0.7633568644523621
1569840138.7272224,92,0.7958669066429138
1569840139.38079,93,0.7339549660682678
1569840140.0385654,94,0.7498319745063782
1569840140.6884263,95,0.7633568644523621
1569840141.340698,96,0.7719253897666931
1569840141.9881043,97,0.7714213728904724
1569840142.6397371,98,0.7531921863555908
1569840143.2881489,99,0.7688171863555908
1569840143.9458458,100,0.7529401779174805
1569840144.5966077,101,0.7719253897666931
1569840145.24469,102,0.7313507795333862
1569840145.9005654,103,0.7389112710952759
1569840146.5502772,104,0.7685651779174805
1569840147.1995115,105,0.7875503897666931
1569840147.8545218,106,0.7659610509872437
1569840148.5006154,107,0.7685651779174805
1569840149.1467154,108,0.7417674660682678
1569840149.7982905,109,0.7849462628364563
1569840150.4579775,110,0.7878023982048035
1569840151.1059973,111,0.7555443644523621
1569840151.755369,112,0.7766296863555908
1569840152.4061663,113,0.7763776779174805
1569840153.0542536,114,0.8193044066429138
1569840153.7043118,115,0.7716733813285828
1569840154.3508132,116,0.7500839829444885
1569840155.0056086,117,0.7716733813285828
1569840155.6507845,118,0.7792338728904724
1569840156.2992432,119,0.7714213728904724
1569840156.9494905,120,0.766213059425354
1569840157.6026812,121,0.7664650678634644
1569840158.2503486,122,0.7846941947937012
1569840158.9062948,123,0.8112398982048035
1569840159.5558267,124,0.8172042965888977
1569840160.2078993,125,0.7899025678634644
1569840160.8566072,126,0.7472278475761414
1569840161.501389,127,0.7825940847396851
1569840162.1481342,128,0.7690691947937012
1569840162.7996442,129,0.7578964829444885
1569840163.4552867,130,0.8060315847396851
1569840164.1040916,131,0.7368111610412598
1569840164.7539814,132,0.7657089829444885
1569840165.4007885,133,0.7607526779174805
1569840166.0563877,134,0.7849462628364563
1569840166.7101893,135,0.7925066947937012
1569840167.366327,136,0.7636088728904724
1569840168.0181465,137,0.7711693644523621
1569840168.6668255,138,0.7521841526031494
1569840169.3108232,139,0.7979670763015747
1569840169.9689407,140,0.7633568644523621
1569840170.6184735,141,0.7552923560142517
1569840171.2657864,142,0.7667170763015747
1569840171.9255219,143,0.7872983813285828
1569840172.5766625,144,0.7927587628364563
1569840173.2204716,145,0.7308467626571655
1569840173.8684614,146,0.7657089829444885
1569840174.524866,147,0.7799898982048035
1569840175.171451,148,0.7878023982048035
1569840175.824274,149,0.7872983813285828
1569840176.4701161,150,0.7792338728904724
1569840177.1200528,151,0.7657089829444885
1569840177.7782524,152,0.7683131694793701
1569840178.429359,153,0.7659610509872437
1569840179.075402,154,0.8005712628364563
1569840179.726731,155,0.797463059425354
1569840180.3763404,156,0.7930107712745667
1569840181.0251937,157,0.7719253897666931
1569840181.670863,158,0.7547882795333862
1569840182.3210835,159,0.8091397881507874
1569840182.9708087,160,0.7690691947937012
1569840183.6200345,161,0.7927587628364563
1569840184.2664642,162,0.7737735509872437
1569840184.9101202,163,0.7951108813285828
1569840185.5597298,164,0.7339549660682678
1569840186.215986,165,0.8109878897666931
1569840186.8613536,166,0.7820900678634644
1569840187.506103,167,0.7953628897666931
1569840188.154493,168,0.7792338728904724
1569840188.8035705,169,0.7823420763015747
1569840189.459309,170,0.7872983813285828
1569840190.10609,171,0.7469757795333862
1569840190.7563124,172,0.7823420763015747
1569840191.4006472,173,0.824512779712677
1569840192.0463986,174,0.7844421863555908
1569840192.6981194,175,0.7792338728904724
1569840193.3440847,176,0.7763776779174805
1569840193.9899268,177,0.7768816947937012
1569840194.640141,178,0.7576444745063782
1569840195.2885787,179,0.8008232712745667
1569840195.9380708,180,0.7659610509872437
1569840196.581184,181,0.7927587628364563
1569840197.2346554,182,0.7982190847396851
1569840197.8807294,183,0.7875503897666931
1569840198.5304618,184,0.7607526779174805
1569840199.1752393,185,0.7899025678634644
1569840199.8288333,186,0.8057795763015747
1569840200.4807215,187,0.7526881694793701
1569840201.1287837,188,0.7904065847396851
1569840201.7763586,189,0.7870463728904724
1569840202.4213986,190,0.801075279712677
1569840203.0693192,191,0.7904065847396851
1569840203.719881,192,0.819556474685669
1569840204.3709147,193,0.7576444745063782
1569840205.0192401,194,0.808887779712677
1569840205.67077,195,0.7716733813285828
1569840206.3184798,196,0.8224126100540161
1569840206.965756,197,0.7849462628364563
1569840207.61596,198,0.7789818644523621
1569840208.2655084,199,0.7979670763015747
