Wall time,Step,Value
1569840070.52027,0,0.17023809254169464
1569840071.1935313,1,0.2708333432674408
1569840071.8376315,2,0.28660714626312256
1569840072.4818125,3,0.2008928507566452
1569840073.1232712,4,0.2919642925262451
1569840073.7596908,5,0.2782738208770752
1569840074.4027102,6,0.25952380895614624
1569840075.0441437,7,0.2741071283817291
1569840075.6948128,8,0.25952380895614624
1569840076.341077,9,0.2904762029647827
1569840076.9884222,10,0.2842261791229248
1569840077.6594484,11,0.3440476059913635
1569840078.3139286,12,0.3791666626930237
1569840078.9722192,13,0.3270833194255829
1569840079.6315427,14,0.47529762983322144
1569840080.2847962,15,0.5044642686843872
1569840080.9644775,16,0.5354166626930237
1569840081.6418548,17,0.574404776096344
1569840082.3155115,18,0.5708333253860474
1569840082.9604607,19,0.5785714387893677
1569840083.5923233,20,0.6095238327980042
1569840084.2271428,21,0.6139881014823914
1569840084.8616743,22,0.6264880895614624
1569840085.4955842,23,0.663095235824585
1569840086.1411896,24,0.624404788017273
1569840086.7986395,25,0.5976190567016602
1569840087.4579053,26,0.6282737851142883
1569840088.1230316,27,0.59375
1569840088.7743266,28,0.5732142925262451
1569840089.4312572,29,0.6389880776405334
1569840090.0827463,30,0.6261904835700989
1569840090.736252,31,0.6351190209388733
1569840091.3974662,32,0.6169642806053162
1569840092.0456738,33,0.7086309790611267
1569840092.714861,34,0.668154776096344
1569840093.360612,35,0.6514880657196045
1569840093.9929104,36,0.6744047403335571
1569840094.61915,37,0.6741071343421936
1569840095.2554843,38,0.6904761791229248
1569840095.9008381,39,0.6517857313156128
1569840096.5458384,40,0.6187499761581421
1569840097.1874611,41,0.6169642806053162
1569840097.8333588,42,0.6785714030265808
1569840098.4684653,43,0.6907737851142883
1569840099.1164405,44,0.7050595283508301
1569840099.75485,45,0.6705357432365417
1569840100.3820386,46,0.6538690328598022
1569840101.0239713,47,0.686904788017273
1569840101.6658638,48,0.6544643044471741
1569840102.3129447,49,0.6502976417541504
1569840102.9578574,50,0.7443452477455139
1569840103.60303,51,0.6931547522544861
1569840104.247506,52,0.7157738208770752
1569840104.899129,53,0.7139880657196045
1569840105.551443,54,0.6690475940704346
1569840106.1831112,55,0.6934523582458496
1569840106.8178506,56,0.7223214507102966
1569840107.4576669,57,0.6976190209388733
1569840108.105007,58,0.7098214030265808
1569840108.7506266,59,0.7833333611488342
1569840109.379004,60,0.675000011920929
1569840110.0109622,61,0.680059552192688
1569840110.6418366,62,0.6595237851142883
1569840111.2771099,63,0.6601190567016602
1569840111.9201832,64,0.7154762148857117
1569840112.5508108,65,0.7017857432365417
1569840113.182413,66,0.7080357074737549
1569840113.8113194,67,0.7101190686225891
1569840114.4462175,68,0.7613095045089722
1569840115.0826762,69,0.7979166507720947
1569840115.7170272,70,0.7613095045089722
1569840116.348236,71,0.7654761672019958
1569840116.9823582,72,0.7779762148857117
1569840117.6127264,73,0.7922618985176086
1569840118.2455626,74,0.7497023940086365
1569840118.8803358,75,0.7473214268684387
1569840119.5249443,76,0.7601190209388733
1569840120.1578393,77,0.8273809552192688
1569840120.7854428,78,0.7622023820877075
1569840121.4202123,79,0.7699404954910278
1569840122.059681,80,0.7723214030265808
1569840122.6969738,81,0.8008928298950195
1569840123.3288538,82,0.8357142806053162
1569840123.963198,83,0.7497023940086365
1569840124.5951838,84,0.7476190328598022
1569840125.235737,85,0.813095211982727
1569840125.8700206,86,0.8148809671401978
1569840126.5062811,87,0.800595223903656
1569840127.1406636,88,0.7556547522544861
1569840127.7747736,89,0.7636904716491699
1569840128.420664,90,0.737500011920929
1569840129.0536685,91,0.8047618865966797
1569840129.690887,92,0.7866071462631226
1569840130.3153,93,0.7866071462631226
1569840130.967793,94,0.8235118985176086
1569840131.61314,95,0.8196428418159485
1569840132.258557,96,0.7663690447807312
1569840132.9027483,97,0.8116071224212646
1569840133.5328245,98,0.8148809671401978
1569840134.1780581,99,0.7726190686225891
1569840134.8280761,100,0.7952380776405334
1569840135.4693015,101,0.8172619342803955
1569840136.1265438,102,0.7848214507102966
1569840136.788158,103,0.8276785612106323
1569840137.4380486,104,0.8136904835700989
1569840138.1017642,105,0.807440459728241
1569840138.7767992,106,0.8238095045089722
1569840139.4392297,107,0.8035714030265808
1569840140.0937517,108,0.7889881134033203
1569840140.7615001,109,0.8565475940704346
1569840141.4373758,110,0.8178571462631226
1569840142.1078887,111,0.8404762148857117
1569840142.7868943,112,0.7747023701667786
1569840143.433272,113,0.8297619223594666
1569840144.0664854,114,0.7892857193946838
1569840144.6978037,115,0.8666666746139526
1569840145.3261275,116,0.7907738089561462
1569840145.9560072,117,0.8464285731315613
1569840146.5801904,118,0.8589285612106323
1569840147.2070014,119,0.8220238089561462
1569840147.835765,120,0.8196428418159485
1569840148.4674952,121,0.836309552192688
1569840149.1051266,122,0.8178571462631226
1569840149.758801,123,0.7666666507720947
1569840150.415272,124,0.8223214149475098
1569840151.0615766,125,0.8345237970352173
1569840151.7032816,126,0.8526785969734192
1569840152.3308282,127,0.8669642806053162
1569840152.962392,128,0.8812500238418579
1569840153.5899997,129,0.8303571343421936
1569840154.2149909,130,0.8014881014823914
1569840154.8368526,131,0.8502976298332214
1569840155.468311,132,0.8425595164299011
1569840156.100054,133,0.8425595164299011
1569840156.733605,134,0.8461309671401978
1569840157.365302,135,0.8303571343421936
1569840158.0002873,136,0.8380952477455139
1569840158.6224241,137,0.8461309671401978
1569840159.2566226,138,0.7788690328598022
1569840159.8952081,139,0.8053571581840515
1569840160.5269852,140,0.8035714030265808
1569840161.1614265,141,0.8077380657196045
1569840161.7912157,142,0.8547618985176086
1569840162.420188,143,0.8178571462631226
1569840163.0515227,144,0.8157737851142883
1569840163.686066,145,0.8157737851142883
1569840164.3202,146,0.8220238089561462
1569840164.9504857,147,0.7711309790611267
1569840165.5821948,148,0.7913690209388733
1569840166.2104917,149,0.8404762148857117
1569840166.837032,150,0.7708333134651184
1569840167.4703834,151,0.8261904716491699
1569840168.1025267,152,0.8261904716491699
1569840168.7341692,153,0.8014881014823914
1569840169.3603017,154,0.8425595164299011
1569840169.991801,155,0.805654764175415
1569840170.6176214,156,0.8014881014823914
1569840171.2476397,157,0.7910714149475098
1569840171.8824518,158,0.8461309671401978
1569840172.5155268,159,0.8711309432983398
1569840173.1494613,160,0.7913690209388733
1569840173.7773762,161,0.8529762029647827
1569840174.4062688,162,0.8261904716491699
1569840175.044237,163,0.8383928537368774
1569840175.6701443,164,0.7872023582458496
1569840176.3028326,165,0.8014881014823914
1569840176.9301176,166,0.8261904716491699
1569840177.5605998,167,0.805654764175415
1569840178.1967049,168,0.8425595164299011
1569840178.829345,169,0.8261904716491699
1569840179.459987,170,0.7708333134651184
1569840180.09035,171,0.7770833373069763
1569840180.7267823,172,0.8461309671401978
1569840181.3602805,173,0.8116071224212646
1569840181.9959233,174,0.8080357313156128
1569840182.6298175,175,0.8276785612106323
1569840183.2675273,176,0.8610119223594666
1569840183.8959918,177,0.8157737851142883
1569840184.526047,178,0.8404762148857117
1569840185.1616848,179,0.8258928656578064
1569840185.8018663,180,0.817559540271759
1569840186.4345536,181,0.8098214268684387
1569840187.0647602,182,0.8401785492897034
1569840187.6960773,183,0.8610119223594666
1569840188.324982,184,0.844345211982727
1569840188.9618614,185,0.8547618985176086
1569840189.5878506,186,0.8300595283508301
1569840190.2102876,187,0.848809540271759
1569840190.837601,188,0.8422619104385376
1569840191.4722397,189,0.8279761672019958
1569840192.1073487,190,0.8297619223594666
1569840192.7421722,191,0.7934523820877075
1569840193.3686876,192,0.863095223903656
1569840194.0032961,193,0.8425595164299011
1569840194.6586432,194,0.8282738327980042
1569840195.2970324,195,0.8014881014823914
1569840195.935201,196,0.848809540271759
1569840196.5710878,197,0.793749988079071
1569840197.2062857,198,0.7913690209388733
1569840197.8402753,199,0.8398809432983398
