Wall time,Step,Value
1565118590.1379454,0,0.2554687559604645
1565118609.8959615,1,0.20703125
1565118629.523941,2,0.30781251192092896
1565118649.188863,3,0.23237846791744232
1565118668.9221306,4,0.3255208432674408
1565118689.1934805,5,0.12899304926395416
1565118709.4990504,6,0.22404514253139496
1565118728.7318642,7,0.25598958134651184
1565118748.699011,8,0.24887153506278992
1565118767.7753828,9,0.3619791567325592
1565118788.0790765,10,0.3105034828186035
1565118807.6267474,11,0.33237847685813904
1565118827.379134,12,0.3211805522441864
1565118847.0007436,13,0.16788195073604584
1565118867.2953324,14,0.3114583194255829
1565118887.2020762,15,0.37925347685813904
1565118906.4820473,16,0.3683159649372101
1565118925.6873345,17,0.3719618022441864
1565118944.8567321,18,0.3993055522441864
1565118964.567977,19,0.34470486640930176
1565118984.9136617,20,0.4012152850627899
1565119004.6715958,21,0.20208333432674408
1565119024.947179,22,0.20937499403953552
1565119044.2880185,23,0.2165798544883728
1565119063.9861686,24,0.2844617962837219
1565119083.3081439,25,0.29592013359069824
1565119103.47563,26,0.33515626192092896
1565119123.3668687,27,0.3708333373069763
1565119143.1279523,28,0.3730902671813965
1565119162.358055,29,0.37812501192092896
1565119182.5319777,30,0.3409722149372101
1565119202.4532976,31,0.36901041865348816
1565119221.6598341,32,0.3725694417953491
1565119241.344553,33,0.3838541805744171
1565119261.0176494,34,0.20633681118488312
1565119280.6355314,35,0.15937499701976776
1565119299.799207,36,0.2087673544883728
1565119319.0157795,37,0.21119791269302368
1565119339.23293,38,0.2595486044883728
1565119358.9536078,39,0.3013888895511627
1565119378.1901205,40,0.14218750596046448
1565119397.3928356,41,0.19027778506278992
1565119417.1137068,42,0.20598958432674408
1565119436.5954206,43,0.22083333134651184
1565119456.8811483,44,0.23663194477558136
1565119477.1360102,45,0.2671006917953491
1565119496.6496074,46,0.2621527910232544
1565119517.0438726,47,0.23645833134651184
1565119536.3590615,48,0.24444444477558136
1565119556.1402006,49,0.23532986640930176
1565119575.275178,50,0.23463541269302368
1565119594.64532,51,0.2864583432674408
1565119614.0725815,52,0.20842014253139496
1565119634.4005785,53,0.14574652910232544
1565119653.5649154,54,0.24453124403953552
1565119673.6342075,55,0.26440972089767456
1565119693.4096494,56,0.23593750596046448
1565119713.6367714,57,0.20954860746860504
1565119732.8077087,58,0.2706597149372101
1565119751.9921741,59,0.2530381977558136
1565119772.211122,60,0.2035590261220932
1565119791.8192852,61,0.26510417461395264
1565119812.1164823,62,0.23107638955116272
1565119832.5349288,63,0.22942708432674408
1565119852.3779955,64,0.25225692987442017
1565119872.1305618,65,0.2374131977558136
1565119891.8971756,66,0.24036458134651184
1565119912.036687,67,0.23515625298023224
1565119931.408558,68,0.30173611640930176
1565119950.6604497,69,0.30520832538604736
1565119970.392643,70,0.2426215261220932
1565119990.1013303,71,0.25078123807907104
1565120009.5382905,72,0.28246527910232544
1565120029.4445558,73,0.2610242962837219
1565120049.70871,74,0.2588541805744171
1565120069.8065479,75,0.30416667461395264
1565120089.029816,76,0.31866317987442017
1565120108.1580493,77,0.29374998807907104
1565120128.478837,78,0.2753472328186035
1565120148.346562,79,0.2957465350627899
1565120168.5295084,80,0.3441840410232544
1565120188.167535,81,0.24895833432674408
1565120207.6357713,82,0.36119791865348816
1565120226.8489559,83,0.29435762763023376
1565120246.053722,84,0.3854166567325592
1565120265.157711,85,0.2569444477558136
1565120284.3666246,86,0.20711804926395416
1565120303.7743263,87,0.4153645932674408
1565120323.374455,88,0.3474826514720917
1565120343.6531367,89,0.1558159738779068
1565120363.3646734,90,0.3153645694255829
1565120383.687776,91,0.3478298485279083
1565120403.881348,92,0.14444445073604584
1565120423.2790427,93,0.3149305582046509
1565120442.9946496,94,0.2217881977558136
1565120462.446341,95,0.4184027910232544
1565120482.6075065,96,0.4264757037162781
1565120502.396451,97,0.41440972685813904
1565120522.1047268,98,0.4447048604488373
1565120541.8128836,99,0.44453126192092896
1565120561.5183346,100,0.3997395932674408
1565120581.1828403,101,0.43003472685813904
1565120600.5834143,102,0.46996527910232544
1565120620.2517717,103,0.26310762763023376
1565120639.440956,104,0.3613715171813965
1565120659.73558,105,0.4472222328186035
1565120679.613776,106,0.4748263955116272
1565120699.5592618,107,0.47821182012557983
1565120718.7884884,108,0.19479165971279144
1565120739.1622078,109,0.18697915971279144
1565120759.3833385,110,0.2879340350627899
1565120779.2822316,111,0.45694443583488464
1565120799.4600267,112,0.20026041567325592
1565120819.799944,113,0.3421874940395355
1565120840.0785437,114,0.4381944537162781
1565120859.9964619,115,0.4461805522441864
1565120879.3297,116,0.3958333432674408
1565120898.530284,117,0.49036458134651184
1565120918.3706076,118,0.43914932012557983
1565120938.1841567,119,0.40416666865348816
1565120958.1846788,120,0.4606770873069763
1565120977.5818555,121,0.4865451455116272
1565120997.432902,122,0.12439236044883728
1565121017.7612004,123,0.24817708134651184
1565121038.0894713,124,0.28611111640930176
1565121058.3637068,125,0.31935763359069824
1565121077.668899,126,0.30781251192092896
1565121097.392365,127,0.2565104067325592
1565121117.5679533,128,0.3153645694255829
1565121137.8503845,129,0.30633682012557983
1565121157.260853,130,0.3269965350627899
1565121176.4912896,131,0.3223090171813965
1565121195.6719894,132,0.15746527910232544
1565121214.8418548,133,0.3266493082046509
1565121234.2343583,134,0.12230902910232544
1565121253.5059092,135,0.20338541269302368
1565121272.7012506,136,0.23194444179534912
1565121292.2182188,137,0.23828125
1565121311.8393824,138,0.24800346791744232
1565121330.9758947,139,0.2478298544883728
1565121350.1054525,140,0.23671874403953552
1565121369.261086,141,0.21753472089767456
1565121426.3744676,142,0.24331596493721008
1565121446.6895545,143,0.23836804926395416
1565121466.4829323,144,0.20842014253139496
1565121486.4260309,145,0.24774305522441864
1565121505.9093862,146,0.20173610746860504
1565121525.1448958,147,0.21510416269302368
1565121544.8916955,148,0.24279513955116272
1565121564.8275716,149,0.2688367962837219
1565121584.8172908,150,0.2426215261220932
1565121604.0770862,151,0.26267361640930176
1565121624.2224894,152,0.25312501192092896
1565121643.3167317,153,0.3032118082046509
1565121663.3524559,154,0.2556423544883728
1565121683.5210695,155,0.2527777850627899
1565121703.7999945,156,0.26397567987442017
1565121723.8805578,157,0.2710937559604645
1565121743.3941405,158,0.27265626192092896
1565121763.365455,159,0.2879340350627899
1565121783.5741856,160,0.2849826514720917
1565121803.0780385,161,0.1245659738779068
1565121823.4536607,162,0.12473957985639572
1565121843.8271325,163,0.16137152910232544
1565121863.620763,164,0.16901041567325592
1565121883.8687153,165,0.24409721791744232
1565121904.1639075,166,0.2645833194255829
1565121924.4508445,167,0.17777778208255768
1565121944.34068,168,0.20807291567325592
1565121963.6593528,169,0.2439236044883728
1565121983.1071148,170,0.23706597089767456
1565122003.3943655,171,0.2322048544883728
1565122023.1090868,172,0.20694445073604584
1565122043.4047678,173,0.18072916567325592
1565122062.796273,174,0.24053819477558136
1565122082.679448,175,0.21675346791744232
1565122101.8557386,176,0.23038195073604584
1565122121.176784,177,0.20815971493721008
1565122141.4785829,178,0.2506076395511627
1565122161.4899824,179,0.21475695073604584
1565122181.0867789,180,0.20043402910232544
1565122200.8713887,181,0.2022569477558136
1565122220.415021,182,0.23854166269302368
1565122239.7852862,183,0.2511284649372101
1565122259.8871267,184,0.22083333134651184
1565122279.9961565,185,0.22925347089767456
1565122300.453661,186,0.2699652910232544
1565122320.9181614,187,0.25876736640930176
1565122340.631329,188,0.2955729067325592
1565122360.4591775,189,0.30373263359069824
1565122380.4523504,190,0.23776040971279144
1565122400.3290672,191,0.3065972328186035
1565122419.7574446,192,0.2844617962837219
1565122439.4113214,193,0.3191840350627899
1565122459.694931,194,0.3040798604488373
1565122479.9477649,195,0.3333333432674408
1565122499.6918123,196,0.30894097685813904
1565122519.4368947,197,0.2944444417953491
1565122539.1698463,198,0.33020833134651184
1565122559.408591,199,0.3210069537162781
