Wall time,Step,Value
1565118587.7310712,0,0.22986111044883728
1565118605.9792886,1,0.11435185372829437
1565118624.1748848,2,0.11504629999399185
1565118642.3288765,3,0.14791665971279144
1565118660.4290028,4,0.25648146867752075
1565118678.6569154,5,0.3062500059604645
1565118696.9101949,6,0.29305556416511536
1565118714.9994307,7,0.22592592239379883
1565118733.2170846,8,0.2074074000120163
1565118751.413627,9,0.3393518626689911
1565118769.5068502,10,0.348842591047287
1565118787.6458359,11,0.3689814805984497
1565118805.8012447,12,0.3421296179294586
1565118824.0013955,13,0.28263887763023376
1565118842.1216013,14,0.3854166567325592
1565118860.3207417,15,0.3983796238899231
1565118878.554309,16,0.380092591047287
1565118896.7306366,17,0.33125001192092896
1565118914.9222472,18,0.10532407462596893
1565118933.0445986,19,0.15300926566123962
1565118951.1558754,20,0.34768518805503845
1565118969.299531,21,0.3462963104248047
1565118987.5069902,22,0.33888888359069824
1565119005.7201865,23,0.3611111044883728
1565119023.8597853,24,0.28263887763023376
1565119041.9405713,25,0.40740740299224854
1565119060.0908237,26,0.34953704476356506
1565119078.2500675,27,0.14351852238178253
1565119096.3612602,28,0.07916666567325592
1565119114.463221,29,0.2171296328306198
1565119132.5643773,30,0.2247685194015503
1565119150.7245717,31,0.22245369851589203
1565119168.89463,32,0.20462962985038757
1565119187.1106293,33,0.20416666567325592
1565119205.2051687,34,0.21388888359069824
1565119223.2995243,35,0.2108796238899231
1565119241.4555643,36,0.2023148089647293
1565119259.5671601,37,0.2083333283662796
1565119277.7647989,38,0.2108796238899231
1565119295.877192,39,0.20185184478759766
1565119314.0298371,40,0.16087962687015533
1565119332.0969043,41,0.2127314805984497
1565119350.2028508,42,0.13587963581085205
1565119368.3792756,43,0.18634259700775146
1565119386.5080771,44,0.18078704178333282
1565119404.630997,45,0.17430555820465088
1565119422.7781625,46,0.15671296417713165
1565119440.8986077,47,0.1581018567085266
1565119459.0867937,48,0.20972222089767456
1565119477.30978,49,0.20370370149612427
1565119495.4981027,50,0.24189814925193787
1565119513.6897943,51,0.19212962687015533
1565119531.866678,52,0.2152777761220932
1565119550.0682368,53,0.16180555522441864
1565119568.1919966,54,0.19907407462596893
1565119586.298191,55,0.21828703582286835
1565119604.4386044,56,0.23333333432674408
1565119622.5695386,57,0.22083333134651184
1565119640.6462784,58,0.23078703880310059
1565119658.8290188,59,0.22754628956317902
1565119676.9738488,60,0.2039351910352707
1565119695.1167564,61,0.1884259283542633
1565119713.2351499,62,0.19328702986240387
1565119731.4239576,63,0.23773148655891418
1565119749.5984287,64,0.20995371043682098
1565119767.78621,65,0.19953703880310059
1565119786.0376062,66,0.20995371043682098
1565119804.2243166,67,0.2291666716337204
1565119822.3831787,68,0.24027778208255768
1565119840.4884906,69,0.23101851344108582
1565119858.6166968,70,0.21828703582286835
1565119876.8124905,71,0.26365742087364197
1565119894.9782808,72,0.1789351850748062
1565119913.063647,73,0.20601852238178253
1565119931.228867,74,0.26180556416511536
1565119949.411177,75,0.27407407760620117
1565119967.6500158,76,0.22245369851589203
1565119985.8274615,77,0.2553240656852722
1565120003.9220011,78,0.3046296238899231
1565120022.0631711,79,0.27638888359069824
1565120040.227729,80,0.24074074625968933
1565120058.4290297,81,0.26273149251937866
1565120076.5981007,82,0.2300925999879837
1565120094.8303752,83,0.2793981432914734
1565120113.0257602,84,0.2553240656852722
1565120131.1463904,85,0.2900463044643402
1565120149.3579493,86,0.25486111640930176
1565120167.5349846,87,0.3118055462837219
1565120185.686358,88,0.28333333134651184
1565120203.855013,89,0.2594907283782959
1565120222.0478635,90,0.2752314805984497
1565120240.2215629,91,0.26944443583488464
1565120258.3306246,92,0.33472222089767456
1565120276.4377463,93,0.30509260296821594
1565120294.535964,94,0.31203705072402954
1565120312.7573104,95,0.3664351999759674
1565120330.8878844,96,0.32592591643333435
1565120349.019686,97,0.3046296238899231
1565120367.1029577,98,0.2793981432914734
1565120385.2295141,99,0.24583333730697632
1565120403.3248312,100,0.3525463044643402
1565120421.52179,101,0.39027777314186096
1565120439.6636627,102,0.38055557012557983
1565120457.7726696,103,0.28703704476356506
1565120475.8557525,104,0.3134259283542633
1565120494.087032,105,0.33194443583488464
1565120512.3015497,106,0.2578703761100769
1565120530.4598997,107,0.3594907522201538
1565120548.606143,108,0.3118055462837219
1565120566.7298975,109,0.34768518805503845
1565120584.9541876,110,0.38495370745658875
1565120603.0969028,111,0.27453702688217163
1565120621.2514493,112,0.3967592716217041
1565120639.3868346,113,0.2405092567205429
1565120657.4559107,114,0.3655092716217041
1565120675.631823,115,0.38148146867752075
1565120693.758563,116,0.24282407760620117
1565120711.8836212,117,0.3638888895511627
1565120730.0039537,118,0.37523147463798523
1565120748.0830824,119,0.33912035822868347
1565120766.1675284,120,0.28958332538604736
1565120784.3328161,121,0.3238425850868225
1565120802.4810889,122,0.31296294927597046
1565120820.7076342,123,0.3787037134170532
1565120838.8655186,124,0.36759260296821594
1565120857.0128875,125,0.4340277910232544
1565120875.1365888,126,0.37453705072402954
1565120893.2544997,127,0.4393518567085266
1565120911.382759,128,0.36944442987442017
1565120929.4903207,129,0.3576388955116272
1565120947.66458,130,0.4208333194255829
1565120965.7775497,131,0.3856481611728668
1565120983.9094174,132,0.4046296179294586
1565121002.1055992,133,0.40324074029922485
1565121020.2156892,134,0.2203703671693802
1565121038.2982843,135,0.37037035822868347
1565121056.507008,136,0.44305557012557983
1565121074.602385,137,0.31273147463798523
1565121092.6949959,138,0.4210648238658905
1565121110.7957776,139,0.4349536895751953
1565121128.8799567,140,0.4210648238658905
1565121147.058216,141,0.35208332538604736
1565121165.207343,142,0.4141203761100769
1565121183.3274066,143,0.40601852536201477
1565121201.503874,144,0.2840277850627899
1565121219.6844854,145,0.42384257912635803
1565121237.7963254,146,0.3863425850868225
1565121255.8945088,147,0.4668981432914734
1565121274.0379698,148,0.43194442987442017
1565121292.1867294,149,0.271064817905426
1565121310.3705046,150,0.40740740299224854
1565121328.6048207,151,0.4185185134410858
1565121346.7689297,152,0.42847222089767456
1565121364.9123435,153,0.4506944417953491
1565121424.852756,154,0.42592594027519226
1565121442.9951923,155,0.38240739703178406
1565121461.1164079,156,0.37731480598449707
1565121479.253205,157,0.43356481194496155
1565121497.3970182,158,0.4539351761341095
1565121515.5471628,159,0.44050925970077515
1565121533.6930974,160,0.24097222089767456
1565121551.7608125,161,0.21574074029922485
1565121569.954631,162,0.27916666865348816
1565121588.1170955,163,0.32592591643333435
1565121606.241859,164,0.38310185074806213
1565121624.3497336,165,0.32777777314186096
1565121642.426863,166,0.4407407343387604
1565121660.506291,167,0.42569443583488464
1565121678.6820002,168,0.4034722149372101
1565121696.8566542,169,0.4453703761100769
1565121715.0092714,170,0.25046294927597046
1565121733.1391602,171,0.41550925374031067
1565121751.2814667,172,0.4243055582046509
1565121769.4461398,173,0.34398147463798523
1565121787.6411743,174,0.44583332538604736
1565121805.8590627,175,0.4724537134170532
1565121824.0610442,176,0.427314817905426
1565121842.2768638,177,0.3256944417953491
1565121860.4803112,178,0.4115740656852722
1565121878.6661134,179,0.45879629254341125
1565121896.8349643,180,0.43101853132247925
1565121914.9470818,181,0.34513887763023376
1565121933.1319218,182,0.43958333134651184
1565121951.3450775,183,0.4520833194255829
1565121969.494458,184,0.4592592716217041
1565121987.6344652,185,0.46990740299224854
1565122005.7953923,186,0.49166667461395264
1565122023.9569342,187,0.39814814925193787
1565122042.153817,188,0.4495370388031006
1565122060.3362978,189,0.49953705072402954
1565122078.4041429,190,0.4037036895751953
1565122096.5487733,191,0.4650462865829468
1565122114.7010603,192,0.3037036955356598
1565122132.8118052,193,0.43703705072402954
1565122150.953981,194,0.4481481611728668
1565122169.7308736,195,0.4842592477798462
1565122187.9289114,196,0.32083332538604736
1565122206.5462735,197,0.4567129611968994
1565122224.7861998,198,0.5023148059844971
1565122242.9872863,199,0.41527777910232544
