Wall time,Step,Value
1565118585.602939,0,0.27821022272109985
1565118603.893566,1,0.21095339953899384
1565118620.1039226,2,0.2819368243217468
1565118636.3544643,3,0.28264907002449036
1565118652.607415,4,0.3638583719730377
1565118668.8777032,5,0.31305962800979614
1565118685.1193247,6,0.2983948886394501
1565118701.3259807,7,0.37613198161125183
1565118717.5065296,8,0.3417404294013977
1565118733.6825132,9,0.33974358439445496
1565118749.9429376,10,0.34514907002449036
1565118766.1623237,11,0.34559422731399536
1565118782.3901584,12,0.3285510838031769
1565118798.678758,13,0.37728938460350037
1565118814.9247286,14,0.3816010355949402
1565118831.2039955,15,0.4101419448852539
1565118847.401102,16,0.40712758898735046
1565118863.583576,17,0.40892094373703003
1565118879.7820058,18,0.1338013857603073
1565118896.0230744,19,0.2696632146835327
1565118912.2115395,20,0.339934378862381
1565118928.4373646,21,0.3624974489212036
1565118944.7230291,22,0.3830128312110901
1565118960.9677958,23,0.40237078070640564
1565118977.2748232,24,0.43741098046302795
1565118993.6312509,25,0.4500025510787964
1565119009.936106,26,0.41278743743896484
1565119026.1730647,27,0.4600376486778259
1565119042.476111,28,0.4321962893009186
1565119058.7032833,29,0.47893771529197693
1565119074.8616426,30,0.3821733891963959
1565119091.05156,31,0.45090556144714355
1565119107.2786202,32,0.44286730885505676
1565119123.47497,33,0.23892195522785187
1565119139.7268775,34,0.31003254652023315
1565119155.984135,35,0.3653973340988159
1565119172.2229197,36,0.3702813386917114
1565119188.4999225,37,0.36906033754348755
1565119204.7810557,38,0.38172823190689087
1565119221.0530188,39,0.41805300116539
1565119237.1847515,40,0.38944852352142334
1565119253.461176,41,0.3613400459289551
1565119269.6732135,42,0.2712021768093109
1565119285.8802466,43,0.3763863444328308
1565119302.0701003,44,0.47771671414375305
1565119318.3194928,45,0.4316239356994629
1565119334.5694478,46,0.4529024362564087
1565119350.7562556,47,0.44711539149284363
1565119367.056165,48,0.4734813868999481
1565119383.2935805,49,0.42962709069252014
1565119399.470103,50,0.45020604133605957
1565119415.7430217,51,0.45283883810043335
1565119431.9522994,52,0.45046043395996094
1565119448.215282,53,0.4575956463813782
1565119464.4774544,54,0.4549628496170044
1565119480.7268965,55,0.39561712741851807
1565119496.9516032,56,0.46228885650634766
1565119513.2198853,57,0.4781745970249176
1565119529.4797866,58,0.4550900459289551
1565119545.778679,59,0.5032432675361633
1565119562.0933957,60,0.4761141538619995
1565119578.3414419,61,0.3059243857860565
1565119594.5622752,62,0.39252644777297974
1565119610.7463725,63,0.45715048909187317
1565119626.9719357,64,0.48074379563331604
1565119643.23425,65,0.4927630126476288
1565119659.5082474,66,0.45566239953041077
1565119675.7736163,67,0.49199989438056946
1565119691.9769328,68,0.47257834672927856
1565119708.346379,69,0.4830586016178131
1565119724.6677053,70,0.5090939402580261
1565119740.8968313,71,0.2721688151359558
1565119757.133193,72,0.36783933639526367
1565119773.416832,73,0.3924628496170044
1565119789.6519392,74,0.29512616991996765
1565119805.920964,75,0.3724689781665802
1565119822.1600013,76,0.4118843972682953
1565119838.4018276,77,0.3885454833507538
1565119854.588518,78,0.43181470036506653
1565119870.842467,79,0.45296600461006165
1565119887.0852513,80,0.3927808403968811
1565119903.4108114,81,0.4505240023136139
1565119919.6520262,82,0.45296600461006165
1565119935.7852857,83,0.4587530493736267
1565119951.962287,84,0.41805300116539
1565119968.160742,85,0.45965608954429626
1565119984.3919554,86,0.4560566842556
1565120000.5907922,87,0.45521724224090576
1565120016.7911153,88,0.4552808403968811
1565120032.9840178,89,0.40976038575172424
1565120049.3077588,90,0.4195919930934906
1565120065.5033684,91,0.4792684316635132
1565120081.6729112,92,0.4494301974773407
1565120097.92025,93,0.4282788932323456
1565120114.1335068,94,0.4958536922931671
1565120130.4320383,95,0.4559294879436493
1565120146.771889,96,0.12325753271579742
1565120163.1454582,97,0.12679333984851837
1565120179.3432314,98,0.1468508392572403
1565120195.5995994,99,0.18986569344997406
1565120211.836977,100,0.12441493570804596
1565120228.043962,101,0.2142348438501358
1565120244.2530246,102,0.2431064248085022
1565120260.5278623,103,0.18967491388320923
1565120276.8215399,104,0.18388786911964417
1565120293.0224679,105,0.2118564248085022
1565120309.212593,106,0.24001577496528625
1565120325.4575229,107,0.20657815039157867
1565120341.701217,108,0.179512619972229
1565120357.9726474,109,0.22484228014945984
1565120374.2065496,110,0.1735347956418991
1565120390.4814968,111,0.2143620252609253
1565120406.7404554,112,0.2038181722164154
1565120423.026472,113,0.18247608840465546
1565120439.3135326,114,0.16601800918579102
1565120455.572635,115,0.14678724110126495
1565120471.799674,116,0.19205331802368164
1565120488.008966,117,0.22780576348304749
1565120504.2792888,118,0.24304284155368805
1565120520.593805,119,0.18845391273498535
1565120536.8367612,120,0.1826668679714203
1565120553.1015618,121,0.19224409759044647
1565120569.3085928,122,0.1774521768093109
1565120585.5432322,123,0.2766076624393463
1565120601.8265471,124,0.1806064248085022
1565120618.0627558,125,0.1662723869085312
1565120634.2606063,126,0.26413053274154663
1565120650.5468311,127,0.2729955315589905
1565120666.7918594,128,0.19552554190158844
1565120683.0166225,129,0.25314152240753174
1565120699.2777154,130,0.16652676463127136
1565120715.507445,131,0.21861009299755096
1565120731.775615,132,0.20028235018253326
1565120748.1374385,133,0.17205941677093506
1565120764.4048014,134,0.19649216532707214
1565120780.7048364,135,0.23738299310207367
1565120796.8795257,136,0.18170024454593658
1565120813.2240407,137,0.2631639242172241
1565120829.5435636,138,0.2355133295059204
1565120845.8240736,139,0.21429842710494995
1565120862.0529647,140,0.18150946497917175
1565120878.3333242,141,0.15301942825317383
1565120894.6107655,142,0.27345338463783264
1565120910.843834,143,0.19636498391628265
1565120927.0508332,144,0.21526506543159485
1565120943.2963135,145,0.16511498391628265
1565120959.5380871,146,0.19224409759044647
1565120975.7714458,147,0.2519078254699707
1565120992.0810635,148,0.20960521697998047
1565121008.2535641,149,0.20124898850917816
1565121024.5760078,150,0.18620269000530243
1565121040.8814573,151,0.13521316647529602
1565121057.1289876,152,0.20966880023479462
1565121073.3624759,153,0.2688237726688385
1565121089.678547,154,0.16524216532707214
1565121105.9056146,155,0.25108110904693604
1565121122.1542444,156,0.20812983810901642
1565121138.3744526,157,0.2211792767047882
1565121154.6364908,158,0.10943223536014557
1565121170.8490589,159,0.1746286153793335
1565121187.1861875,160,0.2667633295059204
1565121203.5228336,161,0.11174704879522324
1565121219.8443332,162,0.2500508725643158
1565121236.0528991,163,0.25705891847610474
1565121252.3006582,164,0.21983109414577484
1565121268.5122976,165,0.1796398013830185
1565121284.734258,166,0.24676942825317383
1565121300.944268,167,0.17681623995304108
1565121317.190078,168,0.1989341676235199
1565121333.4402888,169,0.23294414579868317
1565121349.7339878,170,0.18529964983463287
1565121366.102578,171,0.1825396865606308
1565121422.9529648,172,0.24676942825317383
1565121439.192021,173,0.11284086108207703
1565121455.3721917,174,0.23403795063495636
1565121471.6657357,175,0.25705891847610474
1565121487.8749285,176,0.17957621812820435
1565121504.052489,177,0.1746286153793335
1565121520.3293643,178,0.26766636967658997
1565121536.5985281,179,0.13971561193466187
1565121552.8018477,180,0.16086691617965698
1565121569.044059,181,0.2667633295059204
1565121585.2140267,182,0.2186736911535263
1565121601.4180233,183,0.17784646153450012
1565121617.752548,184,0.12466931343078613
1565121633.9642384,185,0.19230769574642181
1565121650.2111166,186,0.2920355200767517
1565121666.446321,187,0.26432132720947266
1565121682.7021859,188,0.19539834558963776
1565121698.8911448,189,0.20369099080562592
1565121715.0878441,190,0.13180454075336456
1565121731.4082222,191,0.13167734444141388
1565121747.7249725,192,0.21288664638996124
1565121763.9393184,193,0.21526506543159485
1565121780.2204058,194,0.24889346957206726
1565121796.5538468,195,0.19822192192077637
1565121812.8150454,196,0.24220339953899384
1565121829.0413177,197,0.24098239839076996
1565121845.276677,198,0.1871057152748108
1565121861.5222697,199,0.23435592651367188
