Wall time,Step,Value
1565118587.9772313,0,0.16764132678508759
1565118605.753185,1,0.29233673214912415
1565118623.5206716,2,0.2758893668651581
1565118641.2289305,3,0.31481480598449707
1565118658.996185,4,0.1560063362121582
1565118676.7374177,5,0.07992202788591385
1565118694.430151,6,0.19389620423316956
1565118712.1212964,7,0.20394736528396606
1565118729.7945929,8,0.17458577454090118
1565118747.4697044,9,0.25645712018013
1565118765.1211376,10,0.21247562766075134
1565118782.8861842,11,0.3035453259944916
1565118800.5952427,12,0.21009990572929382
1565118818.2944214,13,0.32632797956466675
1565118835.921055,14,0.264132559299469
1565118853.6965985,15,0.2611476480960846
1565118871.3796244,16,0.33686646819114685
1565118889.032732,17,0.33254143595695496
1565118906.822716,18,0.3321150243282318
1565118924.5665812,19,0.3298611044883728
1565118942.3731568,20,0.29842835664749146
1565118960.0598354,21,0.13511209189891815
1565118977.8672838,22,0.1776924878358841
1565118995.637741,23,0.26297515630722046
1565119013.3157072,24,0.30512914061546326
1565119031.0007293,25,0.35026803612709045
1565119048.6579626,26,0.3527046740055084
1565119066.3937228,27,0.35575050115585327
1565119084.0847979,28,0.3556895852088928
1565119101.7404206,29,0.38499024510383606
1565119119.4932437,30,0.4052753448486328
1565119137.1616855,31,0.3097587823867798
1565119154.8251557,32,0.3456993103027344
1565119172.6347303,33,0.3598927855491638
1565119190.265218,34,0.37938597798347473
1565119208.0307157,35,0.3835891783237457
1565119225.6894133,36,0.41526558995246887
1565119243.3659568,37,0.43110379576683044
1565119261.0828931,38,0.37506091594696045
1565119278.7603736,39,0.4264741837978363
1565119296.4679239,40,0.42525583505630493
1565119314.2054622,41,0.2657772898674011
1565119332.0348885,42,0.4047880172729492
1565119349.7354996,43,0.42019981145858765
1565119367.4256852,44,0.4120979607105255
1565119385.151927,45,0.34478557109832764
1565119402.8615632,46,0.3625730872154236
1565119420.5002713,47,0.15606725215911865
1565119438.1405785,48,0.12396442145109177
1565119455.8443043,49,0.17221003770828247
1565119473.5439365,50,0.11044103652238846
1565119491.2117198,51,0.16191519796848297
1565119508.966335,52,0.1533869355916977
1565119526.6232834,53,0.1556408405303955
1565119544.2621582,54,0.1528996080160141
1565119561.976628,55,0.17805799841880798
1565119579.59523,56,0.15746831893920898
1565119597.3574762,57,0.20443469285964966
1565119615.046571,58,0.17141813039779663
1565119632.7524948,59,0.16837231814861298
1565119650.5275443,60,0.17574317753314972
1565119668.3172877,61,0.1799463927745819
1565119686.0304317,62,0.18238304555416107
1565119703.7119887,63,0.18841373920440674
1565119721.4466212,64,0.1669103354215622
1565119739.1042464,65,0.1807992160320282
1565119756.788835,66,0.17379385232925415
1565119774.5495875,67,0.1873781681060791
1565119792.2365036,68,0.1846369355916977
1565119809.9056854,69,0.14796540141105652
1565119827.6597538,70,0.18195663392543793
1565119845.3335946,71,0.17738790810108185
1565119863.0643396,72,0.1702607274055481
1565119880.8093338,73,0.18268762528896332
1565119898.5189195,74,0.18993665277957916
1565119916.2529259,75,0.19651558995246887
1565119933.8990057,76,0.1641691029071808
1565119951.6231737,77,0.17537768185138702
1565119969.391742,78,0.17263644933700562
1565119987.1307945,79,0.18122562766075134
1565120004.8211367,80,0.19773392379283905
1565120022.4749742,81,0.1799463927745819
1565120040.1537337,82,0.1943226158618927
1565120057.8435783,83,0.20157164335250854
1565120075.52424,84,0.1773269921541214
1565120093.2413034,85,0.1815302073955536
1565120110.994146,86,0.1591130644083023
1565120128.7054055,87,0.21716618537902832
1565120146.3800876,88,0.21716618537902832
1565120164.1370912,89,0.2217348963022232
1565120181.844343,90,0.19005848467350006
1565120199.6153507,91,0.20936891436576843
1565120217.3855476,92,0.17221003770828247
1565120235.1303465,93,0.19956140220165253
1565120252.8412585,94,0.20589669048786163
1565120270.5425065,95,0.18494151532649994
1565120288.1946778,96,0.15570175647735596
1565120305.8131924,97,0.20388644933700562
1565120323.454379,98,0.2047392725944519
1565120341.1619234,99,0.1848805993795395
1565120358.8545792,100,0.2321515530347824
1565120376.5806332,101,0.18926656246185303
1565120394.2365406,102,0.17495127022266388
1565120412.003099,103,0.19590643048286438
1565120429.7524865,104,0.17574317753314972
1565120447.5137565,105,0.1633162796497345
1565120465.1882854,106,0.17032164335250854
1565120482.8505056,107,0.18494151532649994
1565120500.4839196,108,0.20096246898174286
1565120518.1536126,109,0.20467835664749146
1565120535.905498,110,0.18926656246185303
1565120553.6651886,111,0.1934697926044464
1565120571.4262784,112,0.17921540141105652
1565120589.1525621,113,0.23056773841381073
1565120606.7912104,114,0.2401924878358841
1565120624.4756315,115,0.30512914061546326
1565120642.13653,116,0.26455897092819214
1565120659.8641424,117,0.21101364493370056
1565120677.5597177,118,0.23209063708782196
1565120695.246807,119,0.28240740299224854
1565120712.8938081,120,0.2915448248386383
1565120730.586944,121,0.2896564304828644
1565120748.3459685,122,0.272356241941452
1565120766.068031,123,0.24719785153865814
1565120783.7024174,124,0.3187134563922882
1565120801.40173,125,0.280031681060791
1565120819.1005194,126,0.2163742631673813
1565120836.8184445,127,0.29245856404304504
1565120854.5621367,128,0.3005604147911072
1565120872.339553,129,0.2599293291568756
1565120890.0416934,130,0.24482212960720062
1565120907.7079735,131,0.25103557109832764
1565120925.4059417,132,0.24573586881160736
1565120943.078901,133,0.3276072144508362
1565120960.8173342,134,0.34106969833374023
1565120978.5125816,135,0.27686402201652527
1565120996.2118819,136,0.348440557718277
1565121013.895594,137,0.27662035822868347
1565121031.5729055,138,0.27997076511383057
1565121049.2809434,139,0.29544347524642944
1565121067.0191123,140,0.2668737769126892
1565121084.7902548,141,0.2884381115436554
1565121102.5441525,142,0.2831383943557739
1565121120.2357461,143,0.3352217376232147
1565121137.9336047,144,0.2668737769126892
1565121155.6184878,145,0.1846369355916977
1565121173.3177838,146,0.3062865436077118
1565121191.0937495,147,0.3491106331348419
1565121208.856688,148,0.3491106331348419
1565121226.5260851,149,0.34837964177131653
1565121244.2171934,150,0.30476364493370056
1565121261.930132,151,0.18268762528896332
1565121279.6646981,152,0.2182626724243164
1565121297.3492646,153,0.2669956088066101
1565121315.0872436,154,0.25925925374031067
1565121332.8183985,155,0.24013157188892365
1565121350.4764867,156,0.3020833432674408
1565121368.2692785,157,0.28265106678009033
1565121424.2945225,158,0.2649853825569153
1565121442.0048685,159,0.25402048230171204
1565121459.6726315,160,0.23014132678508759
1565121477.3223984,161,0.32644981145858765
1565121495.0836444,162,0.27150341868400574
1565121512.7619648,163,0.22106482088565826
1565121530.45763,164,0.3287646174430847
1565121548.1338701,165,0.33637914061546326
1565121565.8701873,166,0.3477095663547516
1565121583.6557217,167,0.29160574078559875
1565121601.4140499,168,0.3172514736652374
1565121619.1297514,169,0.32060185074806213
1565121636.818967,170,0.111598439514637
1565121654.5290253,171,0.12707115709781647
1565121672.2288659,172,0.17032164335250854
1565121689.914911,173,0.13401558995246887
1565121707.6700482,174,0.16758041083812714
1565121725.4224613,175,0.16758041083812714
1565121743.1802282,176,0.1881091594696045
1565121760.9020627,177,0.19462719559669495
1565121778.5603082,178,0.167153999209404
1565121796.200549,179,0.11738547682762146
1565121813.9394374,180,0.18262670934200287
1565121831.6210437,181,0.21125730872154236
1565121849.2764094,182,0.29075291752815247
1565121867.0061288,183,0.1483308970928192
1565121884.7542522,184,0.17263644933700562
1565121902.4165978,185,0.2514619827270508
1565121920.044623,186,0.19426169991493225
1565121937.7988038,187,0.2816154956817627
1565121955.494294,188,0.21052631735801697
1565121973.1051984,189,0.26730018854141235
1565121990.848446,190,0.3223074972629547
1565122008.4576132,191,0.3085404336452484
1565122026.1127014,192,0.24445663392543793
1565122043.8221416,193,0.24415205419063568
1565122061.4926705,194,0.2368421107530594
1565122079.2762296,195,0.2673611044883728
1565122097.026039,196,0.30981969833374023
1565122114.880198,197,0.3263888955116272
1565122132.594782,198,0.23830409348011017
1565122150.4511797,199,0.2661427855491638
