Wall time,Step,Value
1565118588.253098,0,0.2916666567325592
1565118607.207789,1,0.047453705221414566
1565118626.1151257,2,0.34375
1565118645.1095636,3,0.17129629850387573
1565118664.0241761,4,0.16087962687015533
1565118682.8736649,5,0.39351850748062134
1565118701.803083,6,0.4236111044883728
1565118720.7680426,7,0.31828704476356506
1565118739.7158873,8,0.17476852238178253
1565118758.7481475,9,0.17939814925193787
1565118777.6665142,10,0.15509259700775146
1565118796.6101074,11,0.20254629850387573
1565118815.5219462,12,0.38078704476356506
1565118834.4966006,13,0.25115740299224854
1565118853.5731509,14,0.32523149251937866
1565118872.5897293,15,0.25810185074806213
1565118891.5084593,16,0.26967594027519226
1565118910.4498863,17,0.29629629850387573
1565118929.4075084,18,0.26504629850387573
1565118948.464331,19,0.4513888955116272
1565118967.4728522,20,0.44907405972480774
1565118986.3727334,21,0.32870370149612427
1565119005.251427,22,0.3715277910232544
1565119024.1844814,23,0.5069444179534912
1565119043.1054204,24,0.36921295523643494
1565119061.973492,25,0.12731482088565826
1565119080.9014492,26,0.13310185074806213
1565119099.867473,27,0.15393517911434174
1565119118.800786,28,0.19560185074806213
1565119137.7370853,29,0.29050925374031067
1565119156.6660259,30,0.2847222089767456
1565119175.6261687,31,0.2256944477558136
1565119194.5463567,32,0.41203704476356506
1565119213.4477367,33,0.4618055522441864
1565119232.3069263,34,0.34259259700775146
1565119251.2339122,35,0.34259259700775146
1565119270.1378007,36,0.4895833432674408
1565119289.1072376,37,0.36689814925193787
1565119308.018366,38,0.47337964177131653
1565119326.9301784,39,0.46990740299224854
1565119345.8856614,40,0.44907405972480774
1565119364.820828,41,0.37731480598449707
1565119383.7760756,42,0.34606480598449707
1565119402.7542312,43,0.3541666567325592
1565119421.7565317,44,0.48032405972480774
1565119440.687481,45,0.1597222238779068
1565119459.6361475,46,0.19675925374031067
1565119478.5763931,47,0.3229166567325592
1565119497.4880052,48,0.22453702986240387
1565119516.4006758,49,0.2604166567325592
1565119535.3680584,50,0.22106482088565826
1565119554.3411868,51,0.25462964177131653
1565119573.2549927,52,0.34837964177131653
1565119592.1865041,53,0.3923611044883728
1565119611.0727336,54,0.28009259700775146
1565119630.0651834,55,0.39467594027519226
1565119649.0741975,56,0.29745370149612427
1565119668.0449042,57,0.43171295523643494
1565119686.9907553,58,0.34490740299224854
1565119705.942609,59,0.41435185074806213
1565119724.8803763,60,0.34953704476356506
1565119743.8419106,61,0.47337964177131653
1565119762.817788,62,0.38657405972480774
1565119781.715371,63,0.3854166567325592
1565119800.5815413,64,0.5162037014961243
1565119819.5746017,65,0.38078704476356506
1565119838.5568361,66,0.49537035822868347
1565119857.4618902,67,0.28356480598449707
1565119876.432072,68,0.38425925374031067
1565119895.320864,69,0.41782405972480774
1565119914.206,70,0.3958333432674408
1565119933.1750894,71,0.40856480598449707
1565119952.1056678,72,0.20254629850387573
1565119971.074358,73,0.42129629850387573
1565119989.9914556,74,0.53125
1565120008.965872,75,0.49074074625968933
1565120027.912977,76,0.3263888955116272
1565120046.8347576,77,0.49537035822868347
1565120065.8308778,78,0.4340277910232544
1565120084.8091059,79,0.43518519401550293
1565120103.8065403,80,0.5567129850387573
1565120122.8351808,81,0.41898149251937866
1565120141.8137634,82,0.46296295523643494
1565120160.7116084,83,0.20254629850387573
1565120179.5714214,84,0.28356480598449707
1565120198.5203161,85,0.3020833432674408
1565120217.3938732,86,0.23842592537403107
1565120236.3709464,87,0.1840277761220932
1565120255.3376453,88,0.2118055522441864
1565120274.238352,89,0.2361111044883728
1565120293.1167972,90,0.23032407462596893
1565120312.0083601,91,0.36921295523643494
1565120330.8518858,92,0.12384258955717087
1565120349.7836115,93,0.2222222238779068
1565120368.7245872,94,0.3298611044883728
1565120387.6325536,95,0.23726852238178253
1565120406.6347945,96,0.2604166567325592
1565120425.644487,97,0.35185185074806213
1565120444.554559,98,0.2430555522441864
1565120463.4866652,99,0.35648149251937866
1565120482.5243168,100,0.19328702986240387
1565120501.4640584,101,0.21412037312984467
1565120520.3548985,102,0.33564814925193787
1565120539.328493,103,0.25810185074806213
1565120558.3321445,104,0.2604166567325592
1565120577.248387,105,0.22106482088565826
1565120596.2596586,106,0.23379629850387573
1565120615.2533762,107,0.25115740299224854
1565120634.2119002,108,0.26157405972480774
1565120653.177348,109,0.2881944477558136
1565120672.1676338,110,0.28356480598449707
1565120691.2117312,111,0.36226850748062134
1565120710.1313632,112,0.2604166567325592
1565120729.056371,113,0.39467594027519226
1565120747.973028,114,0.4166666567325592
1565120766.9278355,115,0.3923611044883728
1565120785.9045532,116,0.19212962687015533
1565120804.8242614,117,0.4097222089767456
1565120823.774867,118,0.38078704476356506
1565120842.7096837,119,0.30324074625968933
1565120861.5991051,120,0.4270833432674408
1565120880.4783971,121,0.31018519401550293
1565120899.429849,122,0.26504629850387573
1565120918.4416435,123,0.3125
1565120937.3463616,124,0.31481480598449707
1565120956.2901878,125,0.2743055522441864
1565120975.2285836,126,0.30324074625968933
1565120994.1288304,127,0.41435185074806213
1565121013.1164846,128,0.48495370149612427
1565121032.0447872,129,0.2430555522441864
1565121051.030258,130,0.34837964177131653
1565121070.025911,131,0.29050925374031067
1565121088.978181,132,0.31134259700775146
1565121107.924799,133,0.42939814925193787
1565121126.8002443,134,0.3402777910232544
1565121145.766695,135,0.17476852238178253
1565121164.653987,136,0.12615740299224854
1565121183.5916586,137,0.17129629850387573
1565121202.7183764,138,0.3159722089767456
1565121221.6772308,139,0.3229166567325592
1565121240.5698786,140,0.2152777761220932
1565121259.4405067,141,0.1840277761220932
1565121278.416638,142,0.16782407462596893
1565121297.38357,143,0.1840277761220932
1565121316.2539105,144,0.1840277761220932
1565121335.1682189,145,0.2152777761220932
1565121354.0441296,146,0.17824074625968933
1565121372.9540865,147,0.19328702986240387
1565121425.6424167,148,0.31018519401550293
1565121444.5613923,149,0.21412037312984467
1565121463.4666438,150,0.2152777761220932
1565121482.4428668,151,0.19212962687015533
1565121501.4048893,152,0.21296297013759613
1565121520.3195267,153,0.1631944477558136
1565121539.242022,154,0.19560185074806213
1565121558.1322627,155,0.34953704476356506
1565121576.958909,156,0.19675925374031067
1565121595.955331,157,0.06712962687015533
1565121614.8581486,158,0.17476852238178253
1565121633.7684374,159,0.16435185074806213
1565121652.7193828,160,0.18171297013759613
1565121671.6808085,161,0.20949074625968933
1565121690.8245585,162,0.17245370149612427
1565121709.7701666,163,0.2118055522441864
1565121728.7094092,164,0.1597222238779068
1565121747.6456394,165,0.18287037312984467
1565121766.5497196,166,0.15046297013759613
1565121785.496904,167,0.2256944477558136
1565121804.405276,168,0.22337962687015533
1565121823.29646,169,0.22800925374031067
1565121842.1630044,170,0.21296297013759613
1565121861.0573688,171,0.22106482088565826
1565121880.0037544,172,0.1840277761220932
1565121898.9608858,173,0.3402777910232544
1565121917.9435134,174,0.19907407462596893
1565121936.8578775,175,0.22106482088565826
1565121955.7276568,176,0.1875
1565121974.6253903,177,0.15046297013759613
1565121993.4651723,178,0.17129629850387573
1565122012.333417,179,0.2083333283662796
1565122031.1996632,180,0.14120370149612427
1565122050.1985266,181,0.22685185074806213
1565122069.176238,182,0.2951388955116272
1565122087.9953718,183,0.15740740299224854
1565122106.9444041,184,0.16435185074806213
1565122125.874609,185,0.13657407462596893
1565122144.8347545,186,0.17476852238178253
1565122166.127301,187,0.20717592537403107
1565122185.128994,188,0.19907407462596893
1565122204.2177696,189,0.31134259700775146
1565122223.3193638,190,0.2083333283662796
1565122242.367267,191,0.16782407462596893
1565122261.6493092,192,0.19907407462596893
1565122280.8066404,193,0.2777777910232544
1565122299.8759964,194,0.2847222089767456
1565122319.0261533,195,0.3020833432674408
1565122338.0266228,196,0.22453702986240387
1565122357.0967839,197,0.19907407462596893
1565122376.205417,198,0.2048611044883728
1565122395.2912338,199,0.14351852238178253
