Wall time,Step,Value
1565118589.3859959,0,0.21316057443618774
1565118609.429735,1,0.18633855879306793
1565118629.304917,2,0.25359320640563965
1565118649.4263322,3,0.23722416162490845
1565118668.8440573,4,0.32727205753326416
1565118688.2981145,5,0.16572299599647522
1565118708.3208232,6,0.11661585420370102
1565118728.3219252,7,0.13969947397708893
1565118748.397572,8,0.08140970021486282
1565118768.0600662,9,0.24292246997356415
1565118787.3473027,10,0.27417248487472534
1565118806.8929353,11,0.24989111721515656
1565118826.521407,12,0.20742595195770264
1565118846.2297611,13,0.29206591844558716
1565118866.2267408,14,0.28785568475723267
1565118885.2296703,15,0.3335148096084595
1565118904.2107592,16,0.26626017689704895
1565118923.204277,17,0.3350028991699219
1565118943.0982628,18,0.35507404804229736
1565118962.8628414,19,0.34661731123924255
1565118982.4353116,20,0.3714793920516968
1565119002.3515213,21,0.21319685876369476
1565119021.363875,22,0.13821138441562653
1565119040.8392181,23,0.23203396797180176
1565119059.8407254,24,0.18314459919929504
1565119079.041187,25,0.24314025044441223
1565119098.7794266,26,0.24912892282009125
1565119117.8038468,27,0.3350028991699219
1565119137.2931185,28,0.37441927194595337
1565119156.7146323,29,0.4116579592227936
1565119175.7380219,30,0.36846691370010376
1565119195.876107,31,0.3875943720340729
1565119215.994166,32,0.37343931198120117
1565119236.0236561,33,0.3359828591346741
1565119256.103152,34,0.18757258355617523
1565119275.0823565,35,0.25039923191070557
1565119294.9075716,36,0.25210511684417725
1565119314.98167,37,0.20350609719753265
1565119334.1160076,38,0.24070848524570465
1565119353.641817,39,0.32629209756851196
1565119373.5230327,40,0.28883564472198486
1565119393.4537601,41,0.28807345032691956
1565119412.9353037,42,0.3516260087490082
1565119433.0039651,43,0.309959352016449
1565119452.4592779,44,0.30495062470436096
1565119471.5275183,45,0.34937572479248047
1565119490.563884,46,0.3690113127231598
1565119510.2130787,47,0.3658173680305481
1565119529.6029072,48,0.3947807848453522
1565119549.7580235,49,0.32926830649375916
1565119569.610167,50,0.33747097849845886
1565119588.834344,51,0.38708624243736267
1565119607.9630246,52,0.4295150935649872
1565119626.964056,53,0.37144309282302856
1565119646.9529352,54,0.38559815287590027
1565119667.0988245,55,0.4000072479248047
1565119686.8869603,56,0.4201146960258484
1565119706.821912,57,0.4173925518989563
1565119726.4832823,58,0.4029834568500519
1565119746.5733154,59,0.39303863048553467
1565119765.6015499,60,0.4262848496437073
1565119785.5149355,61,0.4213487207889557
1565119805.6187065,62,0.4535786807537079
1565119825.709582,63,0.4454123079776764
1565119845.7726724,64,0.4067581295967102
1565119865.5070572,65,0.31587544083595276
1565119884.5159335,66,0.35333189368247986
1565119903.69741,67,0.4275188744068146
1565119922.7148674,68,0.4017494320869446
1565119942.7014422,69,0.4246152639389038
1565119961.665004,70,0.3786658048629761
1565119980.64592,71,0.20150987803936005
1565119999.6591988,72,0.21737079322338104
1565120018.6669152,73,0.31286296248435974
1565120037.6810217,74,0.3360191583633423
1565120057.3011343,75,0.35057345032691956
1565120077.346557,76,0.3486498296260834
1565120096.682419,77,0.3838559687137604
1565120115.7440097,78,0.4042537808418274
1565120134.8460243,79,0.37714141607284546
1565120154.5776877,80,0.4188443720340729
1565120173.645105,81,0.40073317289352417
1565120192.6957228,82,0.4205865263938904
1565120211.7140808,83,0.3910423815250397
1565120230.7083132,84,0.16826364398002625
1565120250.6445894,85,0.25061702728271484
1565120270.0792146,86,0.19232723116874695
1565120290.0454974,87,0.18485046923160553
1565120310.0803087,88,0.22655342519283295
1565120329.847563,89,0.23199768364429474
1565120349.1482217,90,0.23446573317050934
1565120368.2815468,91,0.28462544083595276
1565120388.042293,92,0.23842188715934753
1565120408.1600008,93,0.29504209756851196
1565120428.124385,94,0.32600173354148865
1565120447.1750796,95,0.0850754901766777
1565120466.1973872,96,0.13621515035629272
1565120485.6901073,97,0.19729964435100555
1565120505.6239026,98,0.25486353039741516
1565120525.508512,99,0.22281503677368164
1565120544.6187644,100,0.18960511684417725
1565120564.6599994,101,0.23421166837215424
1565120584.7095895,102,0.20321573317050934
1565120604.312501,103,0.22081881761550903
1565120624.048463,104,0.24368466436862946
1565120644.1834278,105,0.19156503677368164
1565120663.7784116,106,0.22927555441856384
1565120682.764658,107,0.32229965925216675
1565120701.9934416,108,0.31387922167778015
1565120721.0068033,109,0.33543843030929565
1565120740.1637752,110,0.3479239344596863
1565120759.2820454,111,0.29976046085357666
1565120778.82156,112,0.05088559910655022
1565120798.836125,113,0.22455720603466034
1565120817.984141,114,0.11686991900205612
1565120837.2180173,115,0.35307782888412476
1565120856.222922,116,0.32055750489234924
1565120875.2866223,117,0.31910568475723267
1565120894.3417106,118,0.36523663997650146
1565120914.068665,119,0.10249709337949753
1565120933.0492764,120,0.21167246997356415
1565120952.0863929,121,0.23446573317050934
1565120971.3100803,122,0.24194251000881195
1565120991.003755,123,0.33993902802467346
1565121011.0407186,124,0.22056475281715393
1565121030.2962363,125,0.30077672004699707
1565121049.731871,126,0.30418843030929565
1565121068.768065,127,0.3667973279953003
1565121088.3038764,128,0.3781939744949341
1565121107.3296814,129,0.3560903072357178
1565121127.4020312,130,0.3838922679424286
1565121147.30643,131,0.37318524718284607
1565121167.4151242,132,0.25410133600234985
1565121187.5886648,133,0.16753774881362915
1565121207.4828262,134,0.16601336002349854
1565121227.264762,135,0.23747822642326355
1565121246.3698537,136,0.19029471278190613
1565121266.1745584,137,0.26822009682655334
1565121286.2485504,138,0.23820412158966064
1565121306.2874205,139,0.3613167703151703
1565121326.3354013,140,0.32578396797180176
1565121345.4242823,141,0.27072444558143616
1565121364.8252401,142,0.3340229392051697
1565121426.6202347,143,0.3528600335121155
1565121446.6762772,144,0.31090301275253296
1565121466.7583356,145,0.29798200726509094
1565121486.5282292,146,0.33151859045028687
1565121506.5549734,147,0.3717334568500519
1565121526.7225864,148,0.32233595848083496
1565121546.7334716,149,0.21838705241680145
1565121566.1256022,150,0.3454195559024811
1565121585.932034,151,0.35779616236686707
1565121605.2547882,152,0.36425668001174927
1565121625.3806992,153,0.3441855311393738
1565121645.467523,154,0.28781938552856445
1565121665.4708912,155,0.3491579592227936
1565121684.4920611,156,0.36549070477485657
1565121704.341828,157,0.36153456568717957
1565121723.3874004,158,0.4005153775215149
1565121743.0342393,159,0.3685031831264496
1565121763.109665,160,0.3325348496437073
1565121782.8412027,161,0.16133129596710205
1565121802.1237187,162,0.25333914160728455
1565121821.6759229,163,0.23148955404758453
1565121840.676224,164,0.23671603202819824
1565121860.0452802,165,0.26157811284065247
1565121880.1519728,166,0.27471691370010376
1565121900.152346,167,0.25584349036216736
1565121919.5612004,168,0.3724956512451172
1565121938.8778703,169,0.32331591844558716
1565121958.5367076,170,0.34639954566955566
1565121977.5882168,171,0.33921313285827637
1565121997.6529324,172,0.37195122241973877
1565122016.871747,173,0.22778744995594025
1565122036.159817,174,0.387848436832428
1565122055.2288272,175,0.2777293920516968
1565122075.1569808,176,0.3367450535297394
1565122094.569407,177,0.3290505111217499
1565122114.013831,178,0.3260743319988251
1565122133.062572,179,0.4275188744068146
1565122152.2287035,180,0.3287964463233948
1565122171.355615,181,0.17468786239624023
1565122191.295483,182,0.29827237129211426
1565122211.4523587,183,0.30124855041503906
1565122230.9831872,184,0.31043118238449097
1565122250.4937966,185,0.25214141607284546
1565122269.8876927,186,0.3635307848453522
1565122289.0811327,187,0.34168118238449097
1565122309.0534582,188,0.39525261521339417
1565122329.1933625,189,0.31413328647613525
1565122348.278788,190,0.30099448561668396
1565122367.365785,191,0.31787165999412537
1565122386.8019216,192,0.29231998324394226
1565122406.8001263,193,0.3597923815250397
1565122426.9240353,194,0.29943379759788513
1565122446.551881,195,0.4002613127231598
1565122466.7407503,196,0.28262922167778015
1565122486.3561103,197,0.3873403072357178
1565122505.7463,198,0.25410133600234985
1565122525.7427568,199,0.34342333674430847
