Wall time,Step,Value
1565118589.6548,0,0.2227083295583725
1565118610.138227,1,0.19458332657814026
1565118629.9201734,2,0.18645833432674408
1565118649.5589895,3,0.30416667461395264
1565118669.480873,4,0.2368749976158142
1565118689.7784767,5,0.2016666680574417
1565118708.988474,6,0.18416666984558105
1565118728.8329055,7,0.2331250011920929
1565118748.2032685,8,0.24979166686534882
1565118767.3757248,9,0.21708333492279053
1565118786.5940516,10,0.22812500596046448
1565118805.8093135,11,0.36645832657814026
1565118825.0921762,12,0.37041667103767395
1565118844.5176702,13,0.35499998927116394
1565118864.8706443,14,0.3541666567325592
1565118884.6516216,15,0.3581250011920929
1565118903.9184139,16,0.19333332777023315
1565118923.8963532,17,0.33250001072883606
1565118944.1224747,18,0.3227083384990692
1565118964.3941123,19,0.3058333396911621
1565118983.6283996,20,0.20999999344348907
1565119003.0633423,21,0.2849999964237213
1565119022.2138493,22,0.31583333015441895
1565119041.3438067,23,0.23208333551883698
1565119060.7385387,24,0.3685416579246521
1565119080.581751,25,0.36000001430511475
1565119100.6673763,26,0.32624998688697815
1565119120.8890574,27,0.36937499046325684
1565119141.1381168,28,0.4008333384990692
1565119160.423363,29,0.3804166615009308
1565119180.4076638,30,0.28812500834465027
1565119199.887712,31,0.3435416519641876
1565119220.1009426,32,0.33770832419395447
1565119240.3943105,33,0.4027083218097687
1565119259.8266017,34,0.3799999952316284
1565119280.0338702,35,0.40312498807907104
1565119300.2883012,36,0.4127083420753479
1565119320.5811088,37,0.4402083456516266
1565119340.5952878,38,0.4491666555404663
1565119359.801954,39,0.44999998807907104
1565119379.6953397,40,0.28125
1565119399.0797076,41,0.4308333396911621
1565119419.171845,42,0.2395833283662796
1565119439.4331696,43,0.3097916543483734
1565119458.8189864,44,0.3518750071525574
1565119478.7439606,45,0.3643749952316284
1565119499.0506718,46,0.3870833218097687
1565119519.358625,47,0.39145833253860474
1565119539.6986287,48,0.2510416805744171
1565119559.9888558,49,0.43812501430511475
1565119580.2296557,50,0.4416666626930237
1565119599.513814,51,0.3804166615009308
1565119619.552153,52,0.36270833015441895
1565119638.6785464,53,0.43145832419395447
1565119658.9750226,54,0.44979166984558105
1565119678.4048374,55,0.45625001192092896
1565119698.674645,56,0.47604167461395264
1565119718.9465163,57,0.4189583361148834
1565119739.2277884,58,0.4518750011920929
1565119759.565449,59,0.4558333456516266
1565119779.92244,60,0.461041659116745
1565119799.8934326,61,0.4402083456516266
1565119819.100262,62,0.4208333194255829
1565119838.2297075,63,0.13083332777023315
1565119857.4016218,64,0.12999999523162842
1565119876.6774209,65,0.13062499463558197
1565119895.8991592,66,0.1304166615009308
1565119914.9596815,67,0.12979166209697723
1565119934.2910054,68,0.13083332777023315
1565119953.6939158,69,0.12937499582767487
1565119972.9677436,70,0.12999999523162842
1565119993.2559817,71,0.12999999523162842
1565120012.4089139,72,0.12979166209697723
1565120032.1491852,73,0.12979166209697723
1565120051.410238,74,0.1302083283662796
1565120070.6772377,75,0.13062499463558197
1565120089.954942,76,0.1304166615009308
1565120109.7650027,77,0.12979166209697723
1565120130.0668762,78,0.12999999523162842
1565120150.4779153,79,0.12979166209697723
1565120170.2219667,80,0.1302083283662796
1565120189.4020848,81,0.1302083283662796
1565120208.5630605,82,0.13062499463558197
1565120228.5059133,83,0.1304166615009308
1565120248.8115313,84,0.12999999523162842
1565120268.566129,85,0.12979166209697723
1565120288.283035,86,0.12979166209697723
1565120307.535866,87,0.12958332896232605
1565120327.0589194,88,0.12999999523162842
1565120347.307364,89,0.13062499463558197
1565120367.4817984,90,0.12979166209697723
1565120387.695716,91,0.12916666269302368
1565120407.4621415,92,0.1304166615009308
1565120426.7076204,93,0.13104166090488434
1565120445.8781154,94,0.12999999523162842
1565120465.2560492,95,0.13104166090488434
1565120484.4496725,96,0.1302083283662796
1565120504.2675233,97,0.1316666603088379
1565120524.09068,98,0.13062499463558197
1565120543.2501774,99,0.1304166615009308
1565120562.4300115,100,0.12937499582767487
1565120581.6845958,101,0.1302083283662796
1565120600.9001343,102,0.13062499463558197
1565120620.457414,103,0.13062499463558197
1565120639.6707091,104,0.13062499463558197
1565120659.8670228,105,0.1304166615009308
1565120680.224407,106,0.1304166615009308
1565120700.4467728,107,0.12958332896232605
1565120720.745123,108,0.1302083283662796
1565120740.7856197,109,0.13083332777023315
1565120760.2813313,110,0.1304166615009308
1565120780.5798361,111,0.1289583295583725
1565120800.8205297,112,0.1304166615009308
1565120820.0766196,113,0.1302083283662796
1565120840.0233605,114,0.1314583271741867
1565120860.310097,115,0.12999999523162842
1565120880.5510936,116,0.1304166615009308
1565120900.7823563,117,0.12937499582767487
1565120921.0095186,118,0.12979166209697723
1565120941.2693033,119,0.1304166615009308
1565120961.0492249,120,0.13062499463558197
1565120980.5741901,121,0.1304166615009308
1565121000.8801708,122,0.12979166209697723
1565121020.0385695,123,0.12999999523162842
1565121039.4737175,124,0.1302083283662796
1565121059.3836124,125,0.12979166209697723
1565121078.7773771,126,0.12979166209697723
1565121098.9483123,127,0.1302083283662796
1565121119.141841,128,0.1289583295583725
1565121139.342676,129,0.12979166209697723
1565121159.6617558,130,0.13062499463558197
1565121179.5215104,131,0.1302083283662796
1565121199.829525,132,0.1302083283662796
1565121220.11593,133,0.12999999523162842
1565121240.3560517,134,0.13104166090488434
1565121260.4219003,135,0.13083332777023315
1565121280.1936848,136,0.1302083283662796
1565121300.4347901,137,0.13062499463558197
1565121320.5235927,138,0.1314583271741867
1565121340.709706,139,0.12999999523162842
1565121360.9393468,140,0.12979166209697723
1565121426.7518988,141,0.13062499463558197
1565121447.0051448,142,0.13104166090488434
1565121466.5882235,143,0.12979166209697723
1565121486.0162373,144,0.12916666269302368
1565121506.2261977,145,0.12916666269302368
1565121526.5149353,146,0.12937499582767487
1565121546.7382412,147,0.1302083283662796
1565121566.3052845,148,0.12958332896232605
1565121585.7091022,149,0.12958332896232605
1565121604.914087,150,0.13083332777023315
1565121624.6352613,151,0.12999999523162842
1565121644.5981226,152,0.12999999523162842
1565121663.88029,153,0.12979166209697723
1565121683.5292542,154,0.12958332896232605
1565121703.61574,155,0.1304166615009308
1565121723.6134224,156,0.12999999523162842
1565121743.7957547,157,0.12999999523162842
1565121764.111636,158,0.13104166090488434
1565121784.3980498,159,0.1304166615009308
1565121803.7849627,160,0.1304166615009308
1565121823.066577,161,0.1302083283662796
1565121842.7052636,162,0.12999999523162842
1565121863.0060396,163,0.13083332777023315
1565121882.2656424,164,0.12958332896232605
1565121902.3914573,165,0.1304166615009308
1565121922.5929801,166,0.1302083283662796
1565121942.8487368,167,0.13062499463558197
1565121963.1126435,168,0.12979166209697723
1565121982.3397768,169,0.1304166615009308
1565122001.5306969,170,0.13104166090488434
1565122020.7694104,171,0.12958332896232605
1565122040.015493,172,0.13062499463558197
1565122059.472078,173,0.12999999523162842
1565122078.533889,174,0.12937499582767487
1565122098.1761446,175,0.13083332777023315
1565122118.1241457,176,0.1304166615009308
1565122138.2377295,177,0.12999999523162842
1565122158.585585,178,0.1302083283662796
1565122179.0966752,179,0.1302083283662796
1565122199.624445,180,0.1302083283662796
1565122218.8745282,181,0.1304166615009308
1565122238.0989919,182,0.1304166615009308
1565122257.7964058,183,0.13083332777023315
1565122278.251225,184,0.13062499463558197
1565122298.8396504,185,0.12999999523162842
1565122319.383339,186,0.1304166615009308
1565122339.700517,187,0.12937499582767487
1565122360.0571027,188,0.13208332657814026
1565122379.702709,189,0.12958332896232605
1565122399.1048281,190,0.1302083283662796
1565122418.5697129,191,0.12999999523162842
1565122438.4331014,192,0.13083332777023315
1565122458.236295,193,0.1302083283662796
1565122477.8612132,194,0.1302083283662796
1565122497.0996523,195,0.1289583295583725
1565122516.245697,196,0.13104166090488434
1565122535.351107,197,0.12979166209697723
1565122554.844195,198,0.12958332896232605
1565122574.9505363,199,0.12958332896232605
