Wall time,Step,Value
1565118590.0636423,0,0.07203283160924911
1565118609.8325093,1,0.1816498339176178
1565118630.203277,2,0.11976010352373123
1565118651.0129619,3,0.19322390854358673
1565118671.7399654,4,0.3086279332637787
1565118692.1574144,5,0.3176136314868927
1565118712.9215355,6,0.27365320920944214
1565118733.1308038,7,0.33268097043037415
1565118752.9201176,8,0.27512624859809875
1565118773.2462487,9,0.2733796238899231
1565118792.9779863,10,0.33529040217399597
1565118813.4621356,11,0.37836700677871704
1565118833.181679,12,0.37201178073883057
1565118852.9894953,13,0.40122053027153015
1565118873.1464155,14,0.4015361964702606
1565118893.9132526,15,0.33120790123939514
1565118914.7056038,16,0.38992002606391907
1565118935.6042006,17,0.42495790123939514
1565118955.9392114,18,0.3980429172515869
1565118975.9809084,19,0.3751893937587738
1565118996.6934009,20,0.4546927511692047
1565119017.4643135,21,0.1365319937467575
1565119037.907073,22,0.08072390407323837
1565119058.4185953,23,0.07434764504432678
1565119079.206527,24,0.07868266105651855
1565119099.2675762,25,0.06710858643054962
1565119118.9949694,26,0.06826599687337875
1565119138.724563,27,0.0734638050198555
1565119158.4113693,28,0.0699915811419487
1565119178.3411274,29,0.18686868250370026
1565119199.0801127,30,0.0992213785648346
1565119219.8184257,31,0.11656145006418228
1565119240.5796258,32,0.11397306621074677
1565119260.4086847,33,0.12697811424732208
1565119280.6817675,34,0.11050084233283997
1565119301.4583344,35,0.10732322931289673
1565119322.2254674,36,0.11510942876338959
1565119342.7678573,37,0.10993266105651855
1565119363.123126,38,0.1151304692029953
1565119383.4181566,39,0.11222643405199051
1565119403.523852,40,0.11456228792667389
1565119424.3984127,41,0.1061658263206482
1565119444.6572196,42,0.11685606092214584
1565119464.8334773,43,0.116582490503788
1565119484.985931,44,0.13882575929164886
1565119504.9024868,45,0.12032828480005264
1565119524.9135585,46,0.13017676770687103
1565119544.6703708,47,0.13362795114517212
1565119564.6205182,48,0.23577441275119781
1565119585.3441534,49,0.13480639457702637
1565119606.0715425,50,0.16660353541374207
1565119626.232514,51,0.2352062314748764
1565119646.347115,52,0.14433921873569489
1565119666.1390262,53,0.17502103745937347
1565119686.6715884,54,0.14955808222293854
1565119706.9655497,55,0.13970959186553955
1565119727.1934059,56,0.12121212482452393
1565119748.0320094,57,0.14808501303195953
1565119767.7721076,58,0.11369949579238892
1565119787.422495,59,0.13510100543498993
1565119807.4665282,60,0.23543770611286163
1565119828.3331492,61,0.2053872048854828
1565119849.1374793,62,0.1374158263206482
1565119869.5090497,63,0.16660353541374207
1565119889.4009347,64,0.2426978051662445
1565119909.5782444,65,0.17300084233283997
1565119929.256242,66,0.19669613242149353
1565119949.2091196,67,0.14231902360916138
1565119970.0610433,68,0.1776094287633896
1565119989.9423256,69,0.19379208981990814
1565120009.7047439,70,0.146401509642601
1565120029.9386344,71,0.1790824979543686
1565120050.2780247,72,0.1741372048854828
1565120070.078014,73,0.2227483093738556
1565120089.8969207,74,0.24473905563354492
1565120109.9084656,75,0.12729376554489136
1565120130.8165693,76,0.16603535413742065
1565120151.579374,77,0.2262205332517624
1565120172.3415468,78,0.22102272510528564
1565120192.8960488,79,0.13712121546268463
1565120212.5795655,80,0.1811026930809021
1565120232.4502778,81,0.14027777314186096
1565120253.315325,82,0.16256313025951385
1565120274.0836005,83,0.16140572726726532
1565120294.7829192,84,0.15069444477558136
1565120314.4009764,85,0.15995369851589203
1565120334.0389333,86,0.17647306621074677
1565120353.7478478,87,0.17790403962135315
1565120373.393835,88,0.13912037014961243
1565120393.1021404,89,0.18082912266254425
1565120412.992188,90,0.18425926566123962
1565120433.347419,91,0.1524410843849182
1565120453.6096425,92,0.16054293513298035
1565120474.412365,93,0.18743686378002167
1565120494.825572,94,0.18686868250370026
1565120514.472855,95,0.13623736798763275
1565120534.982685,96,0.22592592239379883
1565120555.903797,97,0.19088804721832275
1565120576.6530159,98,0.12988215684890747
1565120597.1692939,99,0.11050084233283997
1565120618.0278795,100,0.12119107693433762
1565120638.8675816,101,0.1206228956580162
1565120659.325788,102,0.12960858643054962
1565120680.2448335,103,0.12468434125185013
1565120700.223698,104,0.19581228494644165
1565120720.1060421,105,0.1761574000120163
1565120740.8095067,106,0.2134469747543335
1565120761.676288,107,0.14261363446712494
1565120782.3096547,108,0.12205386906862259
1565120803.0658484,109,0.12931397557258606
1565120823.1705694,110,0.15359848737716675
1565120843.4785862,111,0.17529460787773132
1565120863.3322518,112,0.15965908765792847
1565120882.9708917,113,0.1469486504793167
1565120903.438752,114,0.21085858345031738
1565120924.0464602,115,0.13308081030845642
1565120944.1667821,116,0.1672137975692749
1565120964.968437,117,0.14812710881233215
1565120985.7198615,118,0.1697811484336853
1565121005.4224956,119,0.14953704178333282
1565121025.2404766,120,0.1712542027235031
1565121045.0364332,121,0.15561868250370026
1565121065.817287,122,0.1434764266014099
1565121086.6755059,123,0.16835017502307892
1565121106.711975,124,0.1498526930809021
1565121126.6048703,125,0.16835017502307892
1565121146.8633022,126,0.15361952781677246
1565121166.5028596,127,0.16256313025951385
1565121186.4930074,128,0.15793350338935852
1565121206.7278526,129,0.17906144261360168
1565121226.431602,130,0.16632996499538422
1565121246.0942328,131,0.15938551723957062
1565121265.7668824,132,0.1776094287633896
1565121286.5235126,133,0.1816708743572235
1565121307.3175209,134,0.1776304692029953
1565121327.149252,135,0.18543770909309387
1565121347.870198,136,0.18078704178333282
1565121367.535216,137,0.16780303418636322
1565121426.99557,138,0.20336700975894928
1565121446.901167,139,0.16603535413742065
1565121467.2603977,140,0.18625842034816742
1565121487.2615385,141,0.19873736798763275
1565121507.6277409,142,0.17645202577114105
1565121528.2911909,143,0.21201598644256592
1565121547.9624698,144,0.2045033723115921
1565121568.6475356,145,0.2377525269985199
1565121588.3415482,146,0.22449494898319244
1565121607.9917562,147,0.22882996499538422
1565121627.6780157,148,0.21001683175563812
1565121647.3462698,149,0.23895202577114105
1565121667.5388572,150,0.22245369851589203
1565121687.7916348,151,0.24791666865348816
1565121707.507477,152,0.21464645862579346
1565121727.8700752,153,0.27274832129478455
1565121748.2357993,154,0.22821970283985138
1565121769.0284317,155,0.2589015066623688
1565121789.4332554,156,0.21260522305965424
1565121809.5317543,157,0.25279882550239563
1565121829.7447934,158,0.28665825724601746
1565121849.4016128,159,0.25776514410972595
1565121869.0477731,160,0.2496422529220581
1565121889.5322764,161,0.2646675109863281
1565121909.3636377,162,0.2828914225101471
1565121929.087739,163,0.2623947858810425
1565121948.7824109,164,0.25976431369781494
1565121969.5362756,165,0.2991161644458771
1565121990.1800663,166,0.28173401951789856
1565122010.8631635,167,0.24585437774658203
1565122030.5795317,168,0.2774200439453125
1565122050.6045618,169,0.30345118045806885
1565122070.7108865,170,0.2884048819541931
1565122090.3070984,171,0.2988004982471466
1565122110.812493,172,0.29099327325820923
1565122130.6583638,173,0.30951178073883057
1565122150.7216523,174,0.29938971996307373
1565122173.5216625,175,0.310079962015152
1565122194.0694904,176,0.3057659864425659
1565122214.9247823,177,0.22619949281215668
1565122235.424476,178,0.22563131153583527
1565122255.2008383,179,0.3480008542537689
1565122275.87813,180,0.3071969747543335
1565122296.3169188,181,0.295328289270401
1565122316.6133878,182,0.29013046622276306
1565122337.3909974,183,0.29269781708717346
1565122357.651439,184,0.3558080792427063
1565122378.2750974,185,0.2997053861618042
1565122399.1319778,186,0.3106691837310791
1565122419.6731772,187,0.32630470395088196
1565122440.5505702,188,0.332091748714447
1565122460.6616774,189,0.34972643852233887
1565122481.3178544,190,0.3772096037864685
1565122502.0918484,191,0.3329545557498932
1565122523.0527997,192,0.2643939256668091
1565122543.3838584,193,0.396590918302536
1565122563.0853703,194,0.4075757563114166
1565122583.1237843,195,0.3265993297100067
1565122603.8210876,196,0.4099116027355194
1565122624.5128136,197,0.33524832129478455
1565122644.5157514,198,0.3410353660583496
1565122664.3650622,199,0.34568601846694946
