Wall time,Step,Value
1565118585.099626,0,0.1666666716337204
1565118603.2675884,1,0.22885100543498993
1565118618.8171422,2,0.18339645862579346
1565118634.2992523,3,0.282196968793869
1565118649.841457,4,0.3147096037864685
1565118665.403711,5,0.3232323229312897
1565118680.8918617,6,0.28314393758773804
1565118696.3855639,7,0.35827019810676575
1565118711.9438663,8,0.09343434125185013
1565118727.498076,9,0.2774621248245239
1565118743.0812025,10,0.28061869740486145
1565118758.5182567,11,0.31060606241226196
1565118773.9623494,12,0.3102903962135315
1565118789.5596108,13,0.36742424964904785
1565118805.1340985,14,0.30965909361839294
1565118820.6405058,15,0.1410984843969345
1565118836.2070656,16,0.23863635957241058
1565118851.7451103,17,0.27588382363319397
1565118867.2628157,18,0.3156565725803375
1565118882.748259,19,0.2986111044883728
1565118898.274167,20,0.2964015007019043
1565118913.8703537,21,0.35479798913002014
1565118929.4017587,22,0.3648989796638489
1565118944.9168684,23,0.38825756311416626
1565118960.408439,24,0.14299242198467255
1565118975.9620397,25,0.36647728085517883
1565118991.5973363,26,0.3551136255264282
1565119007.2087715,27,0.36963382363319397
1565119022.6906676,28,0.36395201086997986
1565119038.2943623,29,0.3876262605190277
1565119053.8136723,30,0.2926136255264282
1565119069.4204884,31,0.3181818127632141
1565119084.9125752,32,0.3642676770687103
1565119100.506201,33,0.20770202577114105
1565119115.9996011,34,0.2642045319080353
1565119131.467859,35,0.3308080732822418
1565119147.0097408,36,0.33175504207611084
1565119162.5702047,37,0.3980429172515869
1565119178.1534095,38,0.2222222238779068
1565119193.6178162,39,0.24684342741966248
1565119209.2204947,40,0.2601010203361511
1565119224.7802494,41,0.3459596037864685
1565119240.2790267,42,0.34311869740486145
1565119255.7984684,43,0.33743685483932495
1565119271.337904,44,0.35227271914482117
1565119286.8009,45,0.34217172861099243
1565119302.2899323,46,0.36647728085517883
1565119317.8243828,47,0.375946968793869
1565119333.370479,48,0.3901515007019043
1565119348.965866,49,0.20864899456501007
1565119364.574479,50,0.2913510203361511
1565119380.1339417,51,0.3589015007019043
1565119395.6745198,52,0.3563762605190277
1565119411.1656327,53,0.3402777910232544
1565119426.7318873,54,0.38825756311416626
1565119442.3379364,55,0.3737373650074005
1565119457.8476653,56,0.3715277910232544
1565119473.3728645,57,0.407196968793869
1565119488.9288113,58,0.36174243688583374
1565119504.5207758,59,0.38005051016807556
1565119520.1372914,60,0.33396464586257935
1565119535.7739127,61,0.40467172861099243
1565119551.28891,62,0.3945707082748413
1565119566.7708697,63,0.37310606241226196
1565119582.246379,64,0.3648989796638489
1565119597.7579665,65,0.3538510203361511
1565119613.2610316,66,0.3702651560306549
1565119628.8620124,67,0.39393940567970276
1565119644.2927198,68,0.38131314516067505
1565119659.8726392,69,0.3961489796638489
1565119675.3845723,70,0.3775252401828766
1565119690.9395382,71,0.4018308222293854
1565119706.3782148,72,0.34880051016807556
1565119721.8738418,73,0.37657827138900757
1565119737.3302937,74,0.3702651560306549
1565119752.880188,75,0.12815657258033752
1565119768.3681457,76,0.13636364042758942
1565119783.847378,77,0.13226009905338287
1565119799.3885314,78,0.12405303120613098
1565119815.0107489,79,0.14046716690063477
1565119830.6523569,80,0.13636364042758942
1565119846.2045465,81,0.12815657258033752
1565119861.6466162,82,0.13636364042758942
1565119877.2910666,83,0.14867424964904785
1565119892.8166788,84,0.13226009905338287
1565119908.318377,85,0.13226009905338287
1565119923.841169,86,0.13226009905338287
1565119939.3688846,87,0.12815657258033752
1565119955.023373,88,0.13226009905338287
1565119970.518132,89,0.13226009905338287
1565119985.966594,90,0.12815657258033752
1565120001.5268967,91,0.13226009905338287
1565120017.0368643,92,0.13226009905338287
1565120032.4975116,93,0.1445707082748413
1565120048.0541916,94,0.13636364042758942
1565120063.6888077,95,0.13226009905338287
1565120079.2392263,96,0.12815657258033752
1565120094.7041283,97,0.12815657258033752
1565120110.1864882,98,0.14046716690063477
1565120125.7203143,99,0.13636364042758942
1565120141.2629182,100,0.12815657258033752
1565120156.861976,101,0.13226009905338287
1565120172.4507825,102,0.13636364042758942
1565120188.0731144,103,0.13226009905338287
1565120203.649515,104,0.13636364042758942
1565120219.2494626,105,0.13226009905338287
1565120234.8031037,106,0.12815657258033752
1565120250.27976,107,0.12405303120613098
1565120265.776749,108,0.13226009905338287
1565120281.2901826,109,0.13636364042758942
1565120296.7778606,110,0.13226009905338287
1565120312.2960098,111,0.1445707082748413
1565120327.8220856,112,0.12405303120613098
1565120343.3096864,113,0.13636364042758942
1565120358.7813287,114,0.12815657258033752
1565120374.2906575,115,0.13636364042758942
1565120389.8573139,116,0.1445707082748413
1565120405.3975015,117,0.12815657258033752
1565120420.8760312,118,0.12815657258033752
1565120436.4172735,119,0.13636364042758942
1565120452.0098498,120,0.13636364042758942
1565120467.5574813,121,0.1445707082748413
1565120483.0616903,122,0.13226009905338287
1565120498.5802093,123,0.13636364042758942
1565120514.139883,124,0.12405303120613098
1565120529.6082373,125,0.12815657258033752
1565120545.25753,126,0.13226009905338287
1565120560.861671,127,0.13636364042758942
1565120576.386354,128,0.12815657258033752
1565120591.9225767,129,0.12815657258033752
1565120607.378317,130,0.13226009905338287
1565120622.930641,131,0.1445707082748413
1565120638.435771,132,0.12815657258033752
1565120653.9686558,133,0.12405303120613098
1565120669.4511337,134,0.13636364042758942
1565120684.9782815,135,0.12405303120613098
1565120700.6015408,136,0.12815657258033752
1565120716.1566029,137,0.13636364042758942
1565120731.7472446,138,0.13226009905338287
1565120747.2479146,139,0.12815657258033752
1565120762.7087545,140,0.12815657258033752
1565120778.194766,141,0.13226009905338287
1565120793.6039214,142,0.13226009905338287
1565120809.0750709,143,0.12815657258033752
1565120824.6858163,144,0.12815657258033752
1565120840.1612704,145,0.12815657258033752
1565120855.588462,146,0.12405303120613098
1565120871.0406613,147,0.13226009905338287
1565120886.5499325,148,0.13636364042758942
1565120902.008985,149,0.13226009905338287
1565120917.603869,150,0.14046716690063477
1565120933.0772433,151,0.13226009905338287
1565120948.5426066,152,0.13636364042758942
1565120964.0413108,153,0.14046716690063477
1565120979.6085227,154,0.12815657258033752
1565120995.1668088,155,0.13636364042758942
1565121010.8011105,156,0.13636364042758942
1565121026.3028264,157,0.13226009905338287
1565121041.88789,158,0.1445707082748413
1565121057.4224966,159,0.12815657258033752
1565121073.0213413,160,0.12815657258033752
1565121088.545636,161,0.13226009905338287
1565121104.0595772,162,0.14046716690063477
1565121119.586561,163,0.13226009905338287
1565121135.0747125,164,0.14046716690063477
1565121150.670622,165,0.13226009905338287
1565121166.2045448,166,0.12815657258033752
1565121181.7987173,167,0.13636364042758942
1565121197.3005974,168,0.13226009905338287
1565121212.7875006,169,0.12815657258033752
1565121228.3581169,170,0.12815657258033752
1565121243.903119,171,0.13636364042758942
1565121259.3558562,172,0.14046716690063477
1565121274.8847618,173,0.14046716690063477
1565121290.4248142,174,0.13636364042758942
1565121305.955005,175,0.12815657258033752
1565121321.4322195,176,0.13226009905338287
1565121336.9195468,177,0.14046716690063477
1565121352.3874748,178,0.13636364042758942
1565121372.5102692,179,0.12815657258033752
1565121422.2014902,180,0.13636364042758942
1565121437.73433,181,0.13226009905338287
1565121453.2697608,182,0.13226009905338287
1565121468.7951362,183,0.14046716690063477
1565121484.3708124,184,0.13226009905338287
1565121499.9818704,185,0.12815657258033752
1565121515.5046217,186,0.13226009905338287
1565121531.0611267,187,0.13636364042758942
1565121546.5329392,188,0.13226009905338287
1565121562.034651,189,0.12405303120613098
1565121577.5085955,190,0.14046716690063477
1565121593.0731678,191,0.1445707082748413
1565121608.7189736,192,0.13636364042758942
1565121624.2151601,193,0.13226009905338287
1565121639.6368673,194,0.13636364042758942
1565121655.1421707,195,0.13226009905338287
1565121670.7485244,196,0.14046716690063477
1565121686.216218,197,0.12405303120613098
1565121701.7092757,198,0.13636364042758942
1565121717.1286354,199,0.12405303120613098
