Wall time,Step,Value
1565118588.218292,0,0.0590277761220932
1565118607.1272328,1,0.15737846493721008
1565118625.9826353,2,0.20017361640930176
1565118644.854508,3,0.1927083283662796
1565118663.6755779,4,0.31822916865348816
1565118682.4711404,5,0.21675346791744232
1565118701.2771316,6,0.16119791567325592
1565118720.141638,7,0.12890625
1565118739.0168867,8,0.14557291567325592
1565118757.8652985,9,0.17309027910232544
1565118776.6850014,10,0.16788195073604584
1565118795.5138447,11,0.16805554926395416
1565118814.359018,12,0.16553819179534912
1565118833.1740935,13,0.16779513657093048
1565118851.9949036,14,0.16779513657093048
1565118870.8357036,15,0.11423610895872116
1565118889.6044726,16,0.16302083432674408
1565118908.4323912,17,0.16684028506278992
1565118927.2663033,18,0.17048610746860504
1565118946.191684,19,0.16788195073604584
1565118965.0443878,20,0.171875
1565118983.813204,21,0.14939236640930176
1565119002.6333964,22,0.1219618022441864
1565119021.4402835,23,0.1636284738779068
1565119040.276174,24,0.17074653506278992
1565119059.1110394,25,0.17725694179534912
1565119077.9375176,26,0.14314235746860504
1565119096.730472,27,0.15234375
1565119115.4851375,28,0.1731770783662796
1565119134.275823,29,0.17074653506278992
1565119153.0828784,30,0.2178819477558136
1565119171.9287293,31,0.17170138657093048
1565119190.790211,32,0.27595487236976624
1565119209.6738675,33,0.23055554926395416
1565119228.4980512,34,0.23923611640930176
1565119247.33032,35,0.33602431416511536
1565119266.2287846,36,0.1775173544883728
1565119284.990442,37,0.15130208432674408
1565119303.7674181,38,0.2096354216337204
1565119322.6171455,39,0.22213540971279144
1565119341.4218903,40,0.16050347685813904
1565119360.2670608,41,0.20086805522441864
1565119379.1417055,42,0.22491319477558136
1565119398.0576427,43,0.22274304926395416
1565119416.9183733,44,0.19678819179534912
1565119435.6980858,45,0.18420138955116272
1565119454.4788752,46,0.25312501192092896
1565119473.2667081,47,0.2565104067325592
1565119492.1281676,48,0.24114583432674408
1565119510.94554,49,0.36102432012557983
1565119529.7346396,50,0.31779512763023376
1565119548.5160308,51,0.24184027314186096
1565119567.3310971,52,0.2605902850627899
1565119586.1729732,53,0.2899305522441864
1565119605.0602174,54,0.2061631977558136
1565119623.9220428,55,0.16796875
1565119642.697403,56,0.2404513955116272
1565119661.4966512,57,0.3357639014720917
1565119680.334699,58,0.1688368022441864
1565119699.1271603,59,0.24383680522441864
1565119718.0249395,60,0.2867187559604645
1565119736.8440573,61,0.2723090350627899
1565119755.709192,62,0.2783854305744171
1565119774.5732903,63,0.3572048544883728
1565119793.4201465,64,0.30000001192092896
1565119812.2752357,65,0.3463541567325592
1565119831.2297738,66,0.2854166626930237
1565119850.1099246,67,0.17855903506278992
1565119868.9454114,68,0.16519096493721008
1565119887.7033396,69,0.16501736640930176
1565119906.5012293,70,0.1753472238779068
1565119925.3905354,71,0.15703125298023224
1565119944.218606,72,0.14730903506278992
1565119963.024582,73,0.1796875
1565119981.866667,74,0.16901041567325592
1565120000.7090688,75,0.1801215261220932
1565120019.4863155,76,0.1571180522441864
1565120038.3121321,77,0.17222222685813904
1565120057.199625,78,0.19548611342906952
1565120076.0518785,79,0.17074653506278992
1565120094.8947237,80,0.1549479216337204
1565120113.8298206,81,0.1653645783662796
1565120132.6598632,82,0.1987847238779068
1565120151.4541454,83,0.2717013955116272
1565120170.290427,84,0.22083333134651184
1565120189.1444204,85,0.265625
1565120207.9455452,86,0.3335937559604645
1565120226.7501414,87,0.33602431416511536
1565120245.6402135,88,0.2953993082046509
1565120264.4906614,89,0.13871528208255768
1565120283.329429,90,0.24774305522441864
1565120302.195536,91,0.2013888955116272
1565120321.0450304,92,0.23993055522441864
1565120339.9165447,93,0.30173611640930176
1565120358.8274298,94,0.3243923485279083
1565120377.6447544,95,0.2953124940395355
1565120396.471336,96,0.17074653506278992
1565120415.3159683,97,0.38637152314186096
1565120434.1521857,98,0.3573784828186035
1565120453.0050151,99,0.3491319417953491
1565120471.886284,100,0.38967013359069824
1565120490.6704273,101,0.3606770932674408
1565120509.4731736,102,0.4227430522441864
1565120528.3112931,103,0.34496527910232544
1565120547.1701202,104,0.4344618022441864
1565120565.988843,105,0.15217013657093048
1565120584.7934384,106,0.2598090171813965
1565120603.5868306,107,0.35164931416511536
1565120622.441643,108,0.3927951455116272
1565120641.2395523,109,0.3565104305744171
1565120660.0712543,110,0.3988715410232544
1565120678.9420934,111,0.37421876192092896
1565120697.7776744,112,0.4130208194255829
1565120716.5779648,113,0.28046876192092896
1565120735.4539335,114,0.38272568583488464
1565120754.231553,115,0.37317708134651184
1565120773.1234999,116,0.43133682012557983
1565120791.9723115,117,0.41284722089767456
1565120810.8511906,118,0.4489583373069763
1565120829.6951475,119,0.14913193881511688
1565120848.5269973,120,0.05538194626569748
1565120867.3500206,121,0.12734374403953552
1565120886.1904252,122,0.16848959028720856
1565120905.0316846,123,0.0959201380610466
1565120923.8218544,124,0.13810764253139496
1565120942.66555,125,0.17899306118488312
1565120961.4888673,126,0.19418403506278992
1565120980.3404973,127,0.12890625
1565120999.2041678,128,0.2309027761220932
1565121018.0329258,129,0.20434027910232544
1565121036.8799117,130,0.14296874403953552
1565121055.778218,131,0.15781250596046448
1565121074.5752404,132,0.21510416269302368
1565121093.4035378,133,0.26206597685813904
1565121112.233093,134,0.19348958134651184
1565121131.0489998,135,0.23906250298023224
1565121149.9370492,136,0.2858507037162781
1565121168.8006701,137,0.3452256917953491
1565121187.6697738,138,0.27682292461395264
1565121206.5990355,139,0.3535590171813965
1565121225.5235758,140,0.29809027910232544
1565121244.3398407,141,0.30694442987442017
1565121263.1928017,142,0.28046876192092896
1565121281.9560528,143,0.30069443583488464
1565121300.7272227,144,0.34192708134651184
1565121319.5059912,145,0.35598957538604736
1565121338.4044554,146,0.2615451514720917
1565121357.2811635,147,0.43307292461395264
1565121425.471118,148,0.15329861640930176
1565121444.304083,149,0.16805554926395416
1565121463.0963922,150,0.1749131977558136
1565121481.954886,151,0.17682291567325592
1565121500.7539153,152,0.16597221791744232
1565121519.602182,153,0.21649305522441864
1565121538.4335568,154,0.12829861044883728
1565121557.2573872,155,0.2426215261220932
1565121576.032437,156,0.23020833730697632
1565121594.8535123,157,0.21588541567325592
1565121613.6854339,158,0.2854166626930237
1565121632.4796093,159,0.3327257037162781
1565121651.299456,160,0.3003472089767456
1565121670.2615597,161,0.32517361640930176
1565121689.087185,162,0.35581597685813904
1565121707.8765416,163,0.28125
1565121726.6234927,164,0.32083332538604736
1565121745.4278364,165,0.28611111640930176
1565121764.2549143,166,0.21406249701976776
1565121783.146667,167,0.3736979067325592
1565121801.9802997,168,0.3363715410232544
1565121820.9037673,169,0.3968749940395355
1565121839.7879896,170,0.16258680820465088
1565121858.688955,171,0.28072917461395264
1565121877.5282435,172,0.3270833194255829
1565121896.4025586,173,0.31762152910232544
1565121915.1884332,174,0.3255208432674408
1565121934.0126905,175,0.2686631977558136
1565121952.844939,176,0.23315972089767456
1565121971.7339404,177,0.24409721791744232
1565121990.6837454,178,0.3486979305744171
1565122009.537336,179,0.3055555522441864
1565122028.3967211,180,0.34019097685813904
1565122047.3101032,181,0.2810764014720917
1565122066.141671,182,0.2894965410232544
1565122084.9399652,183,0.27378472685813904
1565122103.7935028,184,0.3609375059604645
1565122122.6750188,185,0.36467012763023376
1565122141.5303,186,0.3949652910232544
1565122160.612122,187,0.41848957538604736
1565122180.9481282,188,0.3032118082046509
1565122200.375182,189,0.4079861044883728
1565122219.367744,190,0.2942708432674408
1565122238.3747518,191,0.35060763359069824
1565122257.326895,192,0.3871527910232544
1565122276.3547757,193,0.34079861640930176
1565122295.3702867,194,0.39401042461395264
1565122314.389956,195,0.3780381977558136
1565122333.381372,196,0.3350694477558136
1565122352.3189936,197,0.3478298485279083
1565122371.2990582,198,0.17352430522441864
1565122390.2521875,199,0.22456596791744232
