Wall time,Step,Value
1565118589.098394,0,0.0963541641831398
1565118607.8096647,1,0.29026442766189575
1565118626.578947,2,0.2788461446762085
1565118645.3441412,3,0.3569711446762085
1565118664.1149838,4,0.3561698794364929
1565118682.9424384,5,0.4449118673801422
1565118701.749406,6,0.4103565812110901
1565118720.6015265,7,0.4605368673801422
1565118739.4076657,8,0.13221153616905212
1565118758.2462366,9,0.3264222741127014
1565118776.982909,10,0.2806490361690521
1565118795.7717447,11,0.2749398946762085
1565118814.5546818,12,0.21484375
1565118833.3421156,13,0.2686298191547394
1565118852.2170467,14,0.16866986453533173
1565118871.0035899,15,0.29397034645080566
1565118889.8899665,16,0.0755208358168602
1565118908.7218425,17,0.4058493673801422
1565118927.5192606,18,0.37099358439445496
1565118946.354338,19,0.3796073794364929
1565118965.116152,20,0.41656652092933655
1565118983.878967,21,0.3947315812110901
1565119002.7065997,22,0.4449118673801422
1565119021.527955,23,0.2189503163099289
1565119040.3207722,24,0.21995192766189575
1565119059.1005301,25,0.29026442766189575
1565119077.8673246,26,0.2449919879436493
1565119096.6655424,27,0.2840544879436493
1565119115.514176,28,0.24188701808452606
1565119134.2987103,29,0.2905648946762085
1565119153.124664,30,0.23147034645080566
1565119171.951126,31,0.2572115361690521
1565119190.7397385,32,0.2931690812110901
1565119209.5495837,33,0.2645232379436493
1565119228.360076,34,0.35256409645080566
1565119247.2522156,35,0.28565704822540283
1565119266.0533588,36,0.3923277258872986
1565119284.863658,37,0.4017427861690521
1565119303.6548936,38,0.41396233439445496
1565119322.4175937,39,0.3824118673801422
1565119341.2210855,40,0.3636818826198578
1565119360.0504797,41,0.4490184187889099
1565119378.9230096,42,0.3231169879436493
1565119397.7329938,43,0.39573317766189575
1565119416.6209297,44,0.4483173191547394
1565119435.469921,45,0.4535256326198578
1565119454.3297856,46,0.4475160241127014
1565119473.1629968,47,0.3363381326198578
1565119492.018376,48,0.34625402092933655
1565119510.8856387,49,0.45502805709838867
1565119529.6981573,50,0.44931891560554504
1565119548.4889562,51,0.4875801205635071
1565119567.252943,52,0.2983773946762085
1565119586.0301266,53,0.4405048191547394
1565119604.8991795,54,0.44521233439445496
1565119623.7246268,55,0.4964943826198578
1565119642.5619826,56,0.3621794879436493
1565119661.4154947,57,0.49098557233810425
1565119680.2823844,58,0.43760016560554504
1565119699.106528,59,0.46344152092933655
1565119717.9277143,60,0.5214343070983887
1565119736.7431183,61,0.4579326808452606
1565119755.5475538,62,0.46103766560554504
1565119774.3565502,63,0.49098557233810425
1565119793.164305,64,0.5139222741127014
1565119811.9955952,65,0.4969951808452606
1565119830.7942324,66,0.15825320780277252
1565119849.5826354,67,0.4131610691547394
1565119868.4302943,68,0.4932892620563507
1565119887.243919,69,0.4878806173801422
1565119906.070441,70,0.3197115361690521
1565119924.8138618,71,0.5222355723381042
1565119943.6132247,72,0.49619391560554504
1565119962.3642035,73,0.4212740361690521
1565119981.156321,74,0.4691506326198578
1565120000.006891,75,0.5142227411270142
1565120018.8633,76,0.41396233439445496
1565120037.7377577,77,0.4324919879436493
1565120056.6064563,78,0.4548277258872986
1565120075.457185,79,0.47906652092933655
1565120094.3536415,80,0.5056089758872986
1565120113.193797,81,0.503004789352417
1565120132.0722413,82,0.47906652092933655
1565120150.951342,83,0.5248397588729858
1565120169.8607965,84,0.45562902092933655
1565120188.7367613,85,0.5064102411270142
1565120207.6432118,86,0.4494190812110901
1565120226.5538497,87,0.4797676205635071
1565120245.432377,88,0.5336538553237915
1565120264.3398283,89,0.3861177861690521
1565120283.2328894,90,0.4616386294364929
1565120302.137562,91,0.5082131624221802
1565120321.0048635,92,0.4514222741127014
1565120339.9022958,93,0.39443108439445496
1565120358.7435956,94,0.44781652092933655
1565120377.634446,95,0.47666266560554504
1565120396.5412602,96,0.5022035241127014
1565120415.442997,97,0.48317307233810425
1565120434.3613353,98,0.4717548191547394
1565120453.2442675,99,0.49729567766189575
1565120472.133274,100,0.49799680709838867
1565120491.0397701,101,0.5103164911270142
1565120509.9419158,102,0.4936898946762085
1565120528.7833476,103,0.5292468070983887
1565120547.6918561,104,0.4587339758872986
1565120566.607758,105,0.43739983439445496
1565120585.5054448,106,0.5160256624221802
1565120604.4140427,107,0.5391626358032227
1565120623.3158205,108,0.4782652258872986
1565120642.2213676,109,0.5401642918586731
1565120661.1310482,110,0.5139222741127014
1565120680.0309503,111,0.5810296535491943
1565120698.9350102,112,0.5173277258872986
1565120717.7948258,113,0.5134214758872986
1565120736.663624,114,0.18149039149284363
1565120755.5662544,115,0.38461539149284363
1565120774.4532492,116,0.4914863705635071
1565120793.3609738,117,0.4847756326198578
1565120812.2439961,118,0.5440705418586731
1565120831.173201,119,0.5422676205635071
1565120850.0433095,120,0.5038061141967773
1565120868.9373412,121,0.5196313858032227
1565120887.8333673,122,0.28745993971824646
1565120906.7377505,123,0.4735576808452606
1565120925.612426,124,0.5329527258872986
1565120944.5217092,125,0.5191305875778198
1565120963.4200518,126,0.514723539352417
1565120982.3050628,127,0.5118188858032227
1565121001.179341,128,0.4798677861690521
1565121020.0562158,129,0.46864983439445496
1565121038.929357,130,0.5344551205635071
1565121057.8262556,131,0.522536039352417
1565121076.7053404,132,0.4769631326198578
1565121095.6315658,133,0.5061097741127014
1565121114.5014768,134,0.5318509340286255
1565121133.3979886,135,0.13511618971824646
1565121152.2909713,136,0.4442107379436493
1565121171.1745675,137,0.5178285241127014
1565121190.052579,138,0.5334535241127014
1565121208.9446008,139,0.5191305875778198
1565121227.8597162,140,0.5157251358032227
1565121246.73812,141,0.49579328298568726
1565121265.6547377,142,0.5464743375778198
1565121284.5518599,143,0.5082131624221802
1565121303.4755142,144,0.6000601053237915
1565121322.393868,145,0.5191305875778198
1565121341.2779126,146,0.5670071840286255
1565121360.263633,147,0.5230368375778198
1565121425.3161654,148,0.5368589758872986
1565121444.1441624,149,0.5417668223381042
1565121462.9849117,150,0.5860376358032227
1565121481.8139307,151,0.5386618375778198
1565121500.6371522,152,0.28745993971824646
1565121519.471586,153,0.4405048191547394
1565121538.3121822,154,0.4652443826198578
1565121557.18292,155,0.5116186141967773
1565121575.9736333,156,0.5300480723381042
1565121594.803402,157,0.5565905570983887
1565121613.5984595,158,0.5194311141967773
1565121632.4126496,159,0.45172277092933655
1565121651.1378956,160,0.23898236453533173
1565121669.8584967,161,0.2423878163099289
1565121688.5691445,162,0.25981569290161133
1565121707.2712553,163,0.24058493971824646
1565121726.0695803,164,0.3089943826198578
1565121744.830342,165,0.2736378312110901
1565121763.5717192,166,0.2515023946762085
1565121782.318165,167,0.2137419879436493
1565121801.0428383,168,0.2528044879436493
1565121819.7394924,169,0.26221954822540283
1565121838.5195196,170,0.20703125
1565121857.3120291,171,0.26662659645080566
1565121876.0618746,172,0.3246193826198578
1565121894.7622433,173,0.18820111453533173
1565121913.5561426,174,0.2436899095773697
1565121932.321354,175,0.24709534645080566
1565121951.0627108,176,0.2528044879436493
1565121969.7899542,177,0.2728365361690521
1565121988.526062,178,0.28505608439445496
1565122007.2121675,179,0.24439102411270142
1565122026.0123816,180,0.25050079822540283
1565122044.7348073,181,0.24709534645080566
1565122063.5009408,182,0.28245192766189575
1565122082.2190363,183,0.2788461446762085
1565122100.949327,184,0.2923677861690521
1565122119.6648712,185,0.3022836446762085
1565122138.4398866,186,0.2923677861690521
1565122157.192624,187,0.3001802861690521
1565122175.8786502,188,0.23407451808452606
1565122194.6358817,189,0.2892628312110901
1565122213.3518202,190,0.3376402258872986
1565122232.1142533,191,0.33794069290161133
1565122250.9332445,192,0.25490784645080566
1565122269.6671567,193,0.29136618971824646
1565122288.4048066,194,0.3329326808452606
1565122307.144585,195,0.24969951808452606
1565122325.9033363,196,0.3118990361690521
1565122344.6602643,197,0.3040865361690521
1565122363.3390207,198,0.30438703298568726
1565122382.1250863,199,0.27834534645080566
