Wall time,Step,Value
1565118587.3009796,0,0.14867424964904785
1565118605.464777,1,0.07386363297700882
1565118623.179596,2,0.1505681872367859
1565118640.9691408,3,0.2395833283662796
1565118658.745368,4,0.3475378751754761
1565118676.5450616,5,0.21212121844291687
1565118694.2705927,6,0.3901515007019043
1565118711.9551575,7,0.3267045319080353
1565118729.6586835,8,0.3532196879386902
1565118747.435602,9,0.2443181872367859
1565118765.2184436,10,0.2774621248245239
1565118782.9970958,11,0.27462121844291687
1565118800.7709339,12,0.25189393758773804
1565118818.5908694,13,0.342803031206131
1565118836.3694475,14,0.40435606241226196
1565118854.0597382,15,0.32481059432029724
1565118871.790019,16,0.2348484843969345
1565118889.5583112,17,0.37310606241226196
1565118907.2824347,18,0.38731059432029724
1565118925.0185277,19,0.18939393758773804
1565118942.830783,20,0.3068181872367859
1565118960.5671854,21,0.4005681872367859
1565118978.3861084,22,0.32007575035095215
1565118996.2315443,23,0.4005681872367859
1565119013.9963577,24,0.3276515007019043
1565119031.7804346,25,0.39962121844291687
1565119049.605609,26,0.34090909361839294
1565119067.324011,27,0.3219696879386902
1565119085.0599847,28,0.24621212482452393
1565119102.7913728,29,0.43560606241226196
1565119120.5357704,30,0.44412878155708313
1565119138.3092482,31,0.3892045319080353
1565119156.1213498,32,0.43087121844291687
1565119173.9047825,33,0.4791666567325592
1565119191.7027547,34,0.3787878751754761
1565119209.5068383,35,0.41856059432029724
1565119227.2784164,36,0.37215909361839294
1565119244.9915814,37,0.4176136255264282
1565119262.7881987,38,0.41856059432029724
1565119280.560668,39,0.40625
1565119298.2880328,40,0.37215909361839294
1565119316.051556,41,0.4337121248245239
1565119333.8184516,42,0.32481059432029724
1565119351.5526748,43,0.46590909361839294
1565119369.3910513,44,0.4517045319080353
1565119387.1433005,45,0.4422348439693451
1565119404.8861918,46,0.4109848439693451
1565119422.6823263,47,0.4261363744735718
1565119440.3945622,48,0.4109848439693451
1565119458.2067556,49,0.4270833432674408
1565119475.9241114,50,0.3863636255264282
1565119493.7141697,51,0.41856059432029724
1565119511.582569,52,0.44507575035095215
1565119529.370597,53,0.45643940567970276
1565119547.232571,54,0.3901515007019043
1565119565.0305102,55,0.4469696879386902
1565119582.8200855,56,0.4592803120613098
1565119600.5854175,57,0.20549242198467255
1565119618.327885,58,0.21212121844291687
1565119636.0953064,59,0.2140151560306549
1565119653.8754423,60,0.13352273404598236
1565119671.6894011,61,0.2660984992980957
1565119689.428055,62,0.20170454680919647
1565119707.2807279,63,0.2869318127632141
1565119725.1152687,64,0.15530303120613098
1565119742.8866205,65,0.22537878155708313
1565119760.6803038,66,0.21496212482452393
1565119778.488092,67,0.13162878155708313
1565119796.2970695,68,0.15719696879386902
1565119814.0220826,69,0.09753787517547607
1565119831.884029,70,0.21212121844291687
1565119849.6140857,71,0.24053029716014862
1565119867.3707862,72,0.26231059432029724
1565119885.1545007,73,0.21969696879386902
1565119903.0190434,74,0.15340909361839294
1565119920.7635486,75,0.2556818127632141
1565119938.4564652,76,0.22632575035095215
1565119956.1434107,77,0.2708333432674408
1565119973.855956,78,0.19412878155708313
1565119991.6167486,79,0.20738635957241058
1565120009.3537772,80,0.1505681872367859
1565120027.0950425,81,0.17045454680919647
1565120044.886761,82,0.14393939077854156
1565120062.5915115,83,0.054924242198467255
1565120080.3124368,84,0.1306818127632141
1565120098.0704932,85,0.1354166716337204
1565120115.8639038,86,0.16950757801532745
1565120133.6921833,87,0.1931818127632141
1565120151.5775208,88,0.2537878751754761
1565120169.374366,89,0.14488635957241058
1565120187.1796758,90,0.28125
1565120204.9178526,91,0.13446970283985138
1565120222.6633785,92,0.06155303120613098
1565120240.3697467,93,0.13825757801532745
1565120258.1941116,94,0.18655303120613098
1565120276.0125487,95,0.25189393758773804
1565120293.7881324,96,0.1458333283662796
1565120311.5122676,97,0.053977273404598236
1565120329.269991,98,0.1458333283662796
1565120347.0518072,99,0.16571970283985138
1565120364.822182,100,0.24715909361839294
1565120382.6433692,101,0.14393939077854156
1565120400.4377067,102,0.14393939077854156
1565120418.213027,103,0.14772726595401764
1565120436.0258348,104,0.23295454680919647
1565120453.8125215,105,0.25662878155708313
1565120471.5716379,106,0.2613636255264282
1565120489.3396735,107,0.18465909361839294
1565120507.1672306,108,0.1922348439693451
1565120525.0102856,109,0.23863635957241058
1565120542.7503898,110,0.1619318127632141
1565120560.4830863,111,0.16003787517547607
1565120578.2004163,112,0.05587121099233627
1565120595.991993,113,0.18939393758773804
1565120613.7709816,114,0.22537878155708313
1565120631.5121517,115,0.18939393758773804
1565120649.3600392,116,0.24053029716014862
1565120667.095268,117,0.1770833283662796
1565120684.813681,118,0.2035984843969345
1565120702.5628507,119,0.20454545319080353
1565120720.310342,120,0.08522727340459824
1565120738.1699915,121,0.1922348439693451
1565120756.0005279,122,0.1619318127632141
1565120773.8326726,123,0.18844696879386902
1565120791.5756574,124,0.14867424964904785
1565120809.4028912,125,0.07954545319080353
1565120827.2302892,126,0.2083333283662796
1565120845.0299866,127,0.18465909361839294
1565120862.8283105,128,0.2035984843969345
1565120880.6387994,129,0.21022726595401764
1565120898.4398766,130,0.15909090638160706
1565120916.2274127,131,0.08049242198467255
1565120933.9353063,132,0.23295454680919647
1565120951.6892915,133,0.16477273404598236
1565120969.47318,134,0.1666666716337204
1565120987.313131,135,0.24715909361839294
1565121005.078479,136,0.26893940567970276
1565121022.8947256,137,0.26799243688583374
1565121040.7344997,138,0.22159090638160706
1565121058.5110502,139,0.1714015156030655
1565121076.246905,140,0.23863635957241058
1565121094.098992,141,0.20075757801532745
1565121111.8490448,142,0.2083333283662796
1565121129.6375232,143,0.20075757801532745
1565121147.4131415,144,0.18087121844291687
1565121165.1883063,145,0.08617424219846725
1565121183.0075479,146,0.18371212482452393
1565121200.8757749,147,0.23011364042758942
1565121218.7072222,148,0.13636364042758942
1565121236.462176,149,0.2348484843969345
1565121254.249483,150,0.21117424964904785
1565121271.9994423,151,0.16287878155708313
1565121289.760339,152,0.18844696879386902
1565121307.4861717,153,0.16003787517547607
1565121325.2247195,154,0.20170454680919647
1565121343.034427,155,0.1922348439693451
1565121360.9063618,156,0.2244318127632141
1565121424.5102367,157,0.16761364042758942
1565121442.2837734,158,0.16003787517547607
1565121459.9938135,159,0.16287878155708313
1565121477.8090403,160,0.1875
1565121495.581023,161,0.17045454680919647
1565121513.31136,162,0.1354166716337204
1565121531.1400442,163,0.15435606241226196
1565121548.8743093,164,0.15814393758773804
1565121566.6706498,165,0.16003787517547607
1565121584.3634522,166,0.21117424964904785
1565121602.1019266,167,0.15909090638160706
1565121619.9305782,168,0.16287878155708313
1565121637.6356728,169,0.1827651560306549
1565121655.3637435,170,0.21875
1565121673.1581345,171,0.16003787517547607
1565121690.9096665,172,0.16856060922145844
1565121708.6770232,173,0.2244318127632141
1565121726.4685411,174,0.20928029716014862
1565121744.293454,175,0.16003787517547607
1565121762.0708692,176,0.1875
1565121779.8837986,177,0.16003787517547607
1565121797.7447863,178,0.14962121844291687
1565121815.5313616,179,0.19696970283985138
1565121833.2585135,180,0.15340909361839294
1565121850.9936962,181,0.15340909361839294
1565121868.7933316,182,0.19412878155708313
1565121886.696761,183,0.15625
1565121904.432929,184,0.2140151560306549
1565121922.253294,185,0.22632575035095215
1565121940.0144908,186,0.1723484843969345
1565121957.8779154,187,0.14772726595401764
1565121975.650383,188,0.25662878155708313
1565121993.3813593,189,0.20075757801532745
1565122011.167754,190,0.19981060922145844
1565122028.954172,191,0.15625
1565122046.7213385,192,0.16003787517547607
1565122064.5689914,193,0.15719696879386902
1565122082.3617287,194,0.20454545319080353
1565122100.1621397,195,0.10037878900766373
1565122117.925637,196,0.21875
1565122135.6893623,197,0.10700757801532745
1565122153.4899635,198,0.09185606241226196
1565122171.374173,199,0.21969696879386902
