Wall time,Step,Value
1565118587.9809136,0,0.2034994512796402
1565118606.3178847,1,0.29207515716552734
1565118624.5945246,2,0.23767700791358948
1565118642.885146,3,0.3765659034252167
1565118661.0977051,4,0.4372957646846771
1565118679.275625,5,0.36560457944869995
1565118697.4786854,6,0.3987608850002289
1565118715.713739,7,0.18858931958675385
1565118734.0126495,8,0.16700707376003265
1565118752.2952456,9,0.2992238700389862
1565118770.4964628,10,0.24564270675182343
1565118788.7343447,11,0.33564814925193787
1565118806.9169562,12,0.4104711413383484
1565118825.1917648,13,0.24053649604320526
1565118843.467865,14,0.4242238700389862
1565118861.7162256,15,0.40802013874053955
1565118879.9029918,16,0.382693350315094
1565118898.0540583,17,0.39603757858276367
1565118916.3335323,18,0.46480119228363037
1565118934.6502988,19,0.4383850693702698
1565118952.9655523,20,0.43913400173187256
1565118971.1714187,21,0.11315359175205231
1565118989.3409126,22,0.22800925374031067
1565119007.5235977,23,0.20261438190937042
1565119025.7436767,24,0.22535403072834015
1565119043.98479,25,0.22691993415355682
1565119062.1664312,26,0.20955882966518402
1565119080.425424,27,0.19757625460624695
1565119098.5677645,28,0.2090141624212265
1565119116.7220612,29,0.17483660578727722
1565119134.9293272,30,0.2194308340549469
1565119153.1150162,31,0.2173883467912674
1565119171.3559537,32,0.2062908560037613
1565119189.6102626,33,0.2166394293308258
1565119207.9249341,34,0.1707516312599182
1565119226.1179595,35,0.20220588147640228
1565119244.3784242,36,0.22031590342521667
1565119262.7117126,37,0.2014569789171219
1565119280.8385835,38,0.20179738104343414
1565119298.9779944,39,0.22045207023620605
1565119317.2273002,40,0.22133713960647583
1565119335.40063,41,0.19424019753932953
1565119353.6668894,42,0.20247821509838104
1565119371.957105,43,0.1973039209842682
1565119390.289108,44,0.21609477698802948
1565119408.5655437,45,0.22521786391735077
1565119426.8280268,46,0.21507352590560913
1565119444.9679034,47,0.18164488673210144
1565119463.1738226,48,0.21405228972434998
1565119481.2890463,49,0.20465686917304993
1565119499.5304189,50,0.17960239946842194
1565119517.7681348,51,0.21405228972434998
1565119535.950464,52,0.18368735909461975
1565119554.1440213,53,0.20887799561023712
1565119572.3279505,54,0.23345588147640228
1565119590.6079872,55,0.2055419385433197
1565119608.8656852,56,0.2117374688386917
1565119627.1574924,57,0.2124863862991333
1565119645.3475475,58,0.18715958297252655
1565119663.5369012,59,0.18280228972434998
1565119681.7844431,60,0.24387255311012268
1565119699.9438543,61,0.20193354785442352
1565119718.249899,62,0.21377995610237122
1565119736.494478,63,0.18280228972434998
1565119754.7796335,64,0.18239378929138184
1565119773.079977,65,0.21289488673210144
1565119791.3083656,66,0.2159586101770401
1565119809.5748677,67,0.18293845653533936
1565119827.953722,68,0.2181372493505478
1565119846.3010013,69,0.22446896135807037
1565119864.5341368,70,0.21262255311012268
1565119882.713306,71,0.1943763643503189
1565119900.8896704,72,0.2298474907875061
1565119919.184524,73,0.20751634240150452
1565119937.4721513,74,0.19553376734256744
1565119955.725669,75,0.1943763643503189
1565119973.968453,76,0.21493735909461975
1565119992.217917,77,0.20465686917304993
1565120010.474754,78,0.2340005487203598
1565120028.7239885,79,0.23515795171260834
1565120046.989697,80,0.2020697146654129
1565120065.2781386,81,0.21119281649589539
1565120083.5727506,82,0.21221405267715454
1565120101.8895473,83,0.20683550834655762
1565120120.2273107,84,0.18525326251983643
1565120138.4492245,85,0.2111247330904007
1565120156.6909075,86,0.2124863862991333
1565120174.911136,87,0.21146513521671295
1565120193.1245952,88,0.2049291878938675
1565120211.309563,89,0.22058823704719543
1565120229.5247695,90,0.21847766637802124
1565120247.818368,91,0.2229030430316925
1565120266.0762856,92,0.19349128007888794
1565120284.3019314,93,0.18600217998027802
1565120302.5786219,94,0.19757625460624695
1565120320.8396165,95,0.2236519604921341
1565120339.103078,96,0.18035130202770233
1565120357.4570553,97,0.21902233362197876
1565120375.6596055,98,0.20193354785442352
1565120393.8584085,99,0.21827341616153717
1565120412.0954747,100,0.2186819165945053
1565120430.305454,101,0.2333197146654129
1565120448.5955398,102,0.24074074625968933
1565120466.8765774,103,0.18947440385818481
1565120485.1707096,104,0.22303920984268188
1565120503.3489497,105,0.23141339421272278
1565120521.5551429,106,0.21058006584644318
1565120539.8295178,107,0.24782134592533112
1565120558.1054518,108,0.23638343811035156
1565120576.284486,109,0.19744008779525757
1565120594.463317,110,0.21262255311012268
1565120612.6828868,111,0.1749727725982666
1565120630.902941,112,0.21303103864192963
1565120649.133216,113,0.20193354785442352
1565120667.3498893,114,0.21507352590560913
1565120685.630016,115,0.23767700791358948
1565120703.8553061,116,0.20710784196853638
1565120722.0903552,117,0.2084014117717743
1565120740.3892062,118,0.22058823704719543
1565120758.5572038,119,0.19015522301197052
1565120776.8843584,120,0.20683550834655762
1565120795.1795866,121,0.19812092185020447
1565120813.4539354,122,0.23720043897628784
1565120831.727855,123,0.1861383467912674
1565120849.98711,124,0.2042483687400818
1565120868.1919672,125,0.22099673748016357
1565120886.4151328,126,0.21017156541347504
1565120904.6649146,127,0.18525326251983643
1565120922.8496242,128,0.18845315277576447
1565120941.121596,129,0.19682733714580536
1565120959.3379748,130,0.20608660578727722
1565120977.5671546,131,0.22794117033481598
1565120995.8275359,132,0.16353486478328705
1565121014.0852747,133,0.2284177541732788
1565121032.3117425,134,0.24142156541347504
1565121050.6385694,135,0.19900599122047424
1565121068.7740877,136,0.23583878576755524
1565121087.0135202,137,0.20608660578727722
1565121105.1991127,138,0.2062227725982666
1565121123.4456332,139,0.20724400877952576
1565121141.6435485,140,0.21493735909461975
1565121159.9750915,141,0.18831700086593628
1565121178.246456,142,0.18355119228363037
1565121196.533638,143,0.23665577173233032
1565121214.9180794,144,0.22678376734256744
1565121233.1561697,145,0.21480119228363037
1565121251.3475256,146,0.2020697146654129
1565121269.5997505,147,0.2236519604921341
1565121287.7615411,148,0.24605119228363037
1565121305.9048312,149,0.19015522301197052
1565121324.1209812,150,0.21160130202770233
1565121342.448804,151,0.2118736356496811
1565121360.7241938,152,0.19206154346466064
1565121424.8876352,153,0.19485294818878174
1565121443.0749846,154,0.20152504742145538
1565121461.3092084,155,0.1943763643503189
1565121479.5480661,156,0.2278050035238266
1565121497.7221668,157,0.2229030430316925
1565121515.9711921,158,0.22651143372058868
1565121534.2333975,159,0.18988290429115295
1565121552.4669392,160,0.19757625460624695
1565121570.6202123,161,0.1929466277360916
1565121588.7884042,162,0.22378812730312347
1565121607.1025386,163,0.21350762248039246
1565121625.2376518,164,0.20567810535430908
1565121643.4405103,165,0.23638343811035156
1565121661.7400615,166,0.18355119228363037
1565121680.0926032,167,0.23924292623996735
1565121698.2865465,168,0.2326388955116272
1565121716.4064074,169,0.20193354785442352
1565121734.5666835,170,0.2159586101770401
1565121752.8220587,171,0.20874182879924774
1565121771.0345864,172,0.2000272274017334
1565121789.3069077,173,0.23366013169288635
1565121807.5695457,174,0.20778867602348328
1565121825.9093876,175,0.20247821509838104
1565121844.2324102,176,0.2048611044883728
1565121862.4868755,177,0.20656317472457886
1565121880.750088,178,0.17470043897628784
1565121899.0353034,179,0.2117374688386917
1565121917.1974711,180,0.23767700791358948
1565121935.4397082,181,0.19846132397651672
1565121953.6855247,182,0.20799292623996735
1565121971.9735024,183,0.20642700791358948
1565121990.372433,184,0.1958061009645462
1565122008.6418254,185,0.22943900525569916
1565122026.9283805,186,0.22406046092510223
1565122045.24336,187,0.20506535470485687
1565122063.5128684,188,0.1964188516139984
1565122081.6898658,189,0.19485294818878174
1565122099.9612947,190,0.21711601316928864
1565122118.276421,191,0.2305964082479477
1565122136.5577703,192,0.23216231167316437
1565122154.7502315,193,0.19846132397651672
1565122173.2679882,194,0.22201797366142273
1565122191.5703714,195,0.21418845653533936
1565122209.991712,196,0.24080882966518402
1565122228.3492148,197,0.2221541404724121
1565122246.64246,198,0.2375408560037613
1565122264.9130642,199,0.23011982440948486
