Wall time,Step,Value
1565118586.5914524,0,0.22690217196941376
1565118605.0529222,1,0.11922554671764374
1565118622.3610141,2,0.12930253148078918
1565118639.6148367,3,0.11503623425960541
1565118656.8926873,4,0.17017662525177002
1565118674.1930068,5,0.22695878148078918
1565118691.442826,6,0.32755887508392334
1565118708.739165,7,0.2539628744125366
1565118725.9810095,8,0.26596468687057495
1565118743.2513478,9,0.21863678097724915
1565118760.5051453,10,0.2130887657403946
1565118777.796789,11,0.24071557819843292
1565118795.1174862,12,0.1831408441066742
1565118812.4183898,13,0.18891531229019165
1565118829.6197803,14,0.2193727344274521
1565118846.908142,15,0.38117074966430664
1565118864.175235,16,0.33067256212234497
1565118881.4256241,17,0.3918704688549042
1565118898.7077284,18,0.4428781569004059
1565118916.088524,19,0.22254303097724915
1565118933.4277296,20,0.11401721090078354
1565118950.729561,21,0.20669157803058624
1565118968.0402677,22,0.07127490639686584
1565118985.3886485,23,0.11447010934352875
1565119002.672559,24,0.06895380467176437
1565119019.8976793,25,0.07076539844274521
1565119037.1863952,26,0.07653985172510147
1565119054.4288154,27,0.0666327029466629
1565119071.6777768,28,0.06714221090078354
1565119088.9353492,29,0.08146512508392334
1565119106.1823328,30,0.07257699221372604
1565119123.4751215,31,0.07648324221372604
1565119140.729168,32,0.07778532803058624
1565119157.9958484,33,0.06323596090078354
1565119175.3345568,34,0.06765171885490417
1565119192.5608432,35,0.0627264529466629
1565119209.849761,36,0.0783514529466629
1565119227.09196,37,0.06765171885490417
1565119244.3289602,38,0.07987998425960541
1565119261.605497,39,0.06374546885490417
1565119278.8748927,40,0.15223053097724915
1565119296.1589508,41,0.06374546885490417
1565119313.4195485,42,0.06736865639686584
1565119330.7793896,43,0.06736865639686584
1565119348.0807693,44,0.09239130467176437
1565119365.3278005,45,0.0627264529466629
1565119382.6156847,46,0.06634964048862457
1565119399.9225712,47,0.08112545311450958
1565119417.1520932,48,0.06482110172510147
1565119434.3707187,49,0.1503623127937317
1565119451.6438768,50,0.06323596090078354
1565119468.9279642,51,0.10773324221372604
1565119486.1419249,52,0.0640285313129425
1565119503.4380295,53,0.09391983598470688
1565119520.7094305,54,0.07263360172510147
1565119537.9160907,55,0.07727581262588501
1565119555.1934896,56,0.0611979179084301
1565119572.430194,57,0.08061594516038895
1565119589.69415,58,0.07099185138940811
1565119606.9870863,59,0.07076539844274521
1565119624.2652342,60,0.06997282803058624
1565119641.566381,61,0.07937046885490417
1565119658.8523932,62,0.19157609343528748
1565119676.090764,63,0.07336956262588501
1565119693.410646,64,0.07235054671764374
1565119710.6726644,65,0.1987658441066742
1565119727.9552827,66,0.07755887508392334
1565119745.2045112,67,0.08406929671764374
1565119762.502863,68,0.10982789844274521
1565119779.7932706,69,0.09992074221372604
1565119797.0420103,70,0.15868432819843292
1565119814.305978,71,0.10541214048862457
1565119831.594751,72,0.1972939372062683
1565119848.8792777,73,0.16445878148078918
1565119866.1734083,74,0.07987998425960541
1565119883.4811096,75,0.1764039844274521
1565119900.7422426,76,0.06736865639686584
1565119918.0260339,77,0.07676630467176437
1565119935.2763858,78,0.07235054671764374
1565119952.567467,79,0.18891531229019165
1565119969.8758526,80,0.07127490639686584
1565119987.1729848,81,0.15925045311450958
1565120004.4485645,82,0.16938406229019165
1565120021.7087164,83,0.20691803097724915
1565120038.970994,84,0.08248414844274521
1565120056.2535813,85,0.21054121851921082
1565120073.5486326,86,0.09629755467176437
1565120090.848883,87,0.06946331262588501
1565120108.12097,88,0.19621829688549042
1565120125.419798,89,0.17878170311450958
1565120142.6811967,90,0.08480525016784668
1565120159.9380164,91,0.09290081262588501
1565120177.2698588,92,0.0679347813129425
1565120194.5541854,93,0.11684782803058624
1565120211.8770947,94,0.16287364065647125
1565120229.1850467,95,0.06584012508392334
1565120246.4834635,96,0.11112998425960541
1565120263.7281141,97,0.21105071902275085
1565120281.0011466,98,0.07699275016784668
1565120298.272313,99,0.17045968770980835
1565120315.4959238,100,0.06351902335882187
1565120332.7637992,101,0.08457880467176437
1565120350.0640438,102,0.13241621851921082
1565120367.3337126,103,0.07178442180156708
1565120384.610264,104,0.0731431171298027
1565120401.8636754,105,0.09391983598470688
1565120419.1635916,106,0.06374546885490417
1565120436.5124054,107,0.10093976557254791
1565120453.770665,108,0.1972373127937317
1565120471.074804,109,0.19282156229019165
1565120488.3018398,110,0.19570878148078918
1565120505.5224185,111,0.10043025016784668
1565120522.7858047,112,0.14622962474822998
1565120540.0913029,113,0.0666327029466629
1565120557.4190464,114,0.09465579688549042
1565120574.7245872,115,0.16655343770980835
1565120592.0101862,116,0.13349184393882751
1565120609.2317808,117,0.20555932819843292
1565120626.4693882,118,0.1387001872062683
1565120643.7406905,119,0.0653306171298027
1565120661.0014033,120,0.21025815606117249
1565120678.2673507,121,0.10331748425960541
1565120695.5264893,122,0.1369452029466629
1565120712.7589064,123,0.0809556171298027
1565120730.0043364,124,0.18500906229019165
1565120747.317996,125,0.08350317180156708
1565120764.5983415,126,0.11526267975568771
1565120781.8313715,127,0.08271060138940811
1565120799.1059043,128,0.08797554671764374
1565120816.3955436,129,0.08927762508392334
1565120833.6582234,130,0.08791892975568771
1565120850.936561,131,0.20035099983215332
1565120868.2731621,132,0.11865942180156708
1565120885.5439243,133,0.11447010934352875
1565120902.7871659,134,0.06374546885490417
1565120920.0356083,135,0.16287364065647125
1565120937.3130748,136,0.10897871106863022
1565120954.5747223,137,0.2836843430995941
1565120971.8547719,138,0.2656816244125366
1565120989.1426084,139,0.2878170311450958
1565121006.4232547,140,0.2536798119544983
1565121023.6791725,141,0.2558310627937317
1565121040.9427135,142,0.21540987491607666
1565121058.22793,143,0.16683650016784668
1565121075.5698166,144,0.31776493787765503
1565121092.89745,145,0.2873075306415558
1565121110.1413214,146,0.11945199221372604
1565121127.3988702,147,0.11967844516038895
1565121144.666591,148,0.13790760934352875
1565121161.9054823,149,0.11243206262588501
1565121179.1613646,150,0.0796535313129425
1565121196.5011232,151,0.08378623425960541
1565121213.72013,152,0.12018795311450958
1565121230.9854083,153,0.1543251872062683
1565121248.2447712,154,0.3057631254196167
1565121265.54175,155,0.23494112491607666
1565121282.8342593,156,0.13320878148078918
1565121300.089854,157,0.20352128148078918
1565121317.3658962,158,0.12981204688549042
1565121334.6252398,159,0.08169157803058624
1565121351.8902524,160,0.139775812625885
1565121369.2368944,161,0.3190104067325592
1565121423.8462253,162,0.14673912525177002
1565121441.1175346,163,0.35076993703842163
1565121458.3599057,164,0.22797781229019165
1565121475.5989542,165,0.3957767188549042
1565121492.926309,166,0.22197690606117249
1565121510.1736143,167,0.40489131212234497
1565121527.4402823,168,0.39373868703842163
1565121544.735825,169,0.22452445328235626
1565121561.9886425,170,0.35994112491607666
1565121579.3203003,171,0.20040760934352875
1565121596.635574,172,0.21625906229019165
1565121613.9146414,173,0.19644474983215332
1565121631.172975,174,0.28855299949645996
1565121648.440748,175,0.3140851557254791
1565121665.7384822,176,0.40024909377098083
1565121683.0291755,177,0.2081068903207779
1565121700.3076963,178,0.3005548119544983
1565121717.571977,179,0.24094203114509583
1565121734.841359,180,0.14934329688549042
1565121752.202008,181,0.2942708432674408
1565121769.4605072,182,0.22950634360313416
1565121786.7203994,183,0.3567142188549042
1565121803.9813924,184,0.41740262508392334
1565121821.2433481,185,0.265625
1565121838.5102222,186,0.34946784377098083
1565121855.755015,187,0.2656816244125366
1565121873.0653682,188,0.37052762508392334
1565121890.3483062,189,0.45408740639686584
1565121907.569794,190,0.40098506212234497
1565121924.8005412,191,0.46993884444236755
1565121942.126056,192,0.40698596835136414
1565121959.3507817,193,0.30678215622901917
1565121976.5838149,194,0.18234828114509583
1565121993.8606393,195,0.29223278164863586
1565122011.0624216,196,0.5227581262588501
1565122028.304753,197,0.18291440606117249
1565122045.5772777,198,0.42889493703842163
1565122062.822034,199,0.4558990001678467
