Wall time,Step,Value
1565118587.5219986,0,0.0929063931107521
1565118605.8345866,1,0.21031396090984344
1565118623.9069512,2,0.2440030872821808
1565118642.0105546,3,0.3251907229423523
1565118660.0905051,4,0.16696009039878845
1565118678.184968,5,0.18663805723190308
1565118696.2489471,6,0.21376173198223114
1565118714.3379014,7,0.19560593366622925
1565118732.453843,8,0.24569028615951538
1565118750.5630085,9,0.27992957830429077
1565118768.583704,10,0.19698137044906616
1565118786.74613,11,0.2414722740650177
1565118804.8611505,12,0.3287118673324585
1565118822.960388,13,0.3095657229423523
1565118841.0868313,14,0.15692855417728424
1565118859.2041774,15,0.33247140049934387
1565118877.2697268,16,0.3668573796749115
1565118895.3251708,17,0.27472123503685
1565118913.4592314,18,0.40445277094841003
1565118931.5381868,19,0.18441902101039886
1565118949.6012905,20,0.41050469875335693
1565118967.71175,21,0.3860768675804138
1565118985.859933,22,0.39656689763069153
1565119004.0382721,23,0.42482760548591614
1565119022.1155624,24,0.3381381928920746
1565119040.265446,25,0.19775161147117615
1565119058.381572,26,0.3183685541152954
1565119076.4752214,27,0.3362125754356384
1565119094.6438413,28,0.33177450299263
1565119112.724287,29,0.3656286597251892
1565119130.770672,30,0.40613996982574463
1565119148.8912146,31,0.40874412655830383
1565119166.9916608,32,0.38361942768096924
1565119185.0892923,33,0.4051496386528015
1565119203.2248752,34,0.42436912655830383
1565119221.3212068,35,0.43003594875335693
1565119239.4216702,36,0.38569176197052
1565119257.5195522,37,0.49138057231903076
1565119275.6035829,38,0.3447219729423523
1565119293.697558,39,0.4017752408981323
1565119311.7555509,40,0.4033890962600708
1565119329.865833,41,0.3929724097251892
1565119347.9685018,42,0.43042105436325073
1565119366.0977144,43,0.4229936897754669
1565119384.2105749,44,0.40835902094841003
1565119402.3213692,45,0.44091108441352844
1565119420.4193337,46,0.45714128017425537
1565119438.5202065,47,0.41578638553619385
1565119456.6341035,48,0.41655662655830383
1565119474.740184,49,0.4290456175804138
1565119492.8208017,50,0.4419747591018677
1565119511.03499,51,0.46480706334114075
1565119529.1950438,52,0.4516395330429077
1565119547.3410575,53,0.4164099097251892
1565119565.3891373,54,0.4416079819202423
1565119583.4354112,55,0.45745304226875305
1565119601.4915679,56,0.46970364451408386
1565119619.6019647,57,0.4838064908981323
1565119637.7280228,58,0.47093236446380615
1565119655.8232737,59,0.47085902094841003
1565119673.9639394,60,0.47392165660858154
1565119692.075323,61,0.15302230417728424
1565119710.1013482,62,0.19874192774295807
1565119728.1618829,63,0.2688160240650177
1565119746.2454917,64,0.2918683886528015
1565119764.3340478,65,0.32473224401474
1565119782.3781302,66,0.3490867018699646
1565119800.5010276,67,0.3525344729423523
1565119818.6656103,68,0.3852332830429077
1565119836.8070016,69,0.3634096384048462
1565119854.8894095,70,0.3956499397754669
1565119873.0415285,71,0.40835902094841003
1565119891.1392038,72,0.4021603465080261
1565119909.1989431,73,0.3882959187030792
1565119927.3407264,74,0.3773474097251892
1565119945.4462469,75,0.40315067768096924
1565119963.5809155,76,0.45270320773124695
1565119981.6257877,77,0.41441094875335693
1565119999.710797,78,0.3666189908981323
1565120017.8210363,79,0.4255978465080261
1565120035.8467777,80,0.4193992018699646
1565120053.9832544,81,0.4494204819202423
1565120072.1614294,82,0.44313013553619385
1565120090.242007,83,0.4410761296749115
1565120108.2795722,84,0.4251393675804138
1565120126.3888092,85,0.4263681173324585
1565120144.476548,86,0.4455875754356384
1565120162.6224186,87,0.4095143675804138
1565120180.841738,88,0.42543280124664307
1565120198.9620142,89,0.3470877408981323
1565120217.1011615,90,0.19307512044906616
1565120235.2214367,91,0.08731293678283691
1565120253.2657728,92,0.09910504519939423
1565120271.2896013,93,0.09604240208864212
1565120289.3740778,94,0.13303257524967194
1565120307.4761515,95,0.13050176203250885
1565120325.5548334,96,0.12690727412700653
1565120343.6503518,97,0.13433465361595154
1565120361.6992767,98,0.12996992468833923
1565120379.8030078,99,0.14812573790550232
1565120397.9436867,100,0.19001246988773346
1565120416.0640543,101,0.12444982677698135
1565120434.1775763,102,0.12001173943281174
1565120452.3014982,103,0.24906469881534576
1565120470.3949506,104,0.17921067774295807
1565120488.4884944,105,0.11205252259969711
1565120506.602105,106,0.14865757524967194
1565120524.681001,107,0.13946962356567383
1565120542.8358047,108,0.18526262044906616
1565120561.01292,109,0.14750219881534576
1565120579.1124153,110,0.14176203310489655
1565120597.2027342,111,0.16910578310489655
1565120615.2561953,112,0.12996992468833923
1565120633.3628716,113,0.19965888559818268
1565120651.450913,114,0.16006454825401306
1565120669.520257,115,0.19483567774295807
1565120687.621883,116,0.15531469881534576
1565120705.7674696,117,0.11969996988773346
1565120723.9005916,118,0.12912632524967194
1565120742.068707,119,0.23167914152145386
1565120760.1161783,120,0.18610621988773346
1565120778.1599302,121,0.16351231932640076
1565120796.1589968,122,0.13074016571044922
1565120814.284162,123,0.13968969881534576
1565120832.4038243,124,0.19254328310489655
1565120850.441406,125,0.13218896090984344
1565120868.4660969,126,0.15126173198223114
1565120886.5703251,127,0.15608493983745575
1565120904.632757,128,0.18970070779323578
1565120922.7411113,129,0.14077171683311462
1565120940.812812,130,0.24646052718162537
1565120958.898483,131,0.22003374993801117
1565120976.972005,132,0.14475132524967194
1565120995.095389,133,0.16435593366622925
1565121013.2725782,134,0.18902215361595154
1565121031.3619087,135,0.19307512044906616
1565121049.4634442,136,0.15516798198223114
1565121067.6457024,137,0.22914832830429077
1565121085.798277,138,0.18839861452579498
1565121103.8690844,139,0.15615829825401306
1565121121.9566045,140,0.22179430723190308
1565121140.0425406,141,0.15217868983745575
1565121158.2054808,142,0.23741930723190308
1565121176.3382585,143,0.2023364156484604
1565121194.4155538,144,0.20004402101039886
1565121212.5068564,145,0.13739730417728424
1565121230.6228354,146,0.24867957830429077
1565121248.721526,147,0.16213688254356384
1565121266.7536213,148,0.14812573790550232
1565121284.9109366,149,0.16213688254356384
1565121302.9629345,150,0.11955326050519943
1565121321.028089,151,0.17906396090984344
1565121339.0601618,152,0.18113629519939423
1565121357.0984116,153,0.21689774096012115
1565121424.7634418,154,0.16083480417728424
1565121442.8548014,155,0.19652289152145386
1565121460.9327388,156,0.21007555723190308
1565121479.0202901,157,0.15217868983745575
1565121497.2053633,158,0.20739802718162537
1565121515.303156,159,0.15516798198223114
1565121533.40999,160,0.18212661147117615
1565121551.491125,161,0.17829371988773346
1565121569.5492513,162,0.18043941259384155
1565121587.6073244,163,0.15654343366622925
1565121605.7554913,164,0.18733493983745575
1565121623.8486142,165,0.2367224246263504
1565121641.8655133,166,0.17607468366622925
1565121659.9444196,167,0.17906396090984344
1565121678.0629568,168,0.15562646090984344
1565121696.0902798,169,0.18043941259384155
1565121714.144468,170,0.14183539152145386
1565121732.3465784,171,0.26208552718162537
1565121750.5578604,172,0.21222124993801117
1565121768.6991072,173,0.18258509039878845
1565121786.773668,174,0.20310665667057037
1565121804.8532453,175,0.18955399096012115
1565121823.0029821,176,0.12345951050519943
1565121841.1637406,177,0.13127200305461884
1565121859.2340202,178,0.17622138559818268
1565121877.419007,179,0.11740756779909134
1565121895.58382,180,0.16252200305461884
1565121913.6737905,181,0.2349618524312973
1565121931.751846,182,0.23175249993801117
1565121949.9161952,183,0.12690727412700653
1565121968.0606058,184,0.20050249993801117
1565121986.1366508,185,0.12078198045492172
1565122004.2616427,186,0.16030296683311462
1565122022.403306,187,0.19353359937667847
1565122040.5177455,188,0.17132481932640076
1565122058.6933868,189,0.15661677718162537
1565122076.8499,190,0.24132555723190308
1565122094.9275925,191,0.13670040667057037
1565122113.054719,192,0.14559492468833923
1565122131.2175317,193,0.10392826050519943
1565122149.3444672,194,0.13127200305461884
1565122167.4314935,195,0.15516798198223114
1565122185.5270483,196,0.14306411147117615
1565122203.6099608,197,0.13387617468833923
1565122221.70648,198,0.11043867468833923
1565122239.87091,199,0.12652215361595154
