Wall time,Step,Value
1565118586.766322,0,0.11965908855199814
1565118604.7030733,1,0.11253787577152252
1565118622.367199,2,0.16875000298023224
1565118639.685934,3,0.22920455038547516
1565118656.977696,4,0.2598484754562378
1565118675.012459,5,0.1029166653752327
1565118692.4460196,6,0.1475757509469986
1565118709.7604284,7,0.13905303180217743
1565118728.0226207,8,0.17174242436885834
1565118746.26911,9,0.1850000023841858
1565118764.2900884,10,0.1281818151473999
1565118781.566355,11,0.22352272272109985
1565118799.3714826,12,0.23075757920742035
1565118817.6073534,13,0.2224242389202118
1565118835.3735206,14,0.24041666090488434
1565118853.6034803,15,0.25321969389915466
1565118871.41898,16,0.2801893949508667
1565118889.499423,17,0.11382576078176498
1565118907.7274766,18,0.1299242377281189
1565118925.5803115,19,0.129431813955307
1565118943.8970573,20,0.15753787755966187
1565118961.3612964,21,0.11791666597127914
1565118979.2936757,22,0.1668560653924942
1565118996.6266189,23,0.11886363476514816
1565119013.8666046,24,0.22621211409568787
1565119031.32061,25,0.1472727209329605
1565119049.0495496,26,0.20522727072238922
1565119067.226243,27,0.22287878394126892
1565119084.8475783,28,0.2115151584148407
1565119102.025142,29,0.1520075798034668
1565119119.756536,30,0.16621212661266327
1565119138.01826,31,0.17488636076450348
1565119155.8117192,32,0.2424621284008026
1565119173.1290128,33,0.2323484867811203
1565119190.4238553,34,0.24231061339378357
1565119207.752625,35,0.3464772701263428
1565119225.0106463,36,0.20996211469173431
1565119242.9590106,37,0.22303029894828796
1565119261.2766037,38,0.24310606718063354
1565119279.450161,39,0.3000757694244385
1565119297.266197,40,0.30560606718063354
1565119314.7140338,41,0.2822348475456238
1565119332.3963792,42,0.33356061577796936
1565119349.6642053,43,0.2085227221250534
1565119367.69557,44,0.22162878513336182
1565119385.573335,45,0.1820075809955597
1565119403.0477245,46,0.3106439411640167
1565119420.366727,47,0.3253408968448639
1565119438.2781868,48,0.35026514530181885
1565119455.4970598,49,0.3161742389202118
1565119473.2518914,50,0.3359090983867645
1565119490.616936,51,0.28321969509124756
1565119508.2949255,52,0.3518560528755188
1565119525.5879831,53,0.24814394116401672
1565119542.8310242,54,0.2655302882194519
1565119560.0882926,55,0.3589772582054138
1565119578.0090432,56,0.2659848630428314
1565119595.8798976,57,0.31428030133247375
1565119613.7301993,58,0.3313257694244385
1565119631.019601,59,0.3384469747543335
1565119648.2804155,60,0.31333333253860474
1565119665.9755871,61,0.3771212100982666
1565119683.251409,62,0.33954545855522156
1565119700.4860277,63,0.3235984742641449
1565119718.5193155,64,0.26344695687294006
1565119736.7412755,65,0.33606061339378357
1565119754.2575128,66,0.3447348475456238
1565119771.7993917,67,0.38246211409568787
1565119789.730588,68,0.3575378656387329
1565119807.9676485,69,0.33386364579200745
1565119825.3222563,70,0.3771212100982666
1565119843.1542664,71,0.31507575511932373
1565119861.3004448,72,0.21909090876579285
1565119879.503153,73,0.34522727131843567
1565119897.4415562,74,0.40553030371665955
1565119915.1788392,75,0.38594695925712585
1565119932.5285344,76,0.38420453667640686
1565119950.5935123,77,0.3404924273490906
1565119968.5047395,78,0.3218560516834259
1565119986.6102893,79,0.39257577061653137
1565120003.9083586,80,0.3914772868156433
1565120021.6799147,81,0.4282575845718384
1565120039.9169812,82,0.4217802882194519
1565120057.5757978,83,0.39431819319725037
1565120075.8510537,84,0.11712121218442917
1565120093.7878716,85,0.12454545497894287
1565120111.178608,86,0.11128787696361542
1565120128.8991625,87,0.12185606360435486
1565120147.0667925,88,0.13056817650794983
1565120165.329921,89,0.16147726774215698
1565120182.6187797,90,0.1460227221250534
1565120200.5592167,91,0.14189393818378448
1565120218.7456248,92,0.17268939316272736
1565120236.452794,93,0.18674242496490479
1565120253.77102,94,0.2236742377281189
1565120271.2528255,95,0.14647726714611053
1565120288.5272315,96,0.20064394176006317
1565120306.3447998,97,0.2511742413043976
1565120323.596901,98,0.18674242496490479
1565120341.3287308,99,0.18784090876579285
1565120358.6884437,100,0.2767045497894287
1565120375.9453757,101,0.28003787994384766
1565120394.0592353,102,0.21465909481048584
1565120412.290629,103,0.10939393937587738
1565120430.3030217,104,0.12738636136054993
1565120448.3724496,105,0.2337878793478012
1565120466.347528,106,0.22287878394126892
1565120483.9453533,107,0.19371211528778076
1565120501.1873395,108,0.2175000011920929
1565120519.3575847,109,0.2950378656387329
1565120537.6199214,110,0.24924242496490479
1565120555.3708415,111,0.16446970403194427
1565120573.4195333,112,0.13765151798725128
1565120590.900939,113,0.16306817531585693
1565120608.358369,114,0.1576893925666809
1565120625.727224,115,0.15723484754562378
1565120643.6813257,116,0.15121212601661682
1565120661.35796,117,0.1463257521390915
1565120679.193369,118,0.1103409081697464
1565120696.724725,119,0.22003787755966187
1565120714.531669,120,0.19875000417232513
1565120731.8674824,121,0.2519318163394928
1565120749.7714605,122,0.24579545855522156
1565120768.0201848,123,0.2814393937587738
1565120785.36621,124,0.2980303168296814
1565120803.3574727,125,0.12564393877983093
1565120821.0825293,126,0.3007197082042694
1565120838.3299568,127,0.2380302995443344
1565120856.5509152,128,0.29469695687294006
1565120874.7653253,129,0.30087122321128845
1565120892.2274399,130,0.17617423832416534
1565120910.4692461,131,0.34253787994384766
1565120927.9148314,132,0.34996211528778076
1565120946.1532505,133,0.35818180441856384
1565120964.3690207,134,0.33037880063056946
1565120982.6481588,135,0.31003788113594055
1565121000.2753575,136,0.35818180441856384
1565121018.505948,137,0.3644697070121765
1565121036.151787,138,0.38518938422203064
1565121054.0190396,139,0.34602272510528564
1565121072.1725888,140,0.37727272510528564
1565121090.3878608,141,0.3709469735622406
1565121107.6664262,142,0.2793939411640167
1565121124.9090855,143,0.37696969509124756
1565121142.5668464,144,0.3373106122016907
1565121159.9261286,145,0.3914772868156433
1565121178.1638482,146,0.3429924249649048
1565121196.4451945,147,0.36636364459991455
1565121213.9481688,148,0.3474242389202118
1565121231.6378503,149,0.41121211647987366
1565121249.853494,150,0.3340151607990265
1565121268.120472,151,0.3883333206176758
1565121286.2782533,152,0.3860984742641449
1565121303.7367158,153,0.38469696044921875
1565121320.9839656,154,0.4326893985271454
1565121338.9857504,155,0.3853030204772949
1565121357.2769635,156,0.3575378656387329
1565121424.858573,157,0.3131818175315857
1565121443.018946,158,0.4656818211078644
1565121461.2454283,159,0.3839015066623688
1565121479.4739769,160,0.44371211528778076
1565121497.5431316,161,0.4625000059604645
1565121514.9539716,162,0.43409091234207153
1565121532.4954321,163,0.4691287875175476
1565121550.2280128,164,0.4703787863254547
1565121567.467123,165,0.43534091114997864
1565121584.696963,166,0.42431819438934326
1565121602.1779602,167,0.1389015167951584
1565121620.3675318,168,0.1507575809955597
1565121638.27157,169,0.14143939316272736
1565121656.0801973,170,0.17617423832416534
1565121674.1939561,171,0.21390151977539062
1565121692.42852,172,0.2511363625526428
1565121709.8694808,173,0.29992425441741943
1565121728.01669,174,0.19731061160564423
1565121745.2740653,175,0.2306060642004013
1565121762.5192451,176,0.323901504278183
1565121780.7574646,177,0.2266666740179062
1565121798.3462155,178,0.30242425203323364
1565121816.2064693,179,0.3818560540676117
1565121834.533647,180,0.3641666769981384
1565121852.8141632,181,0.36636364459991455
1565121870.0978684,182,0.34901514649391174
1565121887.706079,183,0.39257577061653137
1565121905.9573438,184,0.16337120532989502
1565121924.1432161,185,0.2989772856235504
1565121942.4247983,186,0.3957197070121765
1565121959.9014766,187,0.43079546093940735
1565121977.3290882,188,0.37303030490875244
1565121994.6609426,189,0.386401504278183
1565122011.9500544,190,0.4086742401123047
1565122029.9041572,191,0.3670075833797455
1565122048.2072623,192,0.3954166769981384
1565122066.4433272,193,0.3709469735622406
1565122083.8975744,194,0.35943183302879333
1565122101.1783297,195,0.40678030252456665
1565122118.8876774,196,0.3989015221595764
1565122137.1522565,197,0.4105681777000427
1565122155.364731,198,0.4301515221595764
1565122173.7834914,199,0.4048863649368286
