Wall time,Step,Value
1565118590.0680451,0,0.07137345522642136
1565118609.3404396,1,0.27932098507881165
1565118629.1472197,2,0.21450617909431458
1565118648.577678,3,0.1844135820865631
1565118668.8710546,4,0.17785494029521942
1565118688.7300434,5,0.30671295523643494
1565118707.9771156,6,0.27893519401550293
1565118727.1248293,7,0.1875
1565118746.307968,8,0.1774691343307495
1565118765.4459586,9,0.20254629850387573
1565118784.7030005,10,0.26504629850387573
1565118803.908207,11,0.2395833283662796
1565118823.7752087,12,0.25848764181137085
1565118843.7695377,13,0.3294753134250641
1565118862.9443638,14,0.36265432834625244
1565118882.398136,15,0.3445216119289398
1565118901.8535786,16,0.3333333432674408
1565118921.8430524,17,0.2843364179134369
1565118941.582626,18,0.26157405972480774
1565118961.7720366,19,0.19675925374031067
1565118982.1403441,20,0.36304011940956116
1565119001.3592231,21,0.31057098507881165
1565119020.5110338,22,0.31365740299224854
1565119039.6934807,23,0.3746142089366913
1565119059.605133,24,0.34375
1565119078.9285076,25,0.33796295523643494
1565119098.5070019,26,0.36304011940956116
1565119118.7966344,27,0.3225308656692505
1565119139.0165296,28,0.38425925374031067
1565119158.8613877,29,0.37731480598449707
1565119178.6406982,30,0.36612653732299805
1565119198.8636074,31,0.4035493731498718
1565119219.1205673,32,0.2851080298423767
1565119238.2681503,33,0.391589492559433
1565119257.4562097,34,0.4239969253540039
1565119277.483967,35,0.23418210446834564
1565119297.1201677,36,0.11419752985239029
1565119316.555893,37,0.13734567165374756
1565119335.9724774,38,0.1323302537202835
1565119355.229191,39,0.18325617909431458
1565119375.3980408,40,0.13657407462596893
1565119395.3719287,41,0.17283950746059418
1565119415.2093344,42,0.17283950746059418
1565119435.3671548,43,0.11033950746059418
1565119455.5934815,44,0.11612654477357864
1565119475.84862,45,0.13773147761821747
1565119496.084166,46,0.20331789553165436
1565119516.1600873,47,0.11959876865148544
1565119536.3334756,48,0.11033950746059418
1565119556.5783908,49,0.2148919701576233
1565119575.7258966,50,0.125
1565119594.9361627,51,0.10725308954715729
1565119614.286,52,0.1878858059644699
1565119633.9894352,53,0.17631173133850098
1565119653.2999394,54,0.18171297013759613
1565119672.511823,55,0.20293210446834564
1565119692.7954266,56,0.1739969104528427
1565119712.415671,57,0.10223765671253204
1565119732.143826,58,0.11188271641731262
1565119752.3613896,59,0.15084876120090485
1565119772.6894333,60,0.2017746865749359
1565119792.915264,61,0.1628086417913437
1565119813.153937,62,0.21257716417312622
1565119833.4242177,63,0.09799382835626602
1565119853.6770186,64,0.19714505970478058
1565119872.9370987,65,0.19637346267700195
1565119892.1241767,66,0.21412037312984467
1565119911.3088734,67,0.1844135820865631
1565119930.425912,68,0.18942901492118835
1565119950.6807165,69,0.18981482088565826
1565119970.2592683,70,0.1871141940355301
1565119990.259251,71,0.18518517911434174
1565120009.4364643,72,0.17476852238178253
1565120028.5670228,73,0.20640432834625244
1565120048.0103161,74,0.16550925374031067
1565120068.2034004,75,0.20331789553165436
1565120088.5083094,76,0.2010030895471573
1565120108.1810172,77,0.17554011940956116
1565120128.4858215,78,0.21643517911434174
1565120147.6991444,79,0.17515432834625244
1565120167.3704946,80,0.16898147761821747
1565120187.6487117,81,0.20949074625968933
1565120206.8753078,82,0.18981482088565826
1565120226.8563483,83,0.09645061939954758
1565120246.936846,84,0.16396604478359222
1565120266.0853431,85,0.1666666716337204
1565120285.817942,86,0.17785494029521942
1565120305.7870083,87,0.16473765671253204
1565120325.9583747,88,0.0659722238779068
1565120345.7024689,89,0.22839505970478058
1565120365.9677935,90,0.17168210446834564
1565120385.4874992,91,0.15007716417312622
1565120404.7090442,92,0.11419752985239029
1565120424.3338566,93,0.2079475373029709
1565120444.4429815,94,0.1558641940355301
1565120464.5133202,95,0.1523919701576233
1565120484.1334825,96,0.1732253134250641
1565120503.2925768,97,0.09760802239179611
1565120522.4470236,98,0.20949074625968933
1565120542.5112152,99,0.17785494029521942
1565120562.8181841,100,0.09992283582687378
1565120582.9128778,101,0.11342592537403107
1565120602.12593,102,0.1875
1565120621.634544,103,0.19868826866149902
1565120641.587115,104,0.20717592537403107
1565120661.463734,105,0.11033950746059418
1565120680.9818158,106,0.24035494029521942
1565120700.1653402,107,0.24884259700775146
1565120720.3315866,108,0.09760802239179611
1565120740.6283553,109,0.32870370149612427
1565120760.5816264,110,0.1419753134250641
1565120780.8075292,111,0.25578704476356506
1565120800.6016054,112,0.2716049253940582
1565120819.8163192,113,0.11689814925193787
1565120839.4698482,114,0.21952161192893982
1565120858.7455952,115,0.17554011940956116
1565120879.0340743,116,0.18904320895671844
1565120898.3462107,117,0.22376543283462524
1565120917.4751065,118,0.3371913433074951
1565120936.6339166,119,0.2079475373029709
1565120956.697245,120,0.34259259700775146
1565120976.634668,121,0.2912808656692505
1565120996.62547,122,0.19212962687015533
1565121015.9785075,123,0.1909722238779068
1565121035.1388137,124,0.2191358059644699
1565121055.3387883,125,0.08757716417312622
1565121074.9884706,126,0.1871141940355301
1565121094.8757417,127,0.2874228358268738
1565121115.1116412,128,0.2878086566925049
1565121134.9774845,129,0.3090277910232544
1565121154.6311617,130,0.22762346267700195
1565121174.8744724,131,0.2044753134250641
1565121194.7728956,132,0.15625
1565121214.9182665,133,0.2951388955116272
1565121235.164003,134,0.3364197611808777
1565121254.3490176,135,0.16936728358268738
1565121273.5700853,136,0.25192901492118835
1565121293.828488,137,0.2083333283662796
1565121314.0185535,138,0.2538580298423767
1565121334.2876904,139,0.20370370149612427
1565121354.5003815,140,0.28703704476356506
1565121374.5012393,141,0.08834876865148544
1565121425.8475578,142,0.1628086417913437
1565121445.76609,143,0.31134259700775146
1565121465.977301,144,0.24382716417312622
1565121486.1929858,145,0.1940586417913437
1565121506.4593997,146,0.1979166716337204
1565121525.745807,147,0.28240740299224854
1565121545.7868266,148,0.1315586417913437
1565121565.2487755,149,0.24151234328746796
1565121584.6874936,150,0.2631172835826874
1565121604.1356413,151,0.2087191343307495
1565121624.1606226,152,0.1805555522441864
1565121643.341394,153,0.2322530895471573
1565121662.9843655,154,0.19212962687015533
1565121683.0367072,155,0.12924382090568542
1565121702.6470182,156,0.17901234328746796
1565121722.8886971,157,0.2465277761220932
1565121742.126343,158,0.2291666716337204
1565121761.8460708,159,0.2226080298423767
1565121782.084923,160,0.3263888955116272
1565121802.0929828,161,0.24151234328746796
1565121822.1395106,162,0.1558641940355301
1565121842.379299,163,0.22762346267700195
1565121862.637573,164,0.2260802537202835
1565121882.3801765,165,0.2152777761220932
1565121902.490174,166,0.2364969104528427
1565121922.658463,167,0.20679011940956116
1565121942.9693162,168,0.2260802537202835
1565121963.149698,169,0.14467592537403107
1565121982.8809886,170,0.19560185074806213
1565122002.8270836,171,0.17939814925193787
1565122022.514563,172,0.26620370149612427
1565122042.2179651,173,0.1732253134250641
1565122061.3879259,174,0.2538580298423767
1565122080.852605,175,0.21720679104328156
1565122101.171866,176,0.27276235818862915
1565122121.4661033,177,0.24035494029521942
1565122141.485768,178,0.22993826866149902
1565122161.210921,179,0.19598765671253204
1565122180.755734,180,0.1983024626970291
1565122200.3170247,181,0.2889660596847534
1565122220.729319,182,0.26890432834625244
1565122240.2735028,183,0.24228395521640778
1565122260.2917626,184,0.2839506268501282
1565122280.5377393,185,0.38348764181137085
1565122300.3400633,186,0.3433642089366913
1565122320.5732338,187,0.3545524775981903
1565122340.5435627,188,0.31442901492118835
1565122360.8785,189,0.23109567165374756
1565122380.8273547,190,0.33140432834625244
1565122400.0610938,191,0.332561731338501
1565122420.3758538,192,0.21797838807106018
1565122439.920264,193,0.31481480598449707
1565122460.057993,194,0.39776235818862915
1565122480.392613,195,0.266589492559433
1565122499.9079535,196,0.19251543283462524
1565122519.6336293,197,0.28125
1565122539.134791,198,0.33834877610206604
1565122559.6776402,199,0.2083333283662796
