Wall time,Step,Value
1565118587.521767,0,0.30333930253982544
1565118605.55021,1,0.17155103385448456
1565118623.555193,2,0.27579745650291443
1565118641.4924035,3,0.24927233159542084
1565118659.350678,4,0.3298843801021576
1565118677.3314545,5,0.2056519091129303
1565118695.2428553,6,0.2530701756477356
1565118713.0785944,7,0.35259169340133667
1565118731.051229,8,0.27010565996170044
1565118749.0259898,9,0.37062400579452515
1565118766.8915188,10,0.36691588163375854
1565118784.7618773,11,0.2264852523803711
1565118802.693114,12,0.14784689247608185
1565118820.70284,13,0.1582934558391571
1565118838.5634983,14,0.21803230047225952
1565118856.5567899,15,0.14497607946395874
1565118874.5537107,16,0.20183412730693817
1565118892.5545652,17,0.14502592384815216
1565118910.508478,18,0.2871411442756653
1565118928.4462383,19,0.3213118016719818
1565118946.3100283,20,0.39049044251441956
1565118964.2222881,21,0.3715410828590393
1565118982.204046,22,0.3383971154689789
1565119000.1769931,23,0.27495014667510986
1565119018.0694082,24,0.402850866317749
1565119035.8903422,25,0.41421452164649963
1565119053.7588658,26,0.4293361306190491
1565119071.652329,27,0.38667264580726624
1565119089.5347817,28,0.4426734447479248
1565119107.4025836,29,0.43215709924697876
1565119125.2601814,30,0.35068780183792114
1565119143.1753793,31,0.41324761509895325
1565119161.1095858,32,0.464473694562912
1565119179.0332794,33,0.43403109908103943
1565119196.9211433,34,0.4644537568092346
1565119214.7308202,35,0.2967105209827423
1565119232.6562629,36,0.4313696026802063
1565119250.5229862,37,0.4426634907722473
1565119268.4986613,38,0.4038078188896179
1565119286.4214916,39,0.44738835096359253
1565119304.2613065,40,0.20003987848758698
1565119322.1507049,41,0.1137559786438942
1565119339.9999957,42,0.08443979173898697
1565119357.8946412,43,0.12031499296426773
1565119375.7697666,44,0.1374003142118454
1565119393.6990476,45,0.14405901730060577
1565119411.6320589,46,0.14599283039569855
1565119429.5216255,47,0.13939394056797028
1565119447.4623795,48,0.1525518298149109
1565119465.448318,49,0.15741626918315887
1565119483.424111,50,0.14888356626033783
1565119501.3568819,51,0.16013756394386292
1565119519.298363,52,0.17443181574344635
1565119537.2320204,53,0.18482854962348938
1565119555.1919212,54,0.2123604416847229
1565119573.0294724,55,0.1962519884109497
1565119590.8884864,56,0.14882376790046692
1565119608.8023365,57,0.16870015859603882
1565119626.7138407,58,0.23224681615829468
1565119644.5236864,59,0.2056419402360916
1565119662.5123446,60,0.20847289264202118
1565119680.392887,61,0.23598484694957733
1565119698.287554,62,0.2701156437397003
1565119716.148737,63,0.16594895720481873
1565119734.0598376,64,0.24362041056156158
1565119752.0325246,65,0.20184409618377686
1565119770.0266914,66,0.23795853555202484
1565119788.027463,67,0.2265550196170807
1565119805.9821548,68,0.17347487807273865
1565119823.880784,69,0.18196770548820496
1565119841.7204385,70,0.1980362832546234
1565119859.6185794,71,0.29951155185699463
1565119877.6228857,72,0.22279705107212067
1565119895.5367572,73,0.2151614874601364
1565119913.3516266,74,0.19526514410972595
1565119931.3034685,75,0.21049641072750092
1565119949.2262845,76,0.16109450161457062
1565119967.240884,77,0.2587719261646271
1565119985.1816294,78,0.1962519884109497
1565120002.9962924,79,0.16112440824508667
1565120020.9036717,80,0.25405701994895935
1565120038.8021443,81,0.17726275324821472
1565120056.796246,82,0.2568879723548889
1565120074.743907,83,0.20005980134010315
1565120092.7241673,84,0.15447567403316498
1565120110.6642816,85,0.15163476765155792
1565120128.6260202,86,0.14025118947029114
1565120146.6050413,87,0.15640948712825775
1565120164.5680153,88,0.2246311753988266
1565120182.448696,89,0.16214114427566528
1565120200.3700924,90,0.14688995480537415
1565120218.2682378,91,0.1345793455839157
1565120236.2555578,92,0.21327751874923706
1565120254.1475432,93,0.20944976806640625
1565120271.9607537,94,0.14497607946395874
1565120289.8419085,95,0.22274720668792725
1565120307.820836,96,0.15642942488193512
1565120325.701034,97,0.12981459498405457
1565120343.600998,98,0.15738636255264282
1565120361.4395745,99,0.13271531462669373
1565120379.312958,100,0.17726275324821472
1565120397.142235,101,0.24460725486278534
1565120415.0700293,102,0.19624201953411102
1565120432.9611075,103,0.21328747272491455
1565120450.8518817,104,0.2009768784046173
1565120468.6703494,105,0.14032097160816193
1565120486.593422,106,0.27963516116142273
1565120504.574367,107,0.15264154970645905
1565120522.5952573,108,0.2587719261646271
1565120540.4620788,109,0.22848883271217346
1565120558.3116393,110,0.18578548729419708
1565120576.2151349,111,0.26448366045951843
1565120594.1558921,112,0.23419058322906494
1565120612.061885,113,0.2928827702999115
1565120629.9847126,114,0.19709928333759308
1565120647.8395116,115,0.260675847530365
1565120665.6552606,116,0.3355661928653717
1565120683.6012714,117,0.32601675391197205
1565120701.4485996,118,0.23316387832164764
1565120719.315782,119,0.29669058322906494
1565120737.1697154,120,0.23982256650924683
1565120755.0008302,121,0.1706339716911316
1565120772.9247546,122,0.17156100273132324
1565120790.8195832,123,0.2123604416847229
1565120808.722951,124,0.2957535982131958
1565120826.650739,125,0.24266347289085388
1565120844.570855,126,0.21613836288452148
1565120862.4889665,127,0.19243420660495758
1565120880.355107,128,0.34973084926605225
1565120898.225495,129,0.33925437927246094
1565120916.0826004,130,0.3791567087173462
1565120933.9118452,131,0.28908494114875793
1565120951.8127644,132,0.2843799889087677
1565120969.6523566,133,0.21711523830890656
1565120987.5520477,134,0.3061901926994324
1565121005.5132787,135,0.317484050989151
1565121023.404364,136,0.2891247868537903
1565121041.251535,137,0.3203448951244354
1565121059.2238715,138,0.3023425042629242
1565121077.0466626,139,0.33367225527763367
1565121094.8380578,140,0.3478468954563141
1565121112.6716204,141,0.22651514410972595
1565121130.490767,142,0.2673743963241577
1565121148.453776,143,0.3356858193874359
1565121166.3508604,144,0.28051236271858215
1565121184.1974165,145,0.3933911621570587
1565121202.0991442,146,0.2397727221250534
1565121220.0388265,147,0.3250398635864258
1565121237.9126184,148,0.3507974445819855
1565121255.7478178,149,0.2502591609954834
1565121273.6870036,150,0.1952252835035324
1565121291.6207902,151,0.30902114510536194
1565121309.5522761,152,0.36206141114234924
1565121327.532516,153,0.34505581855773926
1565121345.4482908,154,0.24830542504787445
1565121363.3428595,155,0.3052731156349182
1565121424.613373,156,0.34217503666877747
1565121442.520917,157,0.3147328495979309
1565121460.360436,158,0.3232157230377197
1565121478.2415454,159,0.2625398635864258
1565121496.150137,160,0.35733652114868164
1565121514.013511,161,0.3308313488960266
1565121531.9633467,162,0.33747008442878723
1565121549.8015423,163,0.3270135521888733
1565121567.7493808,164,0.3838716149330139
1565121585.6750994,165,0.43228667974472046
1565121603.5550163,166,0.3298843801021576
1565121621.4066267,167,0.3962021470069885
1565121639.2495055,168,0.39624202251434326
1565121657.0730207,169,0.4075159430503845
1565121675.005735,170,0.3013955354690552
1565121692.94023,171,0.35744616389274597
1565121710.8749473,172,0.31176236271858215
1565121728.7397852,173,0.3724481761455536
1565121746.5817766,174,0.21423445641994476
1565121764.4939072,175,0.3734549582004547
1565121782.4679372,176,0.42282694578170776
1565121800.437951,177,0.3440191447734833
1565121818.458797,178,0.4123205840587616
1565121836.4115255,179,0.3677830994129181
1565121854.3903437,180,0.3402212858200073
1565121872.302373,181,0.3611243963241577
1565121890.2521737,182,0.4322567880153656
1565121908.1417239,183,0.37917664647102356
1565121926.0023623,184,0.44934210181236267
1565121943.971852,185,0.4104665219783783
1565121961.8376148,186,0.40097686648368835
1565121979.7897785,187,0.3441387414932251
1565121997.6539032,188,0.4454246461391449
1565122015.554843,189,0.36116427183151245
1565122033.5296626,190,0.4719298183917999
1565122051.512522,191,0.3743520677089691
1565122069.3710546,192,0.3251993656158447
1565122087.2234955,193,0.4502691328525543
1565122105.140723,194,0.39619219303131104
1565122123.021716,195,0.5052631497383118
1565122140.8679998,196,0.31950756907463074
1565122159.3402257,197,0.40762558579444885
1565122177.379624,198,0.3753189742565155
1565122195.7876828,199,0.3279804587364197
