Wall time,Step,Value
1565118587.3962207,0,0.20206093788146973
1565118605.3310573,1,0.20889337360858917
1565118623.2755558,2,0.18122759461402893
1565118641.2018838,3,0.29405614733695984
1565118659.1808481,4,0.2965949773788452
1565118677.1236064,5,0.23898595571517944
1565118695.055888,6,0.2974163591861725
1565118713.0138476,7,0.11249253153800964
1565118730.9644804,8,0.13552866876125336
1565118748.9177,9,0.1765979677438736
1565118766.873327,10,0.19302569329738617
1565118784.8364744,11,0.19604988396167755
1565118802.7786112,12,0.18298237025737762
1565118820.7540631,13,0.18447580933570862
1565118838.7137492,14,0.21639785170555115
1565118856.6553538,15,0.23006272315979004
1565118874.5872536,16,0.2299507111310959
1565118892.505628,17,0.2507840394973755
1565118910.4811683,18,0.18040621280670166
1565118928.471239,19,0.11966098845005035
1565118946.7175796,20,0.1698775440454483
1565118964.9382155,21,0.14975358545780182
1565118983.186622,22,0.12313321232795715
1565119001.2404156,23,0.15636201202869415
1565119019.1123168,24,0.20878136157989502
1565119036.9038136,25,0.19082288444042206
1565119054.7797334,26,0.21721923351287842
1565119072.5857165,27,0.19407108426094055
1565119090.4260855,28,0.1822730004787445
1565119108.292005,29,0.20101553201675415
1565119126.1369197,30,0.14826016128063202
1565119143.9499803,31,0.20183691382408142
1565119161.7241995,32,0.22405166923999786
1565119179.5652456,33,0.1907108724117279
1565119197.3876684,34,0.19407108426094055
1565119215.1960022,35,0.2592219114303589
1565119233.0139623,36,0.2750895917415619
1565119250.8421512,37,0.23204152286052704
1565119268.7068708,38,0.27497759461402893
1565119286.5672972,39,0.3052942156791687
1565119304.4287803,40,0.3098118305206299
1565119322.256462,41,0.23122012615203857
1565119340.1046958,42,0.33594682812690735
1565119357.93593,43,0.2973043620586395
1565119375.7911396,44,0.286663681268692
1565119393.6856117,45,0.2507840394973755
1565119411.5091136,46,0.30712366104125977
1565119429.365053,47,0.34613949060440063
1565119447.1978137,48,0.3256421685218811
1565119465.016587,49,0.14848417043685913
1565119482.8446832,50,0.11238052695989609
1565119500.6447709,51,0.11491935700178146
1565119518.5114381,52,0.17208035290241241
1565119536.3698623,53,0.1230212077498436
1565119554.18567,54,0.1939590871334076
1565119572.0175798,55,0.1642025113105774
1565119589.852727,56,0.1703629046678543
1565119607.644616,57,0.1892174482345581
1565119625.492705,58,0.14292114973068237
1565119643.3790925,59,0.14512395858764648
1565119661.2377892,60,0.18481183052062988
1565119679.0639467,61,0.15091098845005035
1565119696.8920348,62,0.15669803321361542
1565119714.6794956,63,0.12765084207057953
1565119732.4864843,64,0.14142771065235138
1565119750.3483996,65,0.11607675999403
1565119768.1508026,66,0.12660543620586395
1565119785.9891722,67,0.14374253153800964
1565119803.8539248,68,0.12892025709152222
1565119821.7263336,69,0.16039426624774933
1565119839.627675,70,0.14893220365047455
1565119857.4621947,71,0.22625447809696198
1565119875.292175,72,0.17140831053256989
1565119893.1235788,73,0.17428314685821533
1565119910.9562027,74,0.20795997977256775
1565119928.8172684,75,0.17648595571517944
1565119946.6728492,76,0.20344235002994537
1565119964.4857073,77,0.12880824506282806
1565119982.3735564,78,0.20415173470973969
1565120000.2199326,79,0.15934886038303375
1565120018.0332668,80,0.1835424154996872
1565120035.8724744,81,0.15658602118492126
1565120053.739204,82,0.22405166923999786
1565120071.5220733,83,0.23204152286052704
1565120089.310317,84,0.2601553201675415
1565120107.194167,85,0.35898298025131226
1565120125.063336,86,0.12081839889287949
1565120142.930347,87,0.11827956885099411
1565120160.7645242,88,0.23491637408733368
1565120178.6135633,89,0.24268220365047455
1565120196.4417758,90,0.2534348964691162
1565120214.2350914,91,0.28909051418304443
1565120232.0111945,92,0.2464904487133026
1565120249.8504982,93,0.14176374673843384
1565120267.7306,94,0.23133213818073273
1565120285.6082022,95,0.3063395917415619
1565120303.424065,96,0.3353494703769684
1565120321.3287241,97,0.30447283387184143
1565120339.104095,98,0.29928314685821533
1565120356.9391782,99,0.39195042848587036
1565120374.874594,100,0.30667561292648315
1565120392.7447662,101,0.33770161867141724
1565120410.5969021,102,0.34707286953926086
1565120428.5104795,103,0.37391725182533264
1565120446.3468184,104,0.27266278862953186
1565120464.099356,105,0.1195489838719368
1565120482.0240862,106,0.17069892585277557
1565120499.9397619,107,0.13817951083183289
1565120517.727169,108,0.11249253153800964
1565120535.4908152,109,0.13354988396167755
1565120553.2788506,110,0.15124700963497162
1565120571.1453424,111,0.19974611699581146
1565120588.9760196,112,0.20922939479351044
1565120606.9033928,113,0.2271878719329834
1565120624.8200376,114,0.20553314685821533
1565120642.6229458,115,0.17323775589466095
1565120660.5621474,116,0.28804510831832886
1565120678.426427,117,0.33837366104125977
1565120696.3325655,118,0.20206093788146973
1565120714.1903458,119,0.20448775589466095
1565120732.0344982,120,0.2729988098144531
1565120749.9740565,121,0.30148595571517944
1565120767.8964071,122,0.3102971911430359
1565120785.7838378,123,0.3460274934768677
1565120803.6825836,124,0.34162187576293945
1565120821.5075943,125,0.2783378064632416
1565120839.2969224,126,0.3695116341114044
1565120857.140482,127,0.3752986788749695
1565120874.960432,128,0.3519265353679657
1565120892.8535945,129,0.4217069745063782
1565120910.7128425,130,0.24383960664272308
1565120928.6199577,131,0.19754330813884735
1565120946.5118904,132,0.1926896721124649
1565120964.4367723,133,0.21617384254932404
1565120982.2540486,134,0.23700717091560364
1565121000.1817336,135,0.23794056475162506
1565121017.9693553,136,0.20542114973068237
1565121035.8878691,137,0.17069892585277557
1565121053.7930014,138,0.22162485122680664
1565121071.7121916,139,0.24268220365047455
1565121089.5975955,140,0.24615442752838135
1565121107.4815001,141,0.27068400382995605
1565121125.403463,142,0.23099611699581146
1565121143.3155408,143,0.29719236493110657
1565121161.1922357,144,0.19164426624774933
1565121179.1101801,145,0.21016278862953186
1565121196.992627,146,0.23551374673843384
1565121214.9060085,147,0.17637395858764648
1565121232.6547093,148,0.17741934955120087
1565121250.503838,149,0.20922939479351044
1565121268.4216695,150,0.218264639377594
1565121286.3418365,151,0.17196834087371826
1565121304.1153226,152,0.2787858545780182
1565121321.9516332,153,0.26594236493110657
1565121339.8135514,154,0.35655614733695984
1565121357.749437,155,0.11469534039497375
1565121424.5112758,156,0.20206093788146973
1565121442.3843906,157,0.2045997679233551
1565121460.2856226,158,0.25160542130470276
1565121478.1377103,159,0.23110812902450562
1565121496.000614,160,0.3265755772590637
1565121513.8960195,161,0.26478493213653564
1565121531.716756,162,0.28457286953926086
1565121549.6073682,163,0.16132766008377075
1565121567.5610452,164,0.15912485122680664
1565121585.4792473,165,0.23271356523036957
1565121603.3586345,166,0.29357078671455383
1565121621.2128167,167,0.15934886038303375
1565121639.114216,168,0.2343563288450241
1565121656.9305985,169,0.32993578910827637
1565121674.7359884,170,0.3695116341114044
1565121692.5520496,171,0.3820191025733948
1565121710.4321213,172,0.26026731729507446
1565121728.3221574,173,0.26478493213653564
1565121746.1479592,174,0.31559887528419495
1565121764.0442522,175,0.31339606642723083
1565121781.8713586,176,0.17081093788146973
1565121799.6229997,177,0.19638590514659882
1565121817.4868803,178,0.20564515888690948
1565121835.3346164,179,0.19604988396167755
1565121853.1828659,180,0.21225358545780182
1565121870.991491,181,0.22416368126869202
1565121888.7763603,182,0.12313321232795715
1565121906.6223898,183,0.29498955607414246
1565121924.3712344,184,0.21027478575706482
1565121942.1945503,185,0.1753285527229309
1565121960.0536475,186,0.25134408473968506
1565121977.8981903,187,0.24593040347099304
1565121995.7471244,188,0.15091098845005035
1565122013.5239882,189,0.12985365092754364
1565122031.3393648,190,0.18249700963497162
1565122049.1260812,191,0.19903673231601715
1565122066.9684043,192,0.140382319688797
1565122084.8066344,193,0.1974312961101532
1565122102.6663601,194,0.13956093788146973
1565122120.4771428,195,0.202882319688797
1565122138.2709804,196,0.2532108724117279
1565122156.1387262,197,0.2390979677438736
1565122174.0228767,198,0.18794803321361542
1565122191.8823414,199,0.28408750891685486
