Wall time,Step,Value
1565118587.8548558,0,0.24578703939914703
1565118606.4562824,1,0.16958333551883698
1565118625.000964,2,0.1922222226858139
1565118643.568647,3,0.1720370352268219
1565118662.1500971,4,0.22194445133209229
1565118680.6161797,5,0.20291666686534882
1565118699.1627083,6,0.24819444119930267
1565118717.7001812,7,0.22291666269302368
1565118736.2315333,8,0.3613888919353485
1565118754.8848817,9,0.16939814388751984
1565118773.4378574,10,0.20601852238178253
1565118792.017887,11,0.10759259015321732
1565118810.54643,12,0.18064814805984497
1565118829.090019,13,0.21287037432193756
1565118847.7093775,14,0.23731482028961182
1565118866.380871,15,0.21995370090007782
1565118884.9829173,16,0.24578703939914703
1565118903.5069213,17,0.24773147702217102
1565118922.0535467,18,0.27796295285224915
1565118940.7411838,19,0.3103703558444977
1565118959.3706772,20,0.3513425886631012
1565118977.9325001,21,0.3024074137210846
1565118996.4464183,22,0.36888888478279114
1565119015.026416,23,0.2999536991119385
1565119033.52302,24,0.32374998927116394
1565119052.0875971,25,0.380092591047287
1565119070.5940633,26,0.3097222149372101
1565119089.1881065,27,0.4014351963996887
1565119107.7338161,28,0.3832870423793793
1565119126.2955465,29,0.37865740060806274
1565119144.8897035,30,0.36606481671333313
1565119163.4361389,31,0.4030555486679077
1565119182.0067117,32,0.389212965965271
1565119200.4371243,33,0.4002777636051178
1565119218.9627597,34,0.39976853132247925
1565119237.5139933,35,0.37675926089286804
1565119256.0026631,36,0.4071759283542633
1565119274.5350797,37,0.3850463032722473
1565119293.1085587,38,0.38374999165534973
1565119311.6310656,39,0.41398146748542786
1565119330.1344745,40,0.3207870423793793
1565119348.7579436,41,0.3655555546283722
1565119367.310912,42,0.3642129600048065
1565119385.9235737,43,0.42750000953674316
1565119404.5153544,44,0.4249074161052704
1565119423.1114576,45,0.40856480598449707
1565119441.6857626,46,0.3791203796863556
1565119460.2458389,47,0.37134259939193726
1565119478.7933185,48,0.37861111760139465
1565119497.321867,49,0.43763887882232666
1565119515.8373008,50,0.4144907295703888
1565119534.4752061,51,0.4191203713417053
1565119553.0857568,52,0.40078702569007874
1565119571.652904,53,0.3901388943195343
1565119590.193638,54,0.37962964177131653
1565119608.677985,55,0.4065277874469757
1565119627.2581327,56,0.445416659116745
1565119645.8715186,57,0.40013888478279114
1565119664.5389402,58,0.45064815878868103
1565119683.0964575,59,0.43861111998558044
1565119701.6626332,60,0.4148148000240326
1565119720.2108314,61,0.3867592513561249
1565119738.787398,62,0.40708333253860474
1565119757.4007497,63,0.43666666746139526
1565119775.9092603,64,0.4156481623649597
1565119794.3989887,65,0.4687037169933319
1565119812.9916813,66,0.44175925850868225
1565119831.5884883,67,0.45314815640449524
1565119850.1306357,68,0.3251851797103882
1565119868.6941972,69,0.4412963092327118
1565119887.2299905,70,0.4507870376110077
1565119905.8127303,71,0.3892592489719391
1565119924.3255427,72,0.4478703737258911
1565119942.8764803,73,0.43296295404434204
1565119961.516929,74,0.4428703784942627
1565119980.0253632,75,0.4696759283542633
1565119998.6243417,76,0.4377777874469757
1565120017.2163124,77,0.4384722113609314
1565120035.7766104,78,0.2799537181854248
1565120054.4019096,79,0.07851851731538773
1565120073.0143197,80,0.12263888865709305
1565120091.5978851,81,0.1619444489479065
1565120110.1513941,82,0.16740740835666656
1565120128.8070257,83,0.1634722203016281
1565120147.3738945,84,0.15981481969356537
1565120165.9048007,85,0.1470833271741867
1565120184.3756309,86,0.13421295583248138
1565120202.9760215,87,0.14226852357387543
1565120221.5306416,88,0.1647685170173645
1565120240.0948567,89,0.17537036538124084
1565120258.7036817,90,0.16625000536441803
1565120277.2221737,91,0.15416666865348816
1565120295.6926436,92,0.13898147642612457
1565120314.204506,93,0.12921296060085297
1565120332.6728754,94,0.15865740180015564
1565120351.2405658,95,0.14925925433635712
1565120369.7611988,96,0.13550925254821777
1565120388.2985392,97,0.14148147404193878
1565120406.926741,98,0.15550926327705383
1565120425.5616698,99,0.13236111402511597
1565120444.1137033,100,0.13500000536441803
1565120462.6563923,101,0.1474074125289917
1565120481.2746108,102,0.14824074506759644
1565120499.8467855,103,0.13685184717178345
1565120518.3456204,104,0.1306944489479065
1565120536.9175012,105,0.1502314805984497
1565120555.5920355,106,0.15601852536201477
1565120574.1148815,107,0.15171296894550323
1565120592.7931108,108,0.12740740180015564
1565120611.3959146,109,0.14759258925914764
1565120629.957565,110,0.1426388919353485
1565120648.5676653,111,0.12921296060085297
1565120667.1753328,112,0.12361110746860504
1565120685.8491557,113,0.16592592000961304
1565120704.4954743,114,0.13055555522441864
1565120723.0320067,115,0.13833333551883698
1565120741.5145411,116,0.1474074125289917
1565120760.0997112,117,0.12379629909992218
1565120778.6862388,118,0.1470833271741867
1565120797.207797,119,0.1644444465637207
1565120815.7563562,120,0.1382870376110077
1565120834.3908634,121,0.1287499964237213
1565120852.908728,122,0.14412036538124084
1565120871.4124959,123,0.13189814984798431
1565120889.9299967,124,0.1619444489479065
1565120908.5281775,125,0.13157407939434052
1565120927.161448,126,0.12893518805503845
1565120945.7423394,127,0.15763889253139496
1565120964.3000271,128,0.13249999284744263
1565120982.7857583,129,0.12824073433876038
1565121001.327367,130,0.14509259164333344
1565121019.9330575,131,0.13268518447875977
1565121038.529209,132,0.12361110746860504
1565121057.09339,133,0.13800926506519318
1565121075.7284813,134,0.14083333313465118
1565121094.2378361,135,0.15319444239139557
1565121112.7710505,136,0.13717593252658844
1565121131.2862947,137,0.12805555760860443
1565121149.875291,138,0.14444445073604584
1565121168.405059,139,0.14245370030403137
1565121187.0239732,140,0.13467592000961304
1565121205.7126317,141,0.13023148477077484
1565121224.2784832,142,0.12791666388511658
1565121242.7316434,143,0.13467592000961304
1565121261.2658584,144,0.13203704357147217
1565121279.8608236,145,0.13268518447875977
1565121298.4439664,146,0.1338425874710083
1565121316.9442055,147,0.14513888955116272
1565121335.4948144,148,0.14888888597488403
1565121353.999327,149,0.14430555701255798
1565121372.4873493,150,0.14310185611248016
1565121425.3138156,151,0.14921295642852783
1565121443.827113,152,0.1196296289563179
1565121462.3195221,153,0.15694443881511688
1565121480.927699,154,0.16111111640930176
1565121499.514171,155,0.11736111342906952
1565121518.069187,156,0.1391666680574417
1565121536.5395968,157,0.1407870352268219
1565121555.0920277,158,0.13648147881031036
1565121573.5315893,159,0.15287037193775177
1565121592.1182377,160,0.14939814805984497
1565121610.6037161,161,0.12347222119569778
1565121629.1729298,162,0.1467592567205429
1565121647.710079,163,0.15736110508441925
1565121666.3291044,164,0.1637962907552719
1565121684.8632753,165,0.13750000298023224
1565121703.40811,166,0.14606481790542603
1565121722.000809,167,0.165370374917984
1565121740.5697713,168,0.14592592418193817
1565121759.0862436,169,0.17134259641170502
1565121777.7372243,170,0.15004628896713257
1565121796.322291,171,0.1546759307384491
1565121814.8378706,172,0.1369907408952713
1565121833.331739,173,0.16078703105449677
1565121851.8584733,174,0.14624999463558197
1565121870.371514,175,0.16074074804782867
1565121888.940739,176,0.14032407104969025
1565121907.578848,177,0.1442592591047287
1565121926.1189811,178,0.14282406866550446
1565121944.7127116,179,0.15930555760860443
1565121963.151859,180,0.14342592656612396
1565121981.6479852,181,0.1411111056804657
1565122000.1169326,182,0.16143518686294556
1565122018.5597281,183,0.15416666865348816
1565122037.1404676,184,0.16277778148651123
1565122055.7703183,185,0.17217592895030975
1565122074.3231497,186,0.15865740180015564
1565122092.7527056,187,0.16245371103286743
1565122111.3476477,188,0.16527777910232544
1565122129.856008,189,0.1445833295583725
1565122148.4718757,190,0.16972222924232483
1565122169.6406186,191,0.16490741074085236
1565122188.2294426,192,0.1618981510400772
1565122206.9759786,193,0.16592592000961304
1565122225.7523477,194,0.16773147881031036
1565122244.4162307,195,0.16393518447875977
1565122263.3800182,196,0.15388889610767365
1565122282.214225,197,0.14810185134410858
1565122301.2093577,198,0.1584722250699997
1565122319.8096724,199,0.1660648137331009
