Wall time,Step,Value
1565118571.4660246,0,0.3512499928474426
1565118573.361269,1,0.38999998569488525
1565118575.1557438,2,0.4191666543483734
1565118576.947356,3,0.4391666650772095
1565118578.7393415,4,0.47187501192092896
1565118580.5419762,5,0.4533333480358124
1565118582.3368049,6,0.4662500023841858
1565118584.128965,7,0.46020832657814026
1565118585.9227219,8,0.4724999964237213
1565118587.7198083,9,0.47854167222976685
1565118589.516604,10,0.47749999165534973
1565118591.3140051,11,0.4808333218097687
1565118593.1127002,12,0.4868749976158142
1565118594.9129934,13,0.4816666543483734
1565118596.7147315,14,0.4741666615009308
1565118598.5150054,15,0.4925000071525574
1565118600.3157315,16,0.47083333134651184
1565118602.1159635,17,0.4970833361148834
1565118603.9189568,18,0.4754166603088379
1565118605.7218163,19,0.4918749928474426
1565118607.5242422,20,0.5027083158493042
1565118609.3280451,21,0.5141666531562805
1565118611.132488,22,0.5208333134651184
1565118612.9423883,23,0.5193750262260437
1565118614.747,24,0.4908333420753479
1565118616.555098,25,0.5168750286102295
1565118618.3615084,26,0.5193750262260437
1565118620.1703596,27,0.5395833253860474
1565118621.983745,28,0.5131250023841858
1565118623.7903802,29,0.512291669845581
1565118625.599287,30,0.4918749928474426
1565118627.4095392,31,0.49270832538604736
1565118629.2201371,32,0.49541667103767395
1565118631.029809,33,0.4964583218097687
1565118632.8381705,34,0.534583330154419
1565118634.6462824,35,0.5045833587646484
1565118636.4554236,36,0.5360416769981384
1565118638.264731,37,0.51583331823349
1565118640.07525,38,0.5452083349227905
1565118641.885157,39,0.5091666579246521
1565118643.6947389,40,0.5406249761581421
1565118645.5033388,41,0.5008333325386047
1565118647.3138084,42,0.534583330154419
1565118649.123259,43,0.5193750262260437
1565118650.934125,44,0.51541668176651
1565118652.745871,45,0.534583330154419
1565118654.5544896,46,0.5416666865348816
1565118656.366422,47,0.5370833277702332
1565118658.1771054,48,0.5370833277702332
1565118659.9872499,49,0.5387499928474426
1565118661.7994657,50,0.5297916531562805
1565118663.6124773,51,0.5222916603088379
1565118665.4271972,52,0.5195833444595337
1565118667.2418768,53,0.5170833468437195
1565118669.0566392,54,0.5147916674613953
1565118670.8689294,55,0.528333306312561
1565118672.6798978,56,0.5545833110809326
1565118674.4933486,57,0.5429166555404663
1565118676.3078825,58,0.5062500238418579
1565118678.1228743,59,0.5368750095367432
1565118679.9371333,60,0.5541666746139526
1565118681.7504082,61,0.5485416650772095
1565118683.5640264,62,0.5104166865348816
1565118685.379376,63,0.5460416674613953
1565118687.1937637,64,0.5616666674613953
1565118689.0104182,65,0.5285416841506958
1565118690.8248737,66,0.5652083158493042
1565118692.6393235,67,0.5506250262260437
1565118694.453924,68,0.5208333134651184
1565118696.2701542,69,0.5758333206176758
1565118698.085247,70,0.5372916460037231
1565118699.8991158,71,0.5635416507720947
1565118701.7119303,72,0.5487499833106995
1565118703.5273554,73,0.5412499904632568
1565118705.3414252,74,0.5506250262260437
1565118707.1583314,75,0.54708331823349
1565118708.9730937,76,0.559583306312561
1565118710.788202,77,0.5425000190734863
1565118712.6005309,78,0.5868750214576721
1565118714.41795,79,0.5797916650772095
1565118716.2329597,80,0.5514583587646484
1565118718.0470564,81,0.5479166507720947
1565118719.861078,82,0.5666666626930237
1565118721.6775672,83,0.5808333158493042
1565118723.4943607,84,0.5743749737739563
1565118725.3110871,85,0.6068750023841858
1565118727.1255393,86,0.5802083611488342
1565118728.9376893,87,0.5858333110809326
1565118730.7511098,88,0.5581250190734863
1565118732.572916,89,0.5550000071525574
1565118734.3905902,90,0.5979166626930237
1565118736.205228,91,0.5649999976158142
1565118738.019831,92,0.6004166603088379
1565118739.833115,93,0.5849999785423279
1565118741.647104,94,0.5606250166893005
1565118743.4647713,95,0.57833331823349
1565118745.2791638,96,0.57791668176651
1565118747.0926354,97,0.5762500166893005
1565118748.9062984,98,0.6156250238418579
1565118750.7197893,99,0.6072916388511658
1565118752.5326655,100,0.6058333516120911
1565118754.3483014,101,0.5972916483879089
1565118756.1628954,102,0.606041669845581
1565118757.980491,103,0.5958333611488342
1565118759.79551,104,0.6029166579246521
1565118761.6099322,105,0.6114583611488342
1565118763.4243057,106,0.6181250214576721
1565118765.236839,107,0.6120833158493042
1565118767.052211,108,0.6083333492279053
1565118768.8669405,109,0.5997916460037231
1565118770.6808205,110,0.6029166579246521
1565118772.4976072,111,0.5952083468437195
1565118774.313749,112,0.6310416460037231
1565118776.1281655,113,0.612708330154419
1565118777.9422991,114,0.596666693687439
1565118779.75791,115,0.5672916769981384
1565118781.572978,116,0.6106250286102295
1565118783.3875868,117,0.612708330154419
1565118785.2025335,118,0.6145833134651184
1565118787.0174363,119,0.6181250214576721
1565118788.832953,120,0.6079166531562805
1565118790.6479247,121,0.60958331823349
1565118792.4628851,122,0.5485416650772095
1565118794.2771244,123,0.6141666769981384
1565118796.0933785,124,0.5912500023841858
1565118797.9072576,125,0.6183333396911621
1565118799.7225173,126,0.6291666626930237
1565118801.540096,127,0.6006249785423279
1565118803.353989,128,0.612500011920929
1565118805.1684306,129,0.6172916889190674
1565118806.982867,130,0.6058333516120911
1565118808.7970335,131,0.5764583349227905
1565118810.6144326,132,0.6472916603088379
1565118812.4372854,133,0.6354166865348816
1565118814.248905,134,0.62520831823349
1565118816.0620363,135,0.6225000023841858
1565118817.8763885,136,0.5402083396911621
1565118819.6933522,137,0.6204166412353516
1565118821.5079439,138,0.6395833492279053
1565118823.3245819,139,0.6327083110809326
1565118825.1382527,140,0.6347916722297668
1565118826.9528344,141,0.6231250166893005
1565118828.7670648,142,0.6308333277702332
1565118830.5806665,143,0.6354166865348816
1565118832.3945382,144,0.5770833492279053
1565118834.2155647,145,0.637499988079071
1565118836.0286386,146,0.659583330154419
1565118837.84255,147,0.6337500214576721
1565118839.6562955,148,0.6493750214576721
1565118841.4708903,149,0.6172916889190674
1565118843.2840796,150,0.5927083492279053
1565118845.0993729,151,0.6177083253860474
1565118846.9130287,152,0.6458333134651184
1565118848.727234,153,0.6039583086967468
1565118850.5415423,154,0.6112499833106995
1565118852.356827,155,0.621666669845581
1565118854.1758797,156,0.6366666555404663
1565118855.9881217,157,0.6097916960716248
1565118857.803694,158,0.6454166769981384
1565118859.618652,159,0.6189583539962769
1565118861.4330792,160,0.6537500023841858
1565118863.2468593,161,0.6381250023841858
1565118865.0597818,162,0.6643750071525574
1565118866.8737352,163,0.6468750238418579
1565118868.6902251,164,0.6499999761581421
1565118870.5050232,165,0.6349999904632568
1565118872.3191628,166,0.6479166746139526
1565118874.132541,167,0.6627083420753479
1565118875.9473476,168,0.6766666769981384
1565118877.7610784,169,0.6304166913032532
1565118879.5750346,170,0.5391666889190674
1565118881.3900058,171,0.6614583134651184
1565118883.2038639,172,0.581458330154419
1565118885.0187602,173,0.6604166626930237
1565118886.833164,174,0.6583333611488342
1565118888.646587,175,0.6672916412353516
1565118890.4609263,176,0.6612499952316284
1565118892.275505,177,0.6489583253860474
1565118894.0911038,178,0.6495833396911621
1565118895.9419062,179,0.6504166722297668
1565118897.7566438,180,0.6272916793823242
1565118899.5704672,181,0.6308333277702332
1565118901.3848355,182,0.6835416555404663
1565118903.198839,183,0.62520831823349
1565118905.0127707,184,0.6635416746139526
1565118906.827753,185,0.6831250190734863
1565118908.6402555,186,0.62479168176651
1565118910.456649,187,0.6758333444595337
1565118912.2705266,188,0.6449999809265137
1565118914.0888577,189,0.62479168176651
1565118915.9046438,190,0.6743749976158142
1565118917.7193098,191,0.67208331823349
1565118919.5308158,192,0.6666666865348816
1565118921.3497782,193,0.6629166603088379
1565118923.1633966,194,0.6785416603088379
1565118924.9783578,195,0.6558333039283752
1565118926.790301,196,0.6524999737739563
1565118928.6022987,197,0.6418750286102295
1565118930.413572,198,0.6470833420753479
1565118932.2281694,199,0.6754166483879089
