Wall time,Step,Value
1565118572.7232995,0,0.3429557681083679
1565118574.4343288,1,0.29081133008003235
1565118576.1308482,2,0.3967803120613098
1565118577.8268406,3,0.40738025307655334
1565118579.5206015,4,0.4094269275665283
1565118581.222343,5,0.42152369022369385
1565118582.9212365,6,0.46438172459602356
1565118584.6183364,7,0.4474584460258484
1565118586.319656,8,0.4491996467113495
1565118588.0183241,9,0.48625367879867554
1565118589.7188904,10,0.45399561524391174
1565118591.4258878,11,0.49868646264076233
1565118593.1311262,12,0.5310667157173157
1565118594.834302,13,0.5072091817855835
1565118596.538612,14,0.4978311359882355
1565118598.2607753,15,0.5021688938140869
1565118599.9753351,16,0.5203445553779602
1565118601.686806,17,0.5062011480331421
1565118603.395148,18,0.528806209564209
1565118605.104418,19,0.5387341380119324
1565118606.81441,20,0.5425525307655334
1565118608.5350678,21,0.5197030901908875
1565118610.2484672,22,0.5290505886077881
1565118611.9656448,23,0.5005804300308228
1565118613.6804235,24,0.5329301357269287
1565118615.3950737,25,0.5193976163864136
1565118617.1110668,26,0.5261791348457336
1565118618.8296251,27,0.5593230724334717
1565118620.5466418,28,0.5394366979598999
1565118622.2657876,29,0.5098973512649536
1565118623.9876611,30,0.5315554738044739
1565118625.705767,31,0.5554741024971008
1565118627.4279816,32,0.5052847266197205
1565118629.1475775,33,0.578262448310852
1565118630.8663166,34,0.5944526195526123
1565118632.5847178,35,0.5593841671943665
1565118634.315995,36,0.5555351972579956
1565118636.039452,37,0.5448436141014099
1565118637.7761471,38,0.5443853735923767
1565118639.513535,39,0.5832722187042236
1565118641.251204,40,0.5735581517219543
1565118643.0022101,41,0.5708394646644592
1565118644.7645502,42,0.5628360509872437
1565118646.5025103,43,0.592650294303894
1565118648.2777023,44,0.5914589166641235
1565118650.0282147,45,0.5832722187042236
1565118651.814332,46,0.5611864328384399
1565118653.5869071,47,0.5878543257713318
1565118655.3256931,48,0.5594146847724915
1565118657.0765212,49,0.5772849321365356
1565118658.869007,50,0.5915200114250183
1565118660.6646116,51,0.587793231010437
1565118662.471898,52,0.6106732487678528
1565118664.2350616,53,0.5888013243675232
1565118666.0197656,54,0.6060300469398499
1565118667.787261,55,0.6069159507751465
1565118669.5219998,56,0.5756353735923767
1565118671.2794309,57,0.5839137434959412
1565118673.0188408,58,0.6219452619552612
1565118674.7811062,59,0.6170576810836792
1565118676.6145701,60,0.626893937587738
1565118678.448404,61,0.5706866979598999
1565118680.2551827,62,0.6097263097763062
1565118682.047445,63,0.601081371307373
1565118683.8139646,64,0.6164772510528564
1565118685.6067538,65,0.5981793999671936
1565118687.3614209,66,0.6571664214134216
1565118689.1084912,67,0.6126893758773804
1565118690.8937795,68,0.6077101826667786
1565118692.6764333,69,0.6269550323486328
1565118694.4349635,70,0.6335227489471436
1565118696.2165692,71,0.6447641849517822
1565118697.9939494,72,0.618493378162384
1565118699.7774832,73,0.6363025307655334
1565118701.5527732,74,0.6075574159622192
1565118703.3333435,75,0.5821114182472229
1565118705.09075,76,0.6419538259506226
1565118706.847601,77,0.6096652150154114
1565118708.6163795,78,0.615469217300415
1565118710.3854566,79,0.613605797290802
1565118712.1414006,80,0.6299181580543518
1565118713.8945312,81,0.6441226601600647
1565118715.6605601,82,0.6361803412437439
1565118717.4230292,83,0.6648032665252686
1565118719.2402654,84,0.6400598883628845
1565118720.9949617,85,0.633431077003479
1565118722.7567825,86,0.6460471749305725
1565118724.4965909,87,0.6563721895217896
1565118726.2600427,88,0.6487964391708374
1565118728.026122,89,0.6391434669494629
1565118729.7709193,90,0.6610459685325623
1565118731.5575995,91,0.6362720131874084
1565118733.3219297,92,0.6626955270767212
1565118735.0822299,93,0.6816349029541016
1565118736.8318207,94,0.6389907002449036
1565118738.5756547,95,0.6523399353027344
1565118740.3272214,96,0.6563110947608948
1565118742.0792563,97,0.6542338728904724
1565118743.859677,98,0.6355082988739014
1565118745.6306834,99,0.6401209831237793
1565118747.4171531,100,0.6410984992980957
1565118749.1847105,101,0.6591214537620544
1565118750.9447653,102,0.668743908405304
1565118752.6973956,103,0.631537139415741
1565118754.442413,104,0.6808711886405945
1565118756.195511,105,0.6762279868125916
1565118757.9625905,106,0.658113420009613
1565118759.7526336,107,0.649712860584259
1565118761.524032,108,0.6618402004241943
1565118763.2809033,109,0.6656585931777954
1565118765.0580096,110,0.6714931726455688
1565118766.821022,111,0.6600073575973511
1565118768.5798252,112,0.646719217300415
1565118770.3494349,113,0.6487964391708374
1565118772.0872045,114,0.6791605353355408
1565118773.8660192,115,0.6670026779174805
1565118775.6136417,116,0.6791300177574158
1565118777.377529,117,0.6689882874488831
1565118779.1575167,118,0.6345918774604797
1565118780.9137456,119,0.665780782699585
1565118782.7806675,120,0.6735703945159912
1565118784.5629456,121,0.6650171279907227
1565118786.293934,122,0.6780914068222046
1565118788.0270574,123,0.6591825485229492
1565118789.7849932,124,0.6838037371635437
1565118791.5486917,125,0.6846896409988403
1565118793.4100482,126,0.6685300469398499
1565118795.194819,127,0.6868890523910522
1565118796.926165,128,0.6553946733474731
1565118798.6654496,129,0.6829178929328918
1565118800.4190047,130,0.6665139198303223
1565118802.1654148,131,0.6685606241226196
1565118803.9121554,132,0.6637952327728271
1565118805.6654797,133,0.6875305771827698
1565118807.3956382,134,0.6724095940589905
1565118809.1294682,135,0.6914406418800354
1565118810.8678105,136,0.6808406710624695
1565118812.6138268,137,0.712243378162384
1565118814.3923264,138,0.682062566280365
1565118816.1687243,139,0.6808406710624695
1565118817.9342506,140,0.6912573575973511
1565118819.689215,141,0.6136668920516968
1565118821.4474444,142,0.6761363744735718
1565118823.2244487,143,0.6759530901908875
1565118824.9791179,144,0.7074779868125916
1565118826.7299793,145,0.6819097995758057
1565118828.4793303,146,0.6989552974700928
1565118830.221904,147,0.7056451439857483
1565118831.9693348,148,0.6872250437736511
1565118833.7384772,149,0.6855754852294922
1565118835.5058382,150,0.6942815184593201
1565118837.2587976,151,0.6751588582992554
1565118839.0061755,152,0.6400904059410095
1565118840.7539113,153,0.6970918774604797
1565118842.4959154,154,0.7066532373428345
1565118844.255659,155,0.7159396409988403
1565118845.996407,156,0.6838037371635437
1565118847.7362065,157,0.6888135671615601
1565118849.4719741,158,0.7065615653991699
1565118851.2460544,159,0.6884164214134216
1565118853.0106823,160,0.7162756323814392
1565118854.760326,161,0.680962860584259
1565118856.502549,162,0.6741202473640442
1565118858.2595983,163,0.6714320778846741
1565118860.0412292,164,0.7037512063980103
1565118861.7889528,165,0.6740285754203796
1565118863.5674806,166,0.7101967334747314
1565118865.3246067,167,0.7076001763343811
1565118867.0789108,168,0.6998717188835144
1565118868.8460114,169,0.6831316947937012
1565118870.596039,170,0.6983137726783752
1565118872.343464,171,0.6788856387138367
1565118874.0916598,172,0.6849951148033142
1565118875.9528015,173,0.6943426132202148
1565118877.7479718,174,0.655180811882019
1565118879.4836068,175,0.6930596232414246
1565118881.2209404,176,0.7029569745063782
1565118882.969341,177,0.6648949384689331
1565118884.7153738,178,0.7091581225395203
1565118886.4540675,179,0.6942510008811951
1565118888.2155688,180,0.6979472041130066
1565118889.9708352,181,0.6999328136444092
1565118891.729208,182,0.7091886401176453
1565118893.477466,183,0.6942815184593201
1565118895.216802,184,0.7197886109352112
1565118896.9540236,185,0.6779081225395203
1565118898.6856043,186,0.7132208943367004
1565118900.436024,187,0.7171615362167358
1565118902.1723454,188,0.7085776925086975
1565118903.9036002,189,0.7339625954627991
1565118905.6372306,190,0.6931818127632141
1565118907.3937926,191,0.7121822834014893
1565118909.126894,192,0.6981304883956909
1565118910.9344275,193,0.7123961448669434
1565118912.7145598,194,0.7037206888198853
1565118914.4957354,195,0.6812072396278381
1565118916.2771416,196,0.7171004414558411
1565118918.0382454,197,0.7274865508079529
1565118919.7975757,198,0.7285862565040588
1565118921.576546,199,0.7330767512321472
