Wall time,Step,Value
1565203701.68478,0,0.45838993787765503
1565203703.0355387,1,0.567764937877655
1565203704.163619,2,0.6177536249160767
1565203705.291977,3,0.6131114363670349
1565203706.419553,4,0.5967504382133484
1565203707.54699,5,0.6058650612831116
1565203708.6743207,6,0.6700633764266968
1565203709.8012538,7,0.6563066244125366
1565203710.9276361,8,0.64792799949646
1565203712.05519,9,0.6396625638008118
1565203713.1817338,10,0.6661005616188049
1565203714.308392,11,0.6495697498321533
1565203715.437313,12,0.6513247489929199
1565203716.56756,13,0.6925951242446899
1565203717.6981175,14,0.6879528760910034
1565203718.8271987,15,0.6812726259231567
1565203719.9555607,16,0.6740262508392334
1565203721.0836186,17,0.7068048119544983
1565203722.2115638,18,0.7283741235733032
1565203723.341918,19,0.7366961240768433
1565203724.4738529,20,0.7453011870384216
1565203725.6146424,21,0.7390171885490417
1565203726.745929,22,0.7498867511749268
1565203727.8781319,23,0.7788156867027283
1565203729.0095077,24,0.7676630616188049
1565203730.1407044,25,0.75390625
1565203731.2720103,26,0.7524909377098083
1565203732.4192894,27,0.7786458134651184
1565203733.5513968,28,0.7728713750839233
1565203734.6852138,29,0.7835144996643066
1565203735.8182876,30,0.7797214388847351
1565203736.9522905,31,0.7790987491607666
1565203738.08712,32,0.79517662525177
1565203739.2199965,33,0.78294837474823
1565203740.355469,34,0.7793251872062683
1565203741.49182,35,0.7996490001678467
1565203742.626267,36,0.81029212474823
1565203743.7591395,37,0.7988564372062683
1565203744.8926098,38,0.8295403122901917
1565203746.0259743,39,0.7957427501678467
1565203747.1600246,40,0.8089900612831116
1565203748.2945871,41,0.8126698136329651
1565203749.4272432,42,0.8311254382133484
1565203750.5605884,43,0.8241055011749268
1565203751.6940858,44,0.8380887508392334
1565203752.8289602,45,0.8311254382133484
1565203753.9657364,46,0.8417685627937317
1565203755.0998697,47,0.8470335006713867
1565203756.2349367,48,0.8547893762588501
1565203757.3702924,49,0.8636775612831116
1565203758.506878,50,0.8535439372062683
1565203759.6484363,51,0.8448822498321533
1565203760.7832358,52,0.8438066244125366
1565203761.9177544,53,0.8222373127937317
1565203763.0560868,54,0.8500339388847351
1565203764.1923277,55,0.856827437877655
1565203765.3271735,56,0.8461276888847351
1565203766.4621768,57,0.8657155632972717
1565203767.5985982,58,0.8727355003356934
1565203768.7338681,59,0.8631114363670349
1565203769.869456,60,0.8808310627937317
1565203771.0079594,61,0.8888700008392334
1565203772.1523736,62,0.872452437877655
1565203773.2903907,63,0.8812839388847351
1565203774.4254963,64,0.8927762508392334
1565203775.5601137,65,0.8847373127937317
1565203776.699997,66,0.8943048119544983
1565203777.8358111,67,0.9010982513427734
1565203778.9730048,68,0.911005437374115
1565203780.1075852,69,0.8971920013427734
1565203781.2450883,70,0.9010982513427734
1565203782.3824964,71,0.8897191882133484
1565203783.5175674,72,0.9117980003356934
1565203784.6522193,73,0.9159306883811951
1565203785.7871897,74,0.8979846239089966
1565203786.9270856,75,0.9057971239089966
1565203788.0619874,76,0.9141191244125366
1565203789.1971402,77,0.9255548119544983
1565203790.3325536,78,0.9136661887168884
1565203791.467339,79,0.8864356875419617
1565203792.6022103,80,0.9180819988250732
1565203793.737666,81,0.9180253744125366
1565203794.873105,82,0.9102694988250732
1565203796.0089655,83,0.9292346239089966
1565203797.1513965,84,0.9125339388847351
1565203798.2912872,85,0.923233687877655
1565203799.428915,86,0.9307631254196167
1565203800.5679536,87,0.9248188138008118
1565203801.7083,88,0.9281589388847351
1565203802.8512807,89,0.9307631254196167
1565203803.9902263,90,0.9377830624580383
1565203805.1303537,91,0.9333673119544983
1565203806.2677617,92,0.9164401888847351
1565203807.405423,93,0.9328578114509583
1565203808.5502956,94,0.9414628744125366
1565203809.6880112,95,0.8982676863670349
1565203810.8262296,96,0.8984941244125366
1565203811.9638875,97,0.9393681883811951
1565203813.1050103,98,0.94480299949646
1565203814.2435687,99,0.9450860619544983
1565203815.3849428,100,0.918817937374115
1565203816.523679,101,0.9398776888847351
1565203817.6632495,102,0.9365375638008118
1565203818.8014023,103,0.9204030632972717
1565203819.9392552,104,0.9490489363670349
1565203821.0822327,105,0.9404438138008118
1565203822.2220044,106,0.9437839388847351
1565203823.3602388,107,0.9364809989929199
1565203824.5046751,108,0.9497848749160767
1565203825.6424873,109,0.9263473749160767
1565203826.7795372,110,0.9471806883811951
1565203827.92037,111,0.9346693754196167
1565203829.0584202,112,0.9547101259231567
1565203830.1964524,113,0.9177423119544983
1565203831.3351302,114,0.9481997489929199
1565203832.4747136,115,0.9560122489929199
1565203833.6140897,116,0.9523890614509583
1565203834.7535539,117,0.9575973749160767
1565203835.8941238,118,0.9247622489929199
1565203837.0349226,119,0.9560122489929199
1565203838.1726592,120,0.942255437374115
1565203839.311921,121,0.9547101259231567
1565203840.4507039,122,0.9617300629615784
1565203841.5915635,123,0.9438405632972717
1565203842.729125,124,0.9497848749160767
1565203843.8664634,125,0.9136661887168884
1565203845.003887,126,0.9508605003356934
1565203846.1469314,127,0.9638247489929199
1565203847.2846663,128,0.9562953114509583
1565203848.4224577,129,0.9638247489929199
1565203849.5601652,130,0.9463881254196167
1565203850.710331,131,0.9497848749160767
1565203851.8512888,132,0.9677309989929199
1565203852.9898355,133,0.96824049949646
1565203854.1290936,134,0.9604846239089966
1565203855.2672048,135,0.961277186870575
1565203856.405806,136,0.9414628744125366
1565203857.5448418,137,0.9568614363670349
1565203858.6826787,138,0.9643908739089966
1565203859.820713,139,0.9700520634651184
1565203860.9588485,140,0.930027186870575
1565203862.0996783,141,0.9693161249160767
1565203863.2370436,142,0.9633151888847351
1565203864.376983,143,0.9659193754196167
1565203865.5160105,144,0.958389937877655
1565203866.6557987,145,0.9617300629615784
1565203867.7940338,146,0.9469542503356934
1565203868.9336812,147,0.9628056883811951
1565203870.071626,148,0.961786687374115
1565203871.209367,149,0.9615036249160767
1565203872.3534157,150,0.946161687374115
1565203873.4909868,151,0.9677309989929199
1565203874.6307075,152,0.9755434989929199
1565203875.7744408,153,0.9664288759231567
1565203876.9129932,154,0.9773550629615784
1565203878.0527577,155,0.9742413759231567
1565203879.190484,156,0.9555026888847351
1565203880.3323638,157,0.9703351259231567
1565203881.4706838,158,0.953464686870575
1565203882.6092646,159,0.9711276888847351
1565203883.7504377,160,0.9747508764266968
1565203884.8886533,161,0.9716372489929199
1565203886.0265336,162,0.9680140614509583
1565203887.1649303,163,0.9797328114509583
1565203888.304911,164,0.9789401888847351
1565203889.4432938,165,0.9755434989929199
1565203890.5832093,166,0.9706181883811951
1565203891.7261925,167,0.9698256254196167
1565203892.8701851,168,0.9765625
1565203894.011679,169,0.950067937374115
1565203895.155243,170,0.9742413759231567
1565203896.3181465,171,0.9649003744125366
1565203897.4637756,172,0.9768455624580383
1565203898.60553,173,0.9609941244125366
1565203899.7484133,174,0.9768455624580383
1565203900.8921785,175,0.9768455624580383
1565203902.0346289,176,0.9825633764266968
1565203903.1855748,177,0.9771286249160767
1565203904.3290412,178,0.9773550629615784
1565203905.4710293,179,0.9625792503356934
1565203906.6134636,180,0.9789401888847351
1565203907.7550142,181,0.9810348749160767
1565203908.8981733,182,0.9716372489929199
1565203910.0386243,183,0.9502943754196167
1565203911.1905787,184,0.9817708134651184
1565203912.3303618,185,0.98828125
1565203913.4678488,186,0.9817708134651184
1565203914.605494,187,0.98777174949646
1565203915.7441664,188,0.984375
1565203916.8851073,189,0.9856770634651184
1565203918.0266204,190,0.97214674949646
1565203919.1700752,191,0.9794497489929199
1565203920.3136263,192,0.9791666865348816
1565203921.4558632,193,0.9869791865348816
1565203922.5962787,194,0.9549931883811951
1565203923.7404077,195,0.97214674949646
1565203924.8795657,196,0.9656363129615784
1565203926.0237503,197,0.9773550629615784
1565203927.1673725,198,0.9812613129615784
1565203928.3087726,199,0.9802423119544983
