Wall time,Step,Value
1565118571.440935,0,0.3443410098552704
1565118573.3425815,1,0.3734239637851715
1565118575.1130974,2,0.38288021087646484
1565118576.8828135,3,0.3862539529800415
1565118578.6532276,4,0.3954639434814453
1565118580.4228394,5,0.42208433151245117
1565118582.1939282,6,0.42801910638809204
1565118583.9673138,7,0.4395439326763153
1565118585.7431495,8,0.4464883804321289
1565118587.5156145,9,0.46645981073379517
1565118589.290582,10,0.4741676449775696
1565118591.0682101,11,0.48840129375457764
1565118592.8453984,12,0.4686761200428009
1565118594.6244552,13,0.5060086846351624
1565118596.4044278,14,0.49428683519363403
1565118598.1825252,15,0.5114509463310242
1565118599.962994,16,0.501329779624939
1565118601.7461364,17,0.5126083493232727
1565118603.5267732,18,0.48744088411331177
1565118605.3073237,19,0.5371109247207642
1565118607.0901036,20,0.5371109247207642
1565118608.8705776,21,0.522975742816925
1565118610.6539164,22,0.5338849425315857
1565118612.4426298,23,0.5708727240562439
1565118614.2287493,24,0.5406816601753235
1565118616.0171263,25,0.5583875179290771
1565118617.8060713,26,0.5614164471626282
1565118619.5946043,27,0.5531668663024902
1565118621.3822021,28,0.5358057618141174
1565118623.1688943,29,0.5198482871055603
1565118624.955811,30,0.540484607219696
1565118626.7422097,31,0.5682623982429504
1565118628.5319443,32,0.556786835193634
1565118630.321717,33,0.5627216100692749
1565118632.1117702,34,0.5800827145576477
1565118633.9028094,35,0.6021719574928284
1565118635.7000587,36,0.5802304744720459
1565118637.491953,37,0.5826930403709412
1565118639.2825177,38,0.5986505150794983
1565118641.073779,39,0.6090179085731506
1565118642.8652287,40,0.6099783182144165
1565118644.6561577,41,0.5740987062454224
1565118646.4489827,42,0.5915583372116089
1565118648.2386014,43,0.6193853616714478
1565118650.0318382,44,0.6123916506767273
1565118651.8235161,45,0.597394585609436
1565118653.6140854,46,0.5728427767753601
1565118655.405919,47,0.6067031025886536
1565118657.1972234,48,0.5973453521728516
1565118658.9892485,49,0.6196315884590149
1565118660.779231,50,0.6034278869628906
1565118662.572651,51,0.6253201365470886
1565118664.3704295,52,0.5803290009498596
1565118666.1769607,53,0.6067031025886536
1565118667.968639,54,0.6124408841133118
1565118669.760305,55,0.6208382844924927
1565118671.5508566,56,0.6254186630249023
1565118673.3430943,57,0.6126378774642944
1565118675.1350012,58,0.6173167824745178
1565118676.926443,59,0.6124408841133118
1565118678.7200136,60,0.6415238380432129
1565118680.512884,61,0.6264775395393372
1565118682.3052206,62,0.6417208313941956
1565118684.1142776,63,0.6030831336975098
1565118685.9217181,64,0.6507338285446167
1565118687.7537608,65,0.647606372833252
1565118689.545923,66,0.6148049831390381
1565118691.3386266,67,0.6566193699836731
1565118693.1311173,68,0.6322645545005798
1565118694.9254313,69,0.6485667824745178
1565118696.7182255,70,0.6278319358825684
1565118698.5087345,71,0.6042897701263428
1565118700.301456,72,0.6615445017814636
1565118702.0939689,73,0.6569148898124695
1565118703.8843317,74,0.6406126618385315
1565118705.6764922,75,0.6670360565185547
1565118707.4702482,76,0.6405141949653625
1565118709.262269,77,0.6402679085731506
1565118711.054808,78,0.6458579301834106
1565118712.8469858,79,0.641179084777832
1565118714.6404557,80,0.6184249520301819
1565118716.4334016,81,0.6776004433631897
1565118718.2295535,82,0.6600915789604187
1565118720.0219414,83,0.6439371705055237
1565118721.8145475,84,0.639455258846283
1565118723.6207519,85,0.6452423334121704
1565118725.4124925,86,0.6021227240562439
1565118727.2051475,87,0.6333727240562439
1565118728.997489,88,0.6463012099266052
1565118730.7906854,89,0.6496749520301819
1565118732.5837905,90,0.6323138475418091
1565118734.3758411,91,0.6614460349082947
1565118736.1685495,92,0.6241627335548401
1565118737.962728,93,0.6484190225601196
1565118739.7552576,94,0.6834367513656616
1565118741.5483396,95,0.648222029209137
1565118743.3437924,96,0.6518912315368652
1565118745.1378188,97,0.6649182438850403
1565118746.9290755,98,0.6521867513656616
1565118748.7227163,99,0.6823285818099976
1565118750.515534,100,0.648714542388916
1565118752.3558645,101,0.6544030904769897
1565118754.1483908,102,0.6681442260742188
1565118755.9421542,103,0.6310086846351624
1565118757.7367315,104,0.6415238380432129
1565118759.5299435,105,0.6739312410354614
1565118761.322892,106,0.6552157402038574
1565118763.1150167,107,0.6359338164329529
1565118764.9095104,108,0.6600423455238342
1565118766.7032874,109,0.6532456874847412
1565118768.4954398,110,0.6565209031105042
1565118770.2907553,111,0.6428290009498596
1565118772.0843198,112,0.6595990657806396
1565118773.8761342,113,0.6869089603424072
1565118775.6694453,114,0.6508323550224304
1565118777.4631941,115,0.6901841759681702
1565118779.257468,116,0.6727738380432129
1565118781.0512137,117,0.6553142070770264
1565118782.844714,118,0.6800630688667297
1565118784.6399605,119,0.6753349304199219
1565118786.4326026,120,0.6566686630249023
1565118788.2298434,121,0.5139627456665039
1565118790.0221527,122,0.6427304744720459
1565118791.8148153,123,0.643124520778656
1565118793.6069093,124,0.6614460349082947
1565118795.3978593,125,0.6834367513656616
1565118797.1900795,126,0.6693508625030518
1565118798.983613,127,0.6927452683448792
1565118800.77902,128,0.668045699596405
1565118802.572012,129,0.6472616195678711
1565118804.364165,130,0.6589341759681702
1565118806.1581013,131,0.6567178964614868
1565118807.951072,132,0.6957249641418457
1565118809.7455592,133,0.6440849304199219
1565118811.5386143,134,0.6867119669914246
1565118813.3473196,135,0.6856037974357605
1565118815.1404896,136,0.7005516290664673
1565118816.9320033,137,0.6809741854667664
1565118818.725011,138,0.6903812289237976
1565118820.5167046,139,0.6742267608642578
1565118822.3081312,140,0.6971778869628906
1565118824.1037936,141,0.6863672137260437
1565118825.8978796,142,0.6951586008071899
1565118827.691156,143,0.6866135001182556
1565118829.4846187,144,0.628890872001648
1565118831.2775466,145,0.6261820197105408
1565118833.0702395,146,0.7170015573501587
1565118834.8634403,147,0.6856037974357605
1565118836.6606925,148,0.6300482749938965
1565118838.454955,149,0.6403664350509644
1565118840.2465374,150,0.683239758014679
1565118842.0390425,151,0.6706560254096985
1565118843.8323386,152,0.6498719453811646
1565118845.6247673,153,0.6438878774642944
1565118847.419047,154,0.6959219574928284
1565118849.211905,155,0.6842986345291138
1565118851.0041392,156,0.6798167824745178
1565118852.7972283,157,0.6926467418670654
1565118854.5893614,158,0.6495764255523682
1565118856.3832378,159,0.666937530040741
1565118858.1757832,160,0.6845449209213257
1565118859.9676802,161,0.5768074989318848
1565118861.7607563,162,0.6929422616958618
1565118863.553033,163,0.5997586846351624
1565118865.346904,164,0.6371897459030151
1565118867.1426632,165,0.6591312289237976
1565118868.9357026,166,0.7031126618385315
1565118870.7302241,167,0.6660756468772888
1565118872.5262163,168,0.6820823550224304
1565118874.3325315,169,0.6471630930900574
1565118876.1277306,170,0.6648690104484558
1565118877.919263,171,0.6552649736404419
1565118879.7179313,172,0.6856530904769897
1565118881.5116992,173,0.7006008625030518
1565118883.3290863,174,0.6857023239135742
1565118885.1229985,175,0.7170508503913879
1565118886.9185948,176,0.6758520603179932
1565118888.7123606,177,0.6996404528617859
1565118890.5061321,178,0.5695183277130127
1565118892.2989216,179,0.724955677986145
1565118894.091282,180,0.6796197891235352
1565118895.885398,181,0.706240177154541
1565118897.6929016,182,0.70074862241745
1565118899.484675,183,0.633274257183075
1565118901.2787087,184,0.6714686751365662
1565118903.0719156,185,0.6448975801467896
1565118904.8677683,186,0.6034278869628906
1565118906.6604815,187,0.7020045518875122
1565118908.452329,188,0.6868597269058228
1565118910.2459538,189,0.7111160159111023
1565118912.0416574,190,0.7170508503913879
1565118913.8326042,191,0.6819345951080322
1565118915.6248841,192,0.6621601581573486
1565118917.4166107,193,0.6982860565185547
1565118919.2097542,194,0.6694493889808655
1565118921.0036619,195,0.6775019764900208
1565118922.795728,196,0.7101556062698364
1565118924.587966,197,0.6798167824745178
1565118926.3803053,198,0.6529994010925293
1565118928.1743844,199,0.6960204839706421
