Wall time,Step,Value
1565118571.6206887,0,0.4583333432674408
1565118573.2983563,1,0.4937500059604645
1565118574.9611852,2,0.5166666507720947
1565118576.6254218,3,0.546875
1565118578.2884133,4,0.5239583253860474
1565118579.9525754,5,0.5239583253860474
1565118581.6188161,6,0.5510416626930237
1565118583.2882476,7,0.5572916865348816
1565118584.9594438,8,0.550000011920929
1565118586.6288245,9,0.546875
1565118588.298302,10,0.5552083253860474
1565118589.9689906,11,0.546875
1565118591.6395073,12,0.5552083253860474
1565118593.321731,13,0.5520833134651184
1565118594.9976356,14,0.5552083253860474
1565118596.6729946,15,0.5677083134651184
1565118598.346706,16,0.5708333253860474
1565118600.0197303,17,0.5822916626930237
1565118601.6939802,18,0.5927083492279053
1565118603.3696778,19,0.59375
1565118605.0491343,20,0.5718749761581421
1565118606.7243214,21,0.581250011920929
1565118608.4028504,22,0.5572916865348816
1565118610.081058,23,0.5791666507720947
1565118611.7587135,24,0.606249988079071
1565118613.442139,25,0.6083333492279053
1565118615.120992,26,0.5927083492279053
1565118616.8013637,27,0.5760416388511658
1565118618.4819863,28,0.5979166626930237
1565118620.1623492,29,0.6000000238418579
1565118621.8420846,30,0.6041666865348816
1565118623.522715,31,0.6010416746139526
1565118625.20395,32,0.565625011920929
1565118626.8856337,33,0.6156250238418579
1565118628.5683966,34,0.5874999761581421
1565118630.2483056,35,0.5885416865348816
1565118631.9287994,36,0.609375
1565118633.6104581,37,0.6000000238418579
1565118635.2894652,38,0.6104166507720947
1565118636.9738965,39,0.609375
1565118638.6578233,40,0.6187499761581421
1565118640.3405771,41,0.625
1565118642.0254629,42,0.6166666746139526
1565118643.7330542,43,0.6156250238418579
1565118645.417356,44,0.609375
1565118647.1019728,45,0.6020833253860474
1565118648.787647,46,0.6197916865348816
1565118650.4705334,47,0.590624988079071
1565118652.156088,48,0.6229166388511658
1565118653.839079,49,0.6208333373069763
1565118655.5227828,50,0.6343749761581421
1565118657.2063835,51,0.6197916865348816
1565118658.889996,52,0.609375
1565118660.574603,53,0.5739583373069763
1565118662.260333,54,0.6291666626930237
1565118663.9454358,55,0.6000000238418579
1565118665.6332347,56,0.6343749761581421
1565118667.3224213,57,0.606249988079071
1565118669.016548,58,0.6302083134651184
1565118670.713679,59,0.6041666865348816
1565118672.4049857,60,0.6270833611488342
1565118674.0891948,61,0.6208333373069763
1565118675.7748177,62,0.5958333611488342
1565118677.4591255,63,0.640625
1565118679.1446478,64,0.6208333373069763
1565118680.8294241,65,0.625
1565118682.5352592,66,0.6322916746139526
1565118684.2198465,67,0.6364583373069763
1565118685.9035974,68,0.581250011920929
1565118687.5892031,69,0.6020833253860474
1565118689.2866693,70,0.6239583492279053
1565118690.9736538,71,0.65625
1565118692.6588151,72,0.5989583134651184
1565118694.3435879,73,0.6239583492279053
1565118696.0303338,74,0.6458333134651184
1565118697.7159326,75,0.6322916746139526
1565118699.4001584,76,0.6458333134651184
1565118701.0848422,77,0.5989583134651184
1565118702.7689588,78,0.6031249761581421
1565118704.4540484,79,0.6354166865348816
1565118706.139514,80,0.6322916746139526
1565118707.8243964,81,0.5874999761581421
1565118709.5101259,82,0.6270833611488342
1565118711.1948082,83,0.6156250238418579
1565118712.8785865,84,0.5874999761581421
1565118714.5626094,85,0.621874988079071
1565118716.2485833,86,0.6072916388511658
1565118717.9334166,87,0.59375
1565118719.6186097,88,0.6489583253860474
1565118721.3039834,89,0.6395833492279053
1565118722.98898,90,0.621874988079071
1565118724.6737714,91,0.6499999761581421
1565118726.3583045,92,0.6177083253860474
1565118728.043267,93,0.6468750238418579
1565118729.7298963,94,0.6322916746139526
1565118731.4161258,95,0.643750011920929
1565118733.1036875,96,0.637499988079071
1565118734.7891195,97,0.640625
1565118736.4757135,98,0.628125011920929
1565118738.1599681,99,0.643750011920929
1565118739.8439174,100,0.6312500238418579
1565118741.5280147,101,0.5916666388511658
1565118743.2146742,102,0.6197916865348816
1565118744.9049554,103,0.6447916626930237
1565118746.588898,104,0.625
1565118748.274236,105,0.6395833492279053
1565118749.9601986,106,0.6458333134651184
1565118751.643911,107,0.5989583134651184
1565118753.328452,108,0.637499988079071
1565118755.0152187,109,0.5697916746139526
1565118756.6990654,110,0.6583333611488342
1565118758.3836257,111,0.6385416388511658
1565118760.0683851,112,0.6395833492279053
1565118761.752712,113,0.653124988079071
1565118763.4379823,114,0.6072916388511658
1565118765.1243508,115,0.6166666746139526
1565118766.809261,116,0.6510416865348816
1565118768.493608,117,0.6395833492279053
1565118770.177889,118,0.6645833253860474
1565118771.864251,119,0.6135416626930237
1565118773.5493598,120,0.6302083134651184
1565118775.2347336,121,0.6499999761581421
1565118776.918568,122,0.6260416507720947
1565118778.6243546,123,0.6354166865348816
1565118780.3082333,124,0.5989583134651184
1565118781.9927144,125,0.6322916746139526
1565118783.68465,126,0.640625
1565118785.3687017,127,0.6343749761581421
1565118787.0535297,128,0.6416666507720947
1565118788.7377877,129,0.6177083253860474
1565118790.4235923,130,0.621874988079071
1565118792.108413,131,0.6468750238418579
1565118793.7915132,132,0.6552083492279053
1565118795.4781103,133,0.6322916746139526
1565118797.1635783,134,0.6468750238418579
1565118798.8476596,135,0.6625000238418579
1565118800.5318654,136,0.653124988079071
1565118802.216804,137,0.6479166746139526
1565118803.9008713,138,0.5791666507720947
1565118805.585164,139,0.625
1565118807.2906263,140,0.6614583134651184
1565118808.974977,141,0.6260416507720947
1565118810.6610117,142,0.6145833134651184
1565118812.3537147,143,0.6239583492279053
1565118814.0400171,144,0.578125
1565118815.7248163,145,0.6635416746139526
1565118817.4092267,146,0.659375011920929
1565118819.094717,147,0.6572916507720947
1565118820.778075,148,0.653124988079071
1565118822.4662683,149,0.6343749761581421
1565118824.1526883,150,0.65625
1565118825.8363242,151,0.625
1565118827.522719,152,0.6468750238418579
1565118829.2067816,153,0.559374988079071
1565118830.8899972,154,0.65625
1565118832.5738487,155,0.6583333611488342
1565118834.260565,156,0.6458333134651184
1565118835.9449666,157,0.5802083611488342
1565118837.629782,158,0.6041666865348816
1565118839.3167381,159,0.59375
1565118841.0030756,160,0.6322916746139526
1565118842.6885734,161,0.6385416388511658
1565118844.37429,162,0.6395833492279053
1565118846.0599709,163,0.6739583611488342
1565118847.744812,164,0.5989583134651184
1565118849.4281652,165,0.6489583253860474
1565118851.112767,166,0.6312500238418579
1565118852.8099084,167,0.625
1565118854.493585,168,0.6697916388511658
1565118856.1874053,169,0.637499988079071
1565118857.8742213,170,0.5697916746139526
1565118859.5602708,171,0.6260416507720947
1565118861.255854,172,0.6760416626930237
1565118862.9420166,173,0.6604166626930237
1565118864.6263099,174,0.6604166626930237
1565118866.3110654,175,0.6499999761581421
1565118867.9963374,176,0.6354166865348816
1565118869.6801493,177,0.6781250238418579
1565118871.363433,178,0.6520833373069763
1565118873.049437,179,0.6114583611488342
1565118874.733787,180,0.6020833253860474
1565118876.417023,181,0.6270833611488342
1565118878.1020215,182,0.6385416388511658
1565118879.7875736,183,0.640625
1565118881.4727733,184,0.6791666746139526
1565118883.1587386,185,0.512499988079071
1565118884.8449786,186,0.6635416746139526
1565118886.533313,187,0.640625
1565118888.2200243,188,0.6854166388511658
1565118889.9153082,189,0.637499988079071
1565118891.59877,190,0.5833333134651184
1565118893.2820625,191,0.6354166865348816
1565118894.9693432,192,0.6499999761581421
1565118896.6544,193,0.6729166507720947
1565118898.3391774,194,0.6656249761581421
1565118900.0235364,195,0.5916666388511658
1565118901.707889,196,0.6520833373069763
1565118903.3919573,197,0.640625
1565118905.0757875,198,0.6208333373069763
1565118906.7615497,199,0.5989583134651184
