Wall time,Step,Value
1565118571.4335816,0,0.29467591643333435
1565118573.2630305,1,0.31018519401550293
1565118574.9523308,2,0.3671296238899231
1565118576.6476305,3,0.35532405972480774
1565118578.3400717,4,0.411342591047287
1565118580.030792,5,0.4087963104248047
1565118581.7290003,6,0.41342592239379883
1565118583.4213216,7,0.45509257912635803
1565118585.1185865,8,0.45532408356666565
1565118586.8174424,9,0.5111111402511597
1565118588.5114148,10,0.42847222089767456
1565118590.20841,11,0.4643518626689911
1565118591.902215,12,0.5483796000480652
1565118593.5993555,13,0.5122685432434082
1565118595.2972648,14,0.4643518626689911
1565118596.9993083,15,0.5145833492279053
1565118598.7016273,16,0.4993055462837219
1565118600.4041126,17,0.4912036955356598
1565118602.1087563,18,0.5307870507240295
1565118603.8099153,19,0.5307870507240295
1565118605.5230274,20,0.5259259343147278
1565118607.2315476,21,0.5597222447395325
1565118608.933435,22,0.5212963223457336
1565118610.6444614,23,0.5386574268341064
1565118612.351961,24,0.5481481552124023
1565118614.05887,25,0.5363426208496094
1565118615.7661397,26,0.5620370507240295
1565118617.4759824,27,0.5388888716697693
1565118619.188438,28,0.5412036776542664
1565118620.9003968,29,0.5655092597007751
1565118622.6164181,30,0.5643518567085266
1565118624.3298824,31,0.59375
1565118626.045224,32,0.5703703761100769
1565118627.7601562,33,0.5074074268341064
1565118629.495673,34,0.5784721970558167
1565118631.2130566,35,0.5377314686775208
1565118632.930981,36,0.5513888597488403
1565118634.6568296,37,0.5844907164573669
1565118636.3832185,38,0.6111111044883728
1565118638.0983837,39,0.5805555582046509
1565118639.8118856,40,0.5689814686775208
1565118641.5301542,41,0.5863425731658936
1565118643.2707462,42,0.5877314805984497
1565118645.0053425,43,0.5245370268821716
1565118646.7892087,44,0.5562499761581421
1565118648.5682323,45,0.5807870626449585
1565118650.2965624,46,0.4807870388031006
1565118652.0337734,47,0.5784721970558167
1565118653.7877696,48,0.5384259223937988
1565118655.5448382,49,0.5736111402511597
1565118657.3354504,50,0.5629629492759705
1565118659.0785875,51,0.6400462985038757
1565118660.8197434,52,0.6074073910713196
1565118662.553837,53,0.5335648059844971
1565118664.3526711,54,0.5874999761581421
1565118666.1279893,55,0.6037036776542664
1565118667.908022,56,0.5618055462837219
1565118669.689982,57,0.5768518447875977
1565118671.438568,58,0.5990740656852722
1565118673.203191,59,0.6296296119689941
1565118674.9666288,60,0.5615741014480591
1565118676.7359319,61,0.5627315044403076
1565118678.4850519,62,0.5909722447395325
1565118680.265208,63,0.5967592597007751
1565118682.0154908,64,0.5932870507240295
1565118683.798663,65,0.6050925850868225
1565118685.5513504,66,0.6166666746139526
1565118687.3066378,67,0.6074073910713196
1565118689.1682334,68,0.5967592597007751
1565118691.006866,69,0.6504629850387573
1565118692.75394,70,0.595370352268219
1565118694.4850206,71,0.5817129611968994
1565118696.3486907,72,0.6585648059844971
1565118698.1723464,73,0.6037036776542664
1565118699.9270973,74,0.6259258985519409
1565118701.6538627,75,0.6502314805984497
1565118703.3739293,76,0.6293981671333313
1565118705.1043496,77,0.6152777671813965
1565118706.840137,78,0.6037036776542664
1565118708.5759473,79,0.6037036776542664
1565118710.3182251,80,0.595370352268219
1565118712.0434995,81,0.5872685313224792
1565118713.8032281,82,0.602314829826355
1565118715.5554,83,0.6210648417472839
1565118717.3109028,84,0.6268518567085266
1565118719.03731,85,0.6224536895751953
1565118720.8037972,86,0.5486111044883728
1565118722.5558782,87,0.6456018686294556
1565118724.2964196,88,0.6502314805984497
1565118726.0294664,89,0.6629629731178284
1565118727.896485,90,0.6314814686775208
1565118729.7195046,91,0.623379647731781
1565118731.4542437,92,0.6560184955596924
1565118733.1738632,93,0.6493055820465088
1565118734.9014218,94,0.6699073910713196
1565118736.6278594,95,0.6256944537162781
1565118738.354638,96,0.6187499761581421
1565118740.1027162,97,0.6629629731178284
1565118741.8438077,98,0.6372685432434082
1565118743.5849235,99,0.6011574268341064
1565118745.3160312,100,0.6465277671813965
1565118747.05118,101,0.5886573791503906
1565118748.807905,102,0.604629635810852
1565118750.5544505,103,0.6361111402511597
1565118752.2957346,104,0.6650462746620178
1565118754.0272229,105,0.675694465637207
1565118755.764294,106,0.675694465637207
1565118757.500281,107,0.6615740656852722
1565118759.2420373,108,0.6712962985038757
1565118760.9892054,109,0.6488425731658936
1565118762.718393,110,0.6569444537162781
1565118764.4586093,111,0.6488425731658936
1565118766.2005517,112,0.7037037014961243
1565118767.9400818,113,0.6583333611488342
1565118769.67317,114,0.6560184955596924
1565118771.4161925,115,0.6571758985519409
1565118773.1412342,116,0.6361111402511597
1565118775.0045059,117,0.6534722447395325
1565118776.7828298,118,0.6430555582046509
1565118778.5213883,119,0.6418981552124023
1565118780.244918,120,0.699999988079071
1565118781.9703825,121,0.6872684955596924
1565118783.6991837,122,0.6138888597488403
1565118785.4291236,123,0.6583333611488342
1565118787.1601145,124,0.6581018567085266
1565118788.894421,125,0.666435182094574
1565118790.6384695,126,0.6921296119689941
1565118792.3674352,127,0.6532407402992249
1565118794.106379,128,0.6229166388511658
1565118795.8366883,129,0.6534722447395325
1565118797.5903926,130,0.6835648417472839
1565118799.3329163,131,0.6497685313224792
1565118801.0587785,132,0.6569444537162781
1565118802.801044,133,0.676620364189148
1565118804.53923,134,0.6254629492759705
1565118806.2965343,135,0.6777777671813965
1565118808.0317202,136,0.6428240537643433
1565118809.7657766,137,0.6182870268821716
1565118811.5174322,138,0.6384259462356567
1565118813.2570221,139,0.6592592597007751
1565118814.9896228,140,0.6650462746620178
1565118816.7194488,141,0.6627314686775208
1565118818.460194,142,0.6722221970558167
1565118820.1978157,143,0.6499999761581421
1565118821.9288948,144,0.6696759462356567
1565118823.6686869,145,0.664814829826355
1565118825.4049218,146,0.647685170173645
1565118827.1353242,147,0.6462963223457336
1565118828.860157,148,0.6414352059364319
1565118830.6124847,149,0.6682870388031006
1565118832.3415499,150,0.7115740776062012
1565118834.0901048,151,0.6791666746139526
1565118835.8236704,152,0.6581018567085266
1565118837.5710707,153,0.6488425731658936
1565118839.3025565,154,0.6428240537643433
1565118841.035094,155,0.7106481194496155
1565118842.7805414,156,0.6694444417953491
1565118844.520929,157,0.7199074029922485
1565118846.2471244,158,0.6625000238418579
1565118848.108542,159,0.7115740776062012
1565118849.9211524,160,0.699999988079071
1565118851.670831,161,0.6682870388031006
1565118853.395501,162,0.657870352268219
1565118855.118673,163,0.6951388716697693
1565118856.844117,164,0.678935170173645
1565118858.567632,165,0.7337962985038757
1565118860.2914007,166,0.71875
1565118862.0091078,167,0.6895833611488342
1565118863.729249,168,0.6486111283302307
1565118865.4496338,169,0.6659722328186035
1565118867.178722,170,0.7361111044883728
1565118868.9022343,171,0.6965277791023254
1565118870.6248195,172,0.7060185074806213
1565118872.3566966,173,0.6462963223457336
1565118874.0824335,174,0.7326388955116272
1565118875.812341,175,0.7127314805984497
1565118877.5464084,176,0.685879647731781
1565118879.2733986,177,0.6537036895751953
1565118881.0067363,178,0.6800925731658936
1565118882.742777,179,0.7222222089767456
1565118884.4855454,180,0.7337962985038757
1565118886.215583,181,0.7057870626449585
1565118887.9496481,182,0.667129635810852
1565118889.6779432,183,0.6391203999519348
1565118891.4142761,184,0.7430555820465088
1565118893.146307,185,0.6902777552604675
1565118894.889111,186,0.7081018686294556
1565118896.6277459,187,0.7303240895271301
1565118898.359669,188,0.7185184955596924
1565118900.0872238,189,0.7141203880310059
1565118901.8221884,190,0.6393518447875977
1565118903.558129,191,0.6393518447875977
1565118905.2823427,192,0.6895833611488342
1565118907.0124137,193,0.6928240656852722
1565118908.7462306,194,0.7118055820465088
1565118910.4713604,195,0.6928240656852722
1565118912.204293,196,0.706944465637207
1565118914.0600028,197,0.7113425731658936
1565118915.8386648,198,0.6826388835906982
1565118917.5733356,199,0.7138888835906982
