Wall time,Step,Value
1565203703.0024192,0,0.4846230149269104
1565203704.1096416,1,0.5934193134307861
1565203705.2033067,2,0.5841600298881531
1565203706.2985077,3,0.5772156119346619
1565203707.3906379,4,0.581845223903656
1565203708.4821062,5,0.5763888955116272
1565203709.575408,6,0.591269850730896
1565203710.6680229,7,0.6046627163887024
1565203711.7593205,8,0.6058201193809509
1565203712.8522322,9,0.6079695820808411
1565203713.9480803,10,0.6140872836112976
1565203715.0416238,11,0.5963954925537109
1565203716.1345224,12,0.6316137313842773
1565203717.2302923,13,0.632605791091919
1565203718.3268907,14,0.5973875522613525
1565203719.4200215,15,0.6236772537231445
1565203720.5179243,16,0.5894510746002197
1565203721.6123693,17,0.6192129850387573
1565203722.7062862,18,0.6203703880310059
1565203723.8026948,19,0.6053240895271301
1565203724.8979552,20,0.6307870149612427
1565203725.9947817,21,0.6258267164230347
1565203727.0892787,22,0.6264880895614624
1565203728.1860733,23,0.6476520895957947
1565203729.2808058,24,0.5977182388305664
1565203730.374865,25,0.6560846567153931
1565203731.4715946,26,0.6648479104042053
1565203732.5685506,27,0.6628637313842773
1565203733.6660779,28,0.6650132536888123
1565203734.7693791,29,0.6822090148925781
1565203735.8694904,30,0.6676587462425232
1565203736.968883,31,0.6572420597076416
1565203738.0669885,32,0.6597222089767456
1565203739.167459,33,0.6699735522270203
1565203740.2681038,34,0.6641865372657776
1565203741.366602,35,0.6655092835426331
1565203742.4657507,36,0.6711309552192688
1565203743.5668135,37,0.6870039701461792
1565203744.6668441,38,0.6815476417541504
1565203745.7654505,39,0.6860119104385376
1565203746.8684754,40,0.6954365372657776
1565203747.9688916,41,0.7055224776268005
1565203749.0675297,42,0.7066798806190491
1565203750.1678367,43,0.723710298538208
1565203751.2793028,44,0.7205687761306763
1565203752.3781192,45,0.7022156119346619
1565203753.4795957,46,0.7447090148925781
1565203754.6049793,47,0.7081679701805115
1565203755.703807,48,0.7037037014961243
1565203756.8041782,49,0.7288359999656677
1565203757.904759,50,0.7607473731040955
1565203759.0132818,51,0.7470238208770752
1565203760.114903,52,0.7323082089424133
1565203761.2145734,53,0.7313161492347717
1565203762.316238,54,0.7518187761306763
1565203763.4152277,55,0.7587632536888123
1565203764.5157998,56,0.7653769850730896
1565203765.6152463,57,0.7359457612037659
1565203766.722907,58,0.7848875522613525
1565203767.8253672,59,0.7779431343078613
1565203768.928483,60,0.7585979104042053
1565203770.0328562,61,0.7531415224075317
1565203771.1342852,62,0.7918320298194885
1565203772.2386732,63,0.7746362686157227
1565203773.3424296,64,0.7700065970420837
1565203774.446647,65,0.7688491940498352
1565203775.547961,66,0.764384925365448
1565203776.6503677,67,0.7622354626655579
1565203777.7534244,68,0.7804232835769653
1565203778.856947,69,0.7748016119003296
1565203779.9593544,70,0.7876983880996704
1565203781.0607545,71,0.7748016119003296
1565203782.1640198,72,0.7635582089424133
1565203783.2652614,73,0.8196097612380981
1565203784.3665583,74,0.7647156119346619
1565203785.4689336,75,0.7792658805847168
1565203786.5708466,76,0.7875330448150635
1565203787.6731975,77,0.795634925365448
1565203788.7770524,78,0.778769850730896
1565203789.8786604,79,0.7900132536888123
1565203790.981437,80,0.8080357313156128
1565203792.0831375,81,0.8047288656234741
1565203793.186187,82,0.8265542387962341
1565203794.287761,83,0.788855791091919
1565203795.3923137,84,0.8278769850730896
1565203796.4996624,85,0.8002645373344421
1565203797.6084175,86,0.8334986567497253
1565203798.7198617,87,0.7999338507652283
1565203799.8300219,88,0.8255621790885925
1565203800.9392793,89,0.820105791091919
1565203802.046963,90,0.8543320298194885
1565203803.1578343,91,0.8473875522613525
1565203804.2653008,92,0.8338293433189392
1565203805.3740597,93,0.8106812238693237
1565203806.4830313,94,0.8442460298538208
1565203807.5893066,95,0.8358134627342224
1565203808.697192,96,0.8569775223731995
1565203809.8057632,97,0.8589616417884827
1565203810.915256,98,0.8467261791229248
1565203812.0232012,99,0.8946759104728699
1565203813.1320157,100,0.8766534328460693
1565203814.240018,101,0.9004629850387573
1565203815.347271,102,0.8733465671539307
1565203816.455971,103,0.8872354626655579
1565203817.5650113,104,0.8926917910575867
1565203818.6723855,105,0.9236111044883728
1565203819.7818778,106,0.8751653432846069
1565203820.889566,107,0.9282407164573669
1565203821.9986558,108,0.9120370149612427
1565203823.1062553,109,0.9250991940498352
1565203824.2152667,110,0.91567462682724
1565203825.3234887,111,0.8892195820808411
1565203826.4322963,112,0.9351851940155029
1565203827.5396829,113,0.9166666865348816
1565203828.649525,114,0.9270833134651184
1565203829.7583597,115,0.9070767164230347
1565203830.8660743,116,0.8961640000343323
1565203831.9756253,117,0.9421296119689941
1565203833.0847406,118,0.9401454925537109
1565203834.193503,119,0.9295634627342224
1565203835.302651,120,0.8895502686500549
1565203836.4104304,121,0.9272486567497253
1565203837.5417445,122,0.939980149269104
1565203838.6493804,123,0.9340277910232544
1565203839.7581787,124,0.9398148059844971
1565203840.866457,125,0.9376653432846069
1565203841.9749746,126,0.9432870149612427
1565203843.0868442,127,0.9490740895271301
1565203844.1943853,128,0.9272486567497253
1565203845.3043706,129,0.9332010746002197
1565203846.4117796,130,0.9365079402923584
1565203847.5248811,131,0.9293981194496155
1565203848.6323333,132,0.9386574029922485
1565203849.7399035,133,0.9285714030265808
1565203850.849014,134,0.9432870149612427
1565203851.9569097,135,0.9386574029922485
1565203853.0647523,136,0.9467592835426331
1565203854.181063,137,0.9295634627342224
1565203855.2879333,138,0.8878968358039856
1565203856.398388,139,0.9353505373001099
1565203857.50507,140,0.9386574029922485
1565203858.6141334,141,0.9226190447807312
1565203859.722407,142,0.9356812238693237
1565203860.8297627,143,0.9560185074806213
1565203861.9381118,144,0.9376653432846069
1565203863.0447102,145,0.9571759104728699
1565203864.154603,146,0.9594907164573669
1565203865.3021004,147,0.94692462682724
1565203866.4159083,148,0.9436177015304565
1565203867.5246382,149,0.9365079402923584
1565203868.6326034,150,0.94692462682724
1565203869.7407901,151,0.9525462985038757
1565203870.84843,152,0.9492394328117371
1565203871.9573424,153,0.9502314925193787
1565203873.0646133,154,0.9457672238349915
1565203874.1737294,155,0.9573412537574768
1565203875.2813025,156,0.9606481194496155
1565203876.3913646,157,0.9282407164573669
1565203877.5065165,158,0.9573412537574768
1565203878.614454,159,0.9376653432846069
1565203879.7277775,160,0.9515542387962341
1565203880.8349063,161,0.9652777910232544
1565203881.9455283,162,0.9515542387962341
1565203883.0530481,163,0.942460298538208
1565203884.162332,164,0.94692462682724
1565203885.271421,165,0.9505621790885925
1565203886.3781717,166,0.9584986567497253
1565203887.4862976,167,0.9551917910575867
1565203888.594085,168,0.9675925970077515
1565203889.7004824,169,0.949404776096344
1565203890.8080037,170,0.9551917910575867
1565203891.9164386,171,0.9652777910232544
1565203893.0234525,172,0.9699074029922485
1565203894.1318557,173,0.9307209253311157
1565203895.2389839,174,0.9573412537574768
1565203896.346743,175,0.9619709253311157
1565203897.455118,176,0.9571759104728699
1565203898.562382,177,0.9699074029922485
1565203899.670874,178,0.9525462985038757
1565203900.7785525,179,0.9513888955116272
1565203901.8868566,180,0.96875
1565203902.9947765,181,0.9606481194496155
1565203904.1016362,182,0.9710648059844971
1565203905.209213,183,0.9699074029922485
1565203906.3181217,184,0.9675925970077515
1565203907.4259675,185,0.9699074029922485
1565203908.5346026,186,0.9710648059844971
1565203909.642788,187,0.9641203880310059
1565203910.7521403,188,0.9768518805503845
1565203911.8592155,189,0.9619709253311157
1565203912.9680064,190,0.9629629850387573
1565203914.0747955,191,0.9666005373001099
1565203915.183095,192,0.9677579402923584
1565203916.291761,193,0.9608134627342224
1565203917.399155,194,0.9608134627342224
1565203918.5072715,195,0.9583333134651184
1565203919.6154726,196,0.9631283283233643
1565203920.72372,197,0.9722222089767456
1565203921.8321772,198,0.9768518805503845
1565203922.9424064,199,0.9756944179534912
