Wall time,Step,Value
1565203702.635269,0,0.5065901279449463
1565203703.7801204,1,0.6054421663284302
1565203704.9046776,2,0.6062925457954407
1565203706.040827,3,0.5667517185211182
1565203707.1658206,4,0.5087159872055054
1565203708.2904117,5,0.6028911471366882
1565203709.4138806,6,0.5869472622871399
1565203710.5387979,7,0.6048043966293335
1565203711.6682322,8,0.646896243095398
1565203712.797516,9,0.5682398080825806
1565203713.9254634,10,0.6033163070678711
1565203715.0545204,11,0.6492347121238708
1565203716.1853604,12,0.6147959232330322
1565203717.3147786,13,0.6577380895614624
1565203718.444123,14,0.6556122303009033
1565203719.5739686,15,0.6152210831642151
1565203720.7025306,16,0.6458333134651184
1565203721.8310983,17,0.7002550959587097
1565203722.9595592,18,0.6392431855201721
1565203724.088396,19,0.694940447807312
1565203725.2144084,20,0.7419217824935913
1565203726.340453,21,0.6979166865348816
1565203727.4668195,22,0.7219387888908386
1565203728.5940008,23,0.694940447807312
1565203729.7223756,24,0.7417091727256775
1565203730.8572876,25,0.7472363710403442
1565203731.9898164,26,0.7291666865348816
1565203733.1225626,27,0.7315050959587097
1565203734.2534847,28,0.754676878452301
1565203735.3853965,29,0.7833758592605591
1565203736.51682,30,0.7674319744110107
1565203737.6464171,31,0.7559523582458496
1565203738.7772644,32,0.773809552192688
1565203739.910413,33,0.762117326259613
1565203741.0424573,34,0.7908163070678711
1565203742.173547,35,0.7920918464660645
1565203743.304342,36,0.78125
1565203744.4381056,37,0.7865646481513977
1565203745.5712576,38,0.7927296161651611
1565203746.7031398,39,0.7780612111091614
1565203747.835438,40,0.791241466999054
1565203748.96759,41,0.8008078336715698
1565203750.099616,42,0.805059552192688
1565203751.2381713,43,0.8312074542045593
1565203752.3714383,44,0.8176020383834839
1565203753.5033514,45,0.822491466999054
1565203754.6361992,46,0.817176878452301
1565203755.7689674,47,0.8405612111091614
1565203756.9012725,48,0.8435373902320862
1565203758.0345452,49,0.8214285969734192
1565203759.1672382,50,0.8435373902320862
1565203760.3020923,51,0.851190447807312
1565203761.4410472,52,0.8205782175064087
1565203762.579978,53,0.824617326259613
1565203763.7190685,54,0.8448129296302795
1565203764.8579664,55,0.8541666865348816
1565203765.996852,56,0.8220663070678711
1565203767.1343465,57,0.8596938848495483
1565203768.2735991,58,0.8169642686843872
1565203769.413993,59,0.8777636289596558
1565203770.5681057,60,0.8645833134651184
1565203771.7075145,61,0.8518282175064087
1565203772.8493223,62,0.8599064350128174
1565203773.9865403,63,0.8599064350128174
1565203775.124957,64,0.8762755393981934
1565203776.2647018,65,0.8811649680137634
1565203777.4029179,66,0.8599064350128174
1565203778.5388112,67,0.8743622303009033
1565203779.6748898,68,0.8847789168357849
1565203780.8108573,69,0.865646243095398
1565203781.946847,70,0.865008533000946
1565203783.0845082,71,0.8900935649871826
1565203784.2242172,72,0.884353756904602
1565203785.3633163,73,0.8979591727256775
1565203786.5030813,74,0.8713860511779785
1565203787.6446347,75,0.889668345451355
1565203788.7886047,76,0.8900935649871826
1565203789.9291139,77,0.8832908272743225
1565203791.0692263,78,0.9049744606018066
1565203792.210542,79,0.8975340127944946
1565203793.3521812,80,0.8864796161651611
1565203794.4937503,81,0.8756377696990967
1565203795.63482,82,0.9049744606018066
1565203796.7803423,83,0.9071003198623657
1565203797.9220853,84,0.9034863710403442
1565203799.0619562,85,0.9000850319862366
1565203800.2035193,86,0.9079506993293762
1565203801.345422,87,0.9056122303009033
1565203802.4849818,88,0.9079506993293762
1565203803.624085,89,0.9139030575752258
1565203804.7648478,90,0.9158163070678711
1565203805.9033847,91,0.9064626097679138
1565203807.0423045,92,0.9024234414100647
1565203808.1824558,93,0.8786139488220215
1565203809.3238733,94,0.9132652878761292
1565203810.4655643,95,0.9434523582458496
1565203811.6070018,96,0.8801020383834839
1565203812.7492752,97,0.9026360511779785
1565203813.8883286,98,0.9130527377128601
1565203815.0274363,99,0.9177296161651611
1565203816.1662529,100,0.9160289168357849
1565203817.304984,101,0.896258533000946
1565203818.4439654,102,0.9051870703697205
1565203819.582227,103,0.9039115905761719
1565203820.7230241,104,0.8739370703697205
1565203821.8643453,105,0.9185799360275269
1565203823.006261,106,0.8992347121238708
1565203824.1501834,107,0.9081632494926453
1565203825.2907474,108,0.9207057952880859
1565203826.4292924,109,0.9266581535339355
1565203827.5838025,110,0.9385629296302795
1565203828.7226381,111,0.9164540767669678
1565203829.8613954,112,0.9243197441101074
1565203830.9998162,113,0.9238945841789246
1565203832.1381073,114,0.947491466999054
1565203833.2768016,115,0.9292091727256775
1565203834.4173648,116,0.9221938848495483
1565203835.5587842,117,0.9026360511779785
1565203836.7008924,118,0.9073129296302795
1565203837.8403883,119,0.9285714030265808
1565203838.995591,120,0.9217687249183655
1565203840.1369615,121,0.9377126097679138
1565203841.2778947,122,0.920918345451355
1565203842.418858,123,0.947491466999054
1565203843.5572875,124,0.9343112111091614
1565203844.6956964,125,0.9083758592605591
1565203845.8355434,126,0.9179421663284302
1565203846.977249,127,0.9460033774375916
1565203848.1188004,128,0.9287840127944946
1565203849.26036,129,0.9285714030265808
1565203850.4053926,130,0.9440901279449463
1565203851.5452778,131,0.947491466999054
1565203852.684091,132,0.9440901279449463
1565203853.8246593,133,0.9362244606018066
1565203854.9655647,134,0.9455782175064087
1565203856.106669,135,0.9238945841789246
1565203857.2456896,136,0.932823121547699
1565203858.384199,137,0.9147533774375916
1565203859.5226285,138,0.9368622303009033
1565203860.6632314,139,0.9579081535339355
1565203861.8030996,140,0.9511054158210754
1565203862.942195,141,0.9538690447807312
1565203864.0823011,142,0.9336734414100647
1565203865.2209163,143,0.9389880895614624
1565203866.3595927,144,0.9470663070678711
1565203867.4985528,145,0.9460033774375916
1565203868.638424,146,0.9479166865348816
1565203869.780031,147,0.9489796161651611
1565203870.923359,148,0.9370748400688171
1565203872.0659218,149,0.9508928656578064
1565203873.2077577,150,0.9415391087532043
1565203874.349539,151,0.9574829936027527
1565203875.497369,152,0.930059552192688
1565203876.6388278,153,0.9402636289596558
1565203877.7807083,154,0.9627976417541504
1565203878.9227948,155,0.9515306353569031
1565203880.0619667,156,0.9634353518486023
1565203881.202884,157,0.9434523582458496
1565203882.345249,158,0.9489796161651611
1565203883.486975,159,0.9362244606018066
1565203884.6276484,160,0.9396258592605591
1565203885.7662194,161,0.9536564350128174
1565203886.9047563,162,0.9455782175064087
1565203888.0431983,163,0.9545068144798279
1565203889.1820755,164,0.9534438848495483
1565203890.3228517,165,0.9600340127944946
1565203891.4647427,166,0.9604591727256775
1565203892.6066375,167,0.9462159872055054
1565203893.7488754,168,0.9489796161651611
1565203894.8925183,169,0.9649234414100647
1565203896.0347655,170,0.9574829936027527
1565203897.177004,171,0.9776785969734192
1565203898.3187075,172,0.9579081535339355
1565203899.4609263,173,0.9113520383834839
1565203900.6027899,174,0.954081654548645
1565203901.7446709,175,0.9525935649871826
1565203902.8830342,176,0.956845223903656
1565203904.0242426,177,0.9653486609458923
1565203905.1856585,178,0.9653486609458923
1565203906.3270128,179,0.976190447807312
1565203907.4684463,180,0.9668367505073547
1565203908.609957,181,0.9668367505073547
1565203909.7517502,182,0.9747023582458496
1565203910.8931692,183,0.9619472622871399
1565203912.0380452,184,0.9585459232330322
1565203913.1794567,185,0.9630101919174194
1565203914.318848,186,0.9559949040412903
1565203915.459299,187,0.9411139488220215
1565203916.600461,188,0.9470663070678711
1565203917.7396283,189,0.9638605713844299
1565203918.8804357,190,0.9698129296302795
1565203920.022679,191,0.9776785969734192
1565203921.1610415,192,0.954081654548645
1565203922.2996914,193,0.9604591727256775
1565203923.4384732,194,0.9821428656578064
1565203924.578814,195,0.976190447807312
1565203925.7185879,196,0.9753401279449463
1565203926.8571646,197,0.9053996801376343
1565203927.9956543,198,0.9678996801376343
1565203929.1361692,199,0.9549319744110107
