Wall time,Step,Value
1565203702.4531367,0,0.5445075631141663
1565203703.625021,1,0.5388257503509521
1565203704.7836792,2,0.6278409361839294
1565203705.9432504,3,0.6903409361839294
1565203707.1044886,4,0.591856062412262
1565203708.268709,5,0.7130681872367859
1565203709.4521701,6,0.6808711886405945
1565203710.6118255,7,0.5871211886405945
1565203711.7712505,8,0.7026515007019043
1565203712.9302886,9,0.7234848737716675
1565203714.0906818,10,0.5596590638160706
1565203715.253635,11,0.5482954382896423
1565203716.4138992,12,0.7225378751754761
1565203717.574823,13,0.6089015007019043
1565203718.7366982,14,0.7310606241226196
1565203719.897741,15,0.7291666865348816
1565203721.0592167,16,0.7556818127632141
1565203722.2200963,17,0.685606062412262
1565203723.3843098,18,0.5890151262283325
1565203724.547032,19,0.6600378751754761
1565203725.7082968,20,0.6922348737716675
1565203726.8696353,21,0.7727272510528564
1565203728.030375,22,0.6003788113594055
1565203729.1914194,23,0.6515151262283325
1565203730.3532944,24,0.6657196879386902
1565203731.5150979,25,0.7528409361839294
1565203732.6766407,26,0.7301136255264282
1565203733.8429425,27,0.7215909361839294
1565203735.0096798,28,0.6420454382896423
1565203736.174406,29,0.7878788113594055
1565203737.3406157,30,0.7604166865348816
1565203738.508936,31,0.7698863744735718
1565203739.675822,32,0.6619318127632141
1565203740.8410857,33,0.7670454382896423
1565203742.0059633,34,0.7717803120613098
1565203743.170447,35,0.6742424368858337
1565203744.3372662,36,0.6780303120613098
1565203745.5029764,37,0.7708333134651184
1565203746.6698916,38,0.6780303120613098
1565203747.835308,39,0.7954545617103577
1565203749.0024812,40,0.6950757503509521
1565203750.1675072,41,0.8058711886405945
1565203751.335152,42,0.7982954382896423
1565203752.5001035,43,0.7821969985961914
1565203753.6667361,44,0.7784090638160706
1565203754.833734,45,0.8115530014038086
1565203756.001345,46,0.7888257503509521
1565203757.168931,47,0.814393937587738
1565203758.3413754,48,0.8172348737716675
1565203759.507117,49,0.8162878751754761
1565203760.6753137,50,0.814393937587738
1565203761.8415473,51,0.8219696879386902
1565203763.0077477,52,0.75
1565203764.174576,53,0.8153409361839294
1565203765.3418078,54,0.8068181872367859
1565203766.5104544,55,0.8380681872367859
1565203767.6804042,56,0.7689393758773804
1565203768.8580332,57,0.8039772510528564
1565203770.0262358,58,0.8200757503509521
1565203771.1983445,59,0.8446969985961914
1565203772.3661962,60,0.8503788113594055
1565203773.5347574,61,0.8001893758773804
1565203774.719554,62,0.8077651262283325
1565203775.8888607,63,0.8153409361839294
1565203777.066521,64,0.8058711886405945
1565203778.2366698,65,0.8390151262283325
1565203779.4104972,66,0.8399621248245239
1565203780.5789485,67,0.8257575631141663
1565203781.7486198,68,0.8361742496490479
1565203782.92306,69,0.8446969985961914
1565203784.0926871,70,0.8267045617103577
1565203785.262911,71,0.8532196879386902
1565203786.4326787,72,0.8607954382896423
1565203787.602758,73,0.8560606241226196
1565203788.7716737,74,0.8589015007019043
1565203789.9416008,75,0.8683711886405945
1565203791.1116676,76,0.8607954382896423
1565203792.2831411,77,0.8645833134651184
1565203793.4564893,78,0.8721590638160706
1565203794.6272857,79,0.8683711886405945
1565203795.796503,80,0.8399621248245239
1565203796.972674,81,0.7954545617103577
1565203798.1475406,82,0.8380681872367859
1565203799.3213344,83,0.8607954382896423
1565203800.4949248,84,0.8721590638160706
1565203801.6694238,85,0.8740530014038086
1565203802.843596,86,0.7916666865348816
1565203804.017695,87,0.8664772510528564
1565203805.1920047,88,0.8892045617103577
1565203806.3661118,89,0.8030303120613098
1565203807.540884,90,0.8475378751754761
1565203808.716069,91,0.8721590638160706
1565203809.8903775,92,0.8645833134651184
1565203811.0644436,93,0.8626893758773804
1565203812.2390232,94,0.8740530014038086
1565203813.4153283,95,0.8806818127632141
1565203814.5912359,96,0.8844696879386902
1565203815.7681267,97,0.876893937587738
1565203816.9423456,98,0.8863636255264282
1565203818.1174605,99,0.8759469985961914
1565203819.2914884,100,0.8892045617103577
1565203820.4827974,101,0.8892045617103577
1565203821.656952,102,0.8967803120613098
1565203822.8320217,103,0.9053030014038086
1565203824.006188,104,0.8996211886405945
1565203825.1845794,105,0.8636363744735718
1565203826.3603625,106,0.8977272510528564
1565203827.5357594,107,0.8910984992980957
1565203828.7113945,108,0.8342803120613098
1565203829.8853333,109,0.8892045617103577
1565203831.061458,110,0.8835227489471436
1565203832.237127,111,0.8465909361839294
1565203833.4130418,112,0.8854166865348816
1565203834.5891895,113,0.904356062412262
1565203835.7664056,114,0.8816288113594055
1565203836.9426043,115,0.810606062412262
1565203838.1182075,116,0.8948863744735718
1565203839.2947395,117,0.8068181872367859
1565203840.470599,118,0.8693181872367859
1565203841.646743,119,0.8740530014038086
1565203842.822305,120,0.8910984992980957
1565203843.9992356,121,0.9128788113594055
1565203845.174578,122,0.90625
1565203846.350684,123,0.9128788113594055
1565203847.5273483,124,0.9214015007019043
1565203848.7024064,125,0.8958333134651184
1565203849.878744,126,0.9119318127632141
1565203851.0545857,127,0.8882575631141663
1565203852.2302184,128,0.908143937587738
1565203853.4061606,129,0.9109848737716675
1565203854.580324,130,0.9100378751754761
1565203855.7545307,131,0.9128788113594055
1565203856.9301202,132,0.9176136255264282
1565203858.107222,133,0.9242424368858337
1565203859.2812283,134,0.8181818127632141
1565203860.457161,135,0.8825757503509521
1565203861.634931,136,0.9138257503509521
1565203862.81378,137,0.9242424368858337
1565203863.9918869,138,0.9214015007019043
1565203865.1684742,139,0.9365530014038086
1565203866.3448627,140,0.9289772510528564
1565203867.5205767,141,0.9166666865348816
1565203868.696713,142,0.8996211886405945
1565203869.872844,143,0.9015151262283325
1565203871.0494168,144,0.9327651262283325
1565203872.2260802,145,0.9289772510528564
1565203873.402117,146,0.8399621248245239
1565203874.5771244,147,0.9024621248245239
1565203875.7561152,148,0.9214015007019043
1565203876.9310534,149,0.8304924368858337
1565203878.106189,150,0.9109848737716675
1565203879.2819316,151,0.9337121248245239
1565203880.45706,152,0.8304924368858337
1565203881.6312387,153,0.9128788113594055
1565203882.807259,154,0.9261363744735718
1565203883.9841166,155,0.9318181872367859
1565203885.164466,156,0.9299242496490479
1565203886.342254,157,0.935606062412262
1565203887.5170348,158,0.9346590638160706
1565203888.691394,159,0.9337121248245239
1565203889.8660796,160,0.939393937587738
1565203891.0407631,161,0.9498106241226196
1565203892.21604,162,0.9431818127632141
1565203893.3922913,163,0.9469696879386902
1565203894.5677795,164,0.8617424368858337
1565203895.7435095,165,0.9412878751754761
1565203896.9181485,166,0.9450757503509521
1565203898.1042821,167,0.9280303120613098
1565203899.2790086,168,0.9460227489471436
1565203900.4538314,169,0.9412878751754761
1565203901.629261,170,0.8446969985961914
1565203902.8055825,171,0.7926136255264282
1565203903.9802358,172,0.8664772510528564
1565203905.1561089,173,0.8172348737716675
1565203906.3304794,174,0.9185606241226196
1565203907.5053127,175,0.9318181872367859
1565203908.6796916,176,0.9337121248245239
1565203909.8540218,177,0.9346590638160706
1565203911.0395653,178,0.8551136255264282
1565203912.2146504,179,0.935606062412262
1565203913.388991,180,0.8892045617103577
1565203914.5644574,181,0.9280303120613098
1565203915.7398467,182,0.939393937587738
1565203916.915721,183,0.9204545617103577
1565203918.0912018,184,0.9431818127632141
1565203919.2663188,185,0.9479166865348816
1565203920.440728,186,0.9460227489471436
1565203921.6155453,187,0.9488636255264282
1565203922.7906241,188,0.9441288113594055
1565203923.9668615,189,0.9545454382896423
1565203925.1419394,190,0.9498106241226196
1565203926.322468,191,0.9488636255264282
1565203927.500289,192,0.9460227489471436
1565203928.6777973,193,0.9498106241226196
1565203929.8922732,194,0.9498106241226196
1565203931.076676,195,0.9545454382896423
1565203932.2578638,196,0.9602272510528564
1565203933.4389393,197,0.9583333134651184
1565203934.6182604,198,0.9535984992980957
1565203935.802075,199,0.9564393758773804
