Wall time,Step,Value
1565118572.184054,0,0.2983333468437195
1565118573.8275344,1,0.35604166984558105
1565118575.4612465,2,0.37687501311302185
1565118577.100464,3,0.4416666626930237
1565118578.7356906,4,0.42104166746139526
1565118580.3755121,5,0.44062501192092896
1565118582.0085366,6,0.453125
1565118583.6428194,7,0.4566666781902313
1565118585.286425,8,0.46312499046325684
1565118586.9195702,9,0.4727083444595337
1565118588.5568793,10,0.49562498927116394
1565118590.1952937,11,0.47437500953674316
1565118591.8431947,12,0.44708332419395447
1565118593.4853191,13,0.4933333396911621
1565118595.130051,14,0.5131250023841858
1565118596.773861,15,0.4908333420753479
1565118598.4132874,16,0.4808333218097687
1565118600.061273,17,0.5041666626930237
1565118601.7075818,18,0.4950000047683716
1565118603.3553514,19,0.4987500011920929
1565118605.0024035,20,0.4814583361148834
1565118606.6535878,21,0.48750001192092896
1565118608.303583,22,0.5093749761581421
1565118609.9459145,23,0.5133333206176758
1565118611.590403,24,0.49270832538604736
1565118613.2332568,25,0.4997916519641876
1565118614.8838408,26,0.527916669845581
1565118616.5354006,27,0.5506250262260437
1565118618.1843514,28,0.515625
1565118619.8346663,29,0.5233333110809326
1565118621.4876392,30,0.5037500262260437
1565118623.1362495,31,0.5514583587646484
1565118624.7923994,32,0.5364583134651184
1565118626.4458919,33,0.5166666507720947
1565118628.111093,34,0.5135416388511658
1565118629.7742364,35,0.5422916412353516
1565118631.426999,36,0.5545833110809326
1565118633.1011472,37,0.5604166388511658
1565118634.7941945,38,0.5193750262260437
1565118636.4828944,39,0.5575000047683716
1565118638.1498072,40,0.5420833230018616
1565118639.8284028,41,0.5429166555404663
1565118641.5845873,42,0.5433333516120911
1565118643.259647,43,0.5545833110809326
1565118644.9338326,44,0.5552083253860474
1565118646.6255107,45,0.54666668176651
1565118648.3220017,46,0.581041693687439
1565118650.0063941,47,0.5864583253860474
1565118651.6940117,48,0.6022916436195374
1565118653.3755846,49,0.5912500023841858
1565118655.170143,50,0.57833331823349
1565118656.965315,51,0.5691666603088379
1565118658.704116,52,0.5837500095367432
1565118660.4618301,53,0.5960416793823242
1565118662.1846225,54,0.581041693687439
1565118663.8922405,55,0.56229168176651
1565118665.5573757,56,0.5804166793823242
1565118667.212004,57,0.5664583444595337
1565118668.886862,58,0.5962499976158142
1565118670.5630543,59,0.5862500071525574
1565118672.3541248,60,0.6043750047683716
1565118674.0420291,61,0.6141666769981384
1565118675.8323672,62,0.6239583492279053
1565118677.6019824,63,0.5789583325386047
1565118679.365305,64,0.6175000071525574
1565118681.049702,65,0.6133333444595337
1565118682.723736,66,0.6241666674613953
1565118684.4018934,67,0.6222916841506958
1565118686.071893,68,0.6433333158493042
1565118687.7427115,69,0.6108333468437195
1565118689.5194368,70,0.6020833253860474
1565118691.2706645,71,0.6189583539962769
1565118693.063466,72,0.590416669845581
1565118694.8052192,73,0.6285416483879089
1565118696.5168133,74,0.6189583539962769
1565118698.2328072,75,0.6181250214576721
1565118700.0154858,76,0.606458306312561
1565118701.727125,77,0.597083330154419
1565118703.4147646,78,0.606458306312561
1565118705.0866523,79,0.5797916650772095
1565118706.7615762,80,0.6014583110809326
1565118708.439202,81,0.5991666913032532
1565118710.2067661,82,0.6166666746139526
1565118711.9246173,83,0.6360416412353516
1565118713.6541173,84,0.6189583539962769
1565118715.3342466,85,0.6452083587646484
1565118717.0154252,86,0.6168749928474426
1565118718.7054586,87,0.5868750214576721
1565118720.4956467,88,0.6222916841506958
1565118722.1660368,89,0.6304166913032532
1565118723.9425766,90,0.6447916626930237
1565118725.6282856,91,0.6604166626930237
1565118727.4253314,92,0.6441666483879089
1565118729.1183543,93,0.6154166460037231
1565118730.828285,94,0.6535416841506958
1565118732.5085251,95,0.6195833086967468
1565118734.2022097,96,0.6356250047683716
1565118735.883163,97,0.6568750143051147
1565118737.6701367,98,0.6395833492279053
1565118739.3875673,99,0.6589583158493042
1565118741.0787082,100,0.6454166769981384
1565118742.7537744,101,0.6691666841506958
1565118744.422151,102,0.6537500023841858
1565118746.117846,103,0.6295833587646484
1565118747.8066568,104,0.6431249976158142
1565118749.4759078,105,0.6320833563804626
1565118751.1636813,106,0.5987499952316284
1565118752.8501296,107,0.6493750214576721
1565118754.5388458,108,0.6410416960716248
1565118756.3234935,109,0.6343749761581421
1565118758.0560117,110,0.6441666483879089
1565118759.7806954,111,0.659375011920929
1565118761.477241,112,0.6539583206176758
1565118763.168042,113,0.643958330154419
1565118764.8510334,114,0.6389583349227905
1565118766.523741,115,0.65645831823349
1565118768.1862946,116,0.5931249856948853
1565118769.8548481,117,0.6452083587646484
1565118771.5570567,118,0.6664583086967468
1565118773.3159997,119,0.6472916603088379
1565118775.0365791,120,0.6712499856948853
1565118776.7422457,121,0.65645831823349
1565118778.4354117,122,0.6737499833106995
1565118780.1208634,123,0.6464583277702332
1565118781.80576,124,0.6891666650772095
1565118783.4932678,125,0.6316666603088379
1565118785.1760774,126,0.6631249785423279
1565118786.8712301,127,0.6704166531562805
1565118788.556981,128,0.65645831823349
1565118790.2455316,129,0.675000011920929
1565118791.9228735,130,0.6383333206176758
1565118793.6096644,131,0.6827083230018616
1565118795.2984257,132,0.6731250286102295
1565118797.0357153,133,0.6549999713897705
1565118798.739621,134,0.6764583587646484
1565118800.4253533,135,0.6737499833106995
1565118802.218429,136,0.6949999928474426
1565118803.9470608,137,0.6760416626930237
1565118805.6116881,138,0.6791666746139526
1565118807.3003097,139,0.6691666841506958
1565118808.9756405,140,0.6452083587646484
1565118810.6677659,141,0.6472916603088379
1565118812.3696704,142,0.6097916960716248
1565118814.0467694,143,0.6193749904632568
1565118815.7220116,144,0.6866666674613953
1565118817.4135413,145,0.6847916841506958
1565118819.101134,146,0.684166669845581
1565118820.7806563,147,0.6670833230018616
1565118822.442981,148,0.674791693687439
1565118824.1083562,149,0.6783333420753479
1565118825.796648,150,0.6977083086967468
1565118827.592182,151,0.6393749713897705
1565118829.3729227,152,0.6850000023841858
1565118831.0572624,153,0.6681249737739563
1565118832.728461,154,0.7049999833106995
1565118834.396321,155,0.6931250095367432
1565118836.196735,156,0.640625
1565118837.9690623,157,0.6958333253860474
1565118839.660252,158,0.7108333110809326
1565118841.320841,159,0.6856250166893005
1565118842.98997,160,0.6945833563804626
1565118844.674267,161,0.7018749713897705
1565118846.3472104,162,0.6943749785423279
1565118848.0165029,163,0.6683333516120911
1565118849.6890109,164,0.6889583468437195
1565118851.3636067,165,0.6777083277702332
1565118853.0576036,166,0.6758333444595337
1565118854.8596578,167,0.6668750047683716
1565118856.5776315,168,0.6852083206176758
1565118858.2434945,169,0.6710416674613953
1565118859.9100726,170,0.6714583039283752
1565118861.5821362,171,0.690416693687439
1565118863.2563438,172,0.7302083373069763
1565118864.944502,173,0.6983333230018616
1565118866.6097963,174,0.7333333492279053
1565118868.2841816,175,0.6804166436195374
1565118869.9637942,176,0.6762499809265137
1565118871.6424537,177,0.6614583134651184
1565118873.3140805,178,0.6700000166893005
1565118875.0855105,179,0.70333331823349
1565118876.787484,180,0.7066666483879089
1565118878.4950643,181,0.6895833611488342
1565118880.1721795,182,0.6837499737739563
1565118881.8419719,183,0.6839583516120911
1565118883.511245,184,0.7043750286102295
1565118885.1984732,185,0.6939583420753479
1565118886.998368,186,0.6835416555404663
1565118888.7427425,187,0.6866666674613953
1565118890.4181757,188,0.6766666769981384
1565118892.0857801,189,0.706041693687439
1565118893.7544599,190,0.7004166841506958
1565118895.4153461,191,0.6985416412353516
1565118897.097037,192,0.6983333230018616
1565118898.7981787,193,0.7077083587646484
1565118900.471857,194,0.6893749833106995
1565118902.1435075,195,0.7143750190734863
1565118903.847705,196,0.7195833325386047
1565118905.530551,197,0.7195833325386047
1565118907.1870122,198,0.731041669845581
1565118908.8523011,199,0.7152083516120911
