Wall time,Step,Value
1565118572.114908,0,0.33829644322395325
1565118573.7548387,1,0.33192089200019836
1565118575.3862474,2,0.3437892198562622
1565118577.0168283,3,0.35522598028182983
1565118578.6488748,4,0.34553515911102295
1565118580.2766452,5,0.33786487579345703
1565118581.9091482,6,0.34828153252601624
1565118583.5405178,7,0.37374451756477356
1565118585.1759958,8,0.36942875385284424
1565118586.8080301,9,0.3479872941970825
1565118588.4420145,10,0.34900736808776855
1565118590.0768056,11,0.3783741295337677
1565118591.7206712,12,0.36230775713920593
1565118593.3561175,13,0.37605932354927063
1565118594.992029,14,0.36348477005958557
1565118596.6281178,15,0.385769784450531
1565118598.2678638,16,0.368094801902771
1565118599.9152977,17,0.3821406066417694
1565118601.5530567,18,0.35565757751464844
1565118603.192335,19,0.35189110040664673
1565118604.8326664,20,0.3958921730518341
1565118606.471372,21,0.38663291931152344
1565118608.1124196,22,0.3779425621032715
1565118609.7550786,23,0.3688402473926544
1565118611.3974333,24,0.3997959792613983
1565118613.040064,25,0.38690757751464844
1565118614.682374,26,0.36319053173065186
1565118616.3245013,27,0.3857501447200775
1565118617.966473,28,0.3785310685634613
1565118619.6087563,29,0.35463747382164
1565118621.252533,30,0.3879276514053345
1565118622.8955216,31,0.354519784450531
1565118624.5401323,32,0.3605814576148987
1565118626.1836123,33,0.41168391704559326
1565118627.8277996,34,0.41586238145828247
1565118629.4748578,35,0.38996782898902893
1565118631.1182163,36,0.43206608295440674
1565118632.7635117,37,0.35926711559295654
1565118634.409693,38,0.3721359074115753
1565118636.055858,39,0.43524402379989624
1565118637.7037926,40,0.41150736808776855
1565118639.3487282,41,0.37953153252601624
1565118640.9950542,42,0.4420511722564697
1565118642.640558,43,0.43610718846321106
1565118644.2865875,44,0.40138497948646545
1565118645.9491568,45,0.46737679839134216
1565118647.5949178,46,0.3958921730518341
1565118649.2525618,47,0.4032682180404663
1565118650.9007034,48,0.4238269031047821
1565118652.5479355,49,0.43930476903915405
1565118654.2808099,50,0.46288448572158813
1565118655.92722,51,0.47026050090789795
1565118657.574496,52,0.49168235063552856
1565118659.2190392,53,0.44595494866371155
1565118660.8660648,54,0.4990583658218384
1565118662.5134013,55,0.4832862615585327
1565118664.165667,56,0.5311715602874756
1565118665.8165061,57,0.42525893449783325
1565118667.4633167,58,0.44999608397483826
1565118669.1110659,59,0.4754786491394043
1565118670.7577631,60,0.46651366353034973
1565118672.4127014,61,0.4624333083629608
1565118674.0869777,62,0.4890732765197754
1565118675.7374911,63,0.4958804249763489
1565118677.3871872,64,0.5279935598373413
1565118679.0340545,65,0.550710141658783
1565118680.6859512,66,0.5531818866729736
1565118682.335904,67,0.45623430609703064
1565118683.983748,68,0.4861895740032196
1565118685.6426413,69,0.44697505235671997
1565118687.291862,70,0.471555233001709
1565118688.94105,71,0.4996469020843506
1565118690.5905108,72,0.5479637384414673
1565118692.2404118,73,0.5493957996368408
1565118693.8929849,74,0.4683969020843506
1565118695.5383594,75,0.5006669759750366
1565118697.1873322,76,0.5083176493644714
1565118698.8415134,77,0.4685342013835907
1565118700.4895408,78,0.4678083658218384
1565118702.140534,79,0.5395676493644714
1565118703.7921288,80,0.5284251570701599
1565118705.4407465,81,0.4925455152988434
1565118707.089968,82,0.5459432005882263
1565118708.7390478,83,0.5563598275184631
1565118710.3874655,84,0.5756042003631592
1565118712.0388875,85,0.48444366455078125
1565118713.686381,86,0.5326231718063354
1565118715.336014,87,0.4786566197872162
1565118716.9908097,88,0.5029621720314026
1565118718.6420848,89,0.5410193204879761
1565118720.292865,90,0.5254040956497192
1565118721.9433112,91,0.5524560809135437
1565118723.5933514,92,0.607599675655365
1565118725.2443392,93,0.530739963054657
1565118726.8914998,94,0.5415881872177124
1565118728.5403328,95,0.5429025292396545
1565118730.188176,96,0.596280574798584
1565118731.8445475,97,0.5623038411140442
1565118733.4934015,98,0.5223438739776611
1565118735.1414652,99,0.5388614535331726
1565118736.7919767,100,0.5444915294647217
1565118738.4416988,101,0.5676396489143372
1565118740.092524,102,0.5411566495895386
1565118741.743094,103,0.5276992917060852
1565118743.3902369,104,0.5077291131019592
1565118745.0539021,105,0.5789194703102112
1565118746.7013903,106,0.5258160829544067
1565118748.3496041,107,0.5006473660469055
1565118749.9991343,108,0.5472379326820374
1565118751.649035,109,0.5857266187667847
1565118753.2990937,110,0.5653248429298401
1565118754.9494379,111,0.5525933504104614
1565118756.5979412,112,0.5198720693588257
1565118758.2477632,113,0.5756042003631592
1565118759.8977056,114,0.566325306892395
1565118761.5467198,115,0.4748901426792145
1565118763.1944144,116,0.6034016013145447
1565118764.8430233,117,0.49397754669189453
1565118766.4914737,118,0.5748783946037292
1565118768.1393144,119,0.5538880825042725
1565118769.7879837,120,0.6130728125572205
1565118771.4349537,121,0.5773305296897888
1565118773.08511,122,0.6227636337280273
1565118774.732106,123,0.5981834530830383
1565118776.3791316,124,0.618879497051239
1565118778.0278726,125,0.5786252617835999
1565118779.6757474,126,0.5944169759750366
1565118781.323547,127,0.5838433504104614
1565118782.9735987,128,0.5353695750236511
1565118784.6240616,129,0.5096319913864136
1565118786.2743406,130,0.5696602463722229
1565118787.9233837,131,0.5731324553489685
1565118789.5696745,132,0.5861582159996033
1565118791.2170708,133,0.5290136337280273
1565118792.863876,134,0.5873156189918518
1565118794.5134287,135,0.5918079018592834
1565118796.1619325,136,0.572995126247406
1565118797.808966,137,0.574015200138092
1565118799.4583535,138,0.5776247382164001
1565118801.108102,139,0.5936911702156067
1565118802.7566779,140,0.5615779757499695
1565118804.405618,141,0.5938481092453003
1565118806.0581949,142,0.5614210367202759
1565118807.707407,143,0.5747214555740356
1565118809.3529954,144,0.5808027386665344
1565118811.0012126,145,0.5349576473236084
1565118812.6488552,146,0.5974576473236084
1565118814.2977722,147,0.6200172901153564
1565118815.947587,148,0.6185852289199829
1565118817.5953894,149,0.5408819913864136
1565118819.2437024,150,0.5965748429298401
1565118820.8925116,151,0.5745841264724731
1565118822.5412982,152,0.6061283946037292
1565118824.23486,153,0.6106206774711609
1565118825.8844683,154,0.5421571135520935
1565118827.795609,155,0.619899570941925
1565118829.441813,156,0.599909782409668
1565118831.089245,157,0.5744467973709106
1565118832.7374284,158,0.6415960192680359
1565118834.3863783,159,0.5547512769699097
1565118836.0424418,160,0.591219425201416
1565118837.6913342,161,0.6028130650520325
1565118839.340076,162,0.6165450215339661
1565118840.9886386,163,0.5398619174957275
1565118842.6370323,164,0.6243722438812256
1565118844.2856236,165,0.6217631697654724
1565118845.9340248,166,0.575015664100647
1565118847.5840158,167,0.623195230960846
1565118849.2338684,168,0.5735836625099182
1565118850.8833258,169,0.5754668712615967
1565118852.5310144,170,0.6200172901153564
1565118854.179877,171,0.5957117080688477
1565118855.8297336,172,0.623214840888977
1565118857.4792829,173,0.5475125312805176
1565118859.132004,174,0.5913763046264648
1565118860.7802365,175,0.6304339170455933
1565118862.4300401,176,0.6253727078437805
1565118864.0796201,177,0.5789194703102112
1565118865.7314909,178,0.5838630199432373
1565118867.3785691,179,0.6020872592926025
1565118869.0259752,180,0.6049906015396118
1565118870.673352,181,0.6485404968261719
1565118872.3222756,182,0.536370038986206
1565118873.9714832,183,0.6168392896652222
1565118875.6197991,184,0.6315913200378418
1565118877.268516,185,0.6323367953300476
1565118878.9208827,186,0.6088747382164001
1565118880.5699246,187,0.5331920981407166
1565118882.2172627,188,0.6139359474182129
1565118883.8647106,189,0.6093259453773499
1565118885.5129552,190,0.5813912153244019
1565118887.1615424,191,0.6135240197181702
1565118888.811607,192,0.6268439888954163
1565118890.4599626,193,0.5955743789672852
1565118892.1073658,194,0.6449113488197327
1565118893.7577114,195,0.626530110836029
1565118895.4062285,196,0.6353577971458435
1565118897.0550418,197,0.6323171854019165
1565118898.7043564,198,0.6391242742538452
1565118900.3512912,199,0.633474588394165
