Wall time,Step,Value
1565118571.396721,0,0.234375
1565118573.3492026,1,0.3453125059604645
1565118575.1293433,2,0.30078125
1565118576.9101214,3,0.3122395873069763
1565118578.690958,4,0.3825520873069763
1565118580.472046,5,0.3786458373069763
1565118582.253783,6,0.3864583373069763
1565118584.0367296,7,0.4309895932674408
1565118585.8230753,8,0.45703125
1565118587.6059928,9,0.4502604305744171
1565118589.3908498,10,0.4322916567325592
1565118591.1789181,11,0.46875
1565118592.9679284,12,0.4507812559604645
1565118594.7555048,13,0.48619791865348816
1565118596.5471966,14,0.47317707538604736
1565118598.335689,15,0.45130208134651184
1565118600.1254692,16,0.4791666567325592
1565118601.9180422,17,0.4947916567325592
1565118603.7132795,18,0.5018228888511658
1565118605.5049968,19,0.44322916865348816
1565118607.2975996,20,0.4585937559604645
1565118609.0904534,21,0.4645833373069763
1565118610.8865416,22,0.4937500059604645
1565118612.6857312,23,0.4664062559604645
1565118614.4804866,24,0.4893229305744171
1565118616.2749872,25,0.5083333253860474
1565118618.0833733,26,0.4802083373069763
1565118619.8789313,27,0.4958333373069763
1565118621.6734698,28,0.5091145634651184
1565118623.4701717,29,0.4932291805744171
1565118625.2656274,30,0.5075520873069763
1565118627.0649316,31,0.49661457538604736
1565118628.8596523,32,0.50390625
1565118630.656498,33,0.5158854126930237
1565118632.4528525,34,0.5138021111488342
1565118634.2486305,35,0.535937488079071
1565118636.0469139,36,0.5143229365348816
1565118637.8434296,37,0.5570312738418579
1565118639.641854,38,0.5466145873069763
1565118641.4393585,39,0.5286458134651184
1565118643.2374213,40,0.5575520992279053
1565118645.035154,41,0.5390625
1565118646.833604,42,0.515625
1565118648.6316452,43,0.5697916746139526
1565118650.4279234,44,0.5572916865348816
1565118652.2258997,45,0.553906261920929
1565118654.026181,46,0.5619791746139526
1565118655.8247252,47,0.5609375238418579
1565118657.624523,48,0.5635416507720947
1565118659.4239209,49,0.574999988079071
1565118661.2253847,50,0.578906238079071
1565118663.0233192,51,0.5640624761581421
1565118664.8211231,52,0.596875011920929
1565118666.6205099,53,0.6010416746139526
1565118668.4187624,54,0.5953124761581421
1565118670.217544,55,0.578125
1565118672.0161023,56,0.6171875
1565118673.8152497,57,0.5856770873069763
1565118675.6136255,58,0.6111978888511658
1565118677.4122496,59,0.5830729007720947
1565118679.2111528,60,0.5932291746139526
1565118681.0112019,61,0.5679687261581421
1565118682.8104775,62,0.606249988079071
1565118684.6093397,63,0.6039062738418579
1565118686.408558,64,0.6031249761581421
1565118688.2091365,65,0.6226562261581421
1565118690.0082057,66,0.6052083373069763
1565118691.8079877,67,0.6252604126930237
1565118693.6079082,68,0.624218761920929
1565118695.416129,69,0.6083333492279053
1565118697.2168925,70,0.6067708134651184
1565118699.0178626,71,0.6153646111488342
1565118700.8196907,72,0.6419270634651184
1565118702.6204245,73,0.6294270753860474
1565118704.4183621,74,0.6505208611488342
1565118706.2181425,75,0.6419270634651184
1565118708.0195498,76,0.6104166507720947
1565118709.818464,77,0.6260416507720947
1565118711.6166391,78,0.6247395873069763
1565118713.4171882,79,0.643750011920929
1565118715.2175303,80,0.6322916746139526
1565118717.0176284,81,0.6304687261581421
1565118718.8179345,82,0.6458333134651184
1565118720.6173577,83,0.6393229365348816
1565118722.4201844,84,0.6432291865348816
1565118724.2205737,85,0.6708333492279053
1565118726.021494,86,0.62890625
1565118727.8327405,87,0.5911458134651184
1565118729.6319907,88,0.6356770992279053
1565118731.431347,89,0.668749988079071
1565118733.2330832,90,0.6403645873069763
1565118735.0316305,91,0.6513020992279053
1565118736.8300667,92,0.649218738079071
1565118738.6303403,93,0.6937500238418579
1565118740.4284043,94,0.6809895634651184
1565118742.2274504,95,0.6429687738418579
1565118744.0288603,96,0.68359375
1565118745.8299491,97,0.6658853888511658
1565118747.6308455,98,0.66796875
1565118749.4295094,99,0.6841145753860474
1565118751.2296014,100,0.6541666388511658
1565118753.027484,101,0.699999988079071
1565118754.8264308,102,0.711718738079071
1565118756.6269577,103,0.6815103888511658
1565118758.4257815,104,0.6895833611488342
1565118760.225126,105,0.6684895753860474
1565118762.0330417,106,0.6791666746139526
1565118763.831528,107,0.6619791388511658
1565118765.632766,108,0.6859375238418579
1565118767.4318116,109,0.6864583492279053
1565118769.2303348,110,0.7145833373069763
1565118771.0295162,111,0.7015625238418579
1565118772.8306262,112,0.647656261920929
1565118774.628885,113,0.7028645873069763
1565118776.4285815,114,0.6997395753860474
1565118778.2291367,115,0.7085937261581421
1565118780.029236,116,0.7065104246139526
1565118781.8329437,117,0.6919270753860474
1565118783.6314151,118,0.6606770753860474
1565118785.4303408,119,0.6755208373069763
1565118787.2282512,120,0.6942708492279053
1565118789.0294714,121,0.711718738079071
1565118790.8308566,122,0.6869791746139526
1565118792.6303785,123,0.7145833373069763
1565118794.4296215,124,0.7231770753860474
1565118796.2282999,125,0.671875
1565118798.0260913,126,0.7145833373069763
1565118799.8342419,127,0.6908854246139526
1565118801.633791,128,0.696093738079071
1565118803.4341528,129,0.6640625
1565118805.2314482,130,0.703125
1565118807.0433195,131,0.7013021111488342
1565118808.8430512,132,0.7096354365348816
1565118810.6399965,133,0.7221354246139526
1565118812.451847,134,0.7244791388511658
1565118814.2517674,135,0.7236979007720947
1565118816.051275,136,0.7072916626930237
1565118817.8538637,137,0.731249988079071
1565118819.6703844,138,0.699999988079071
1565118821.467989,139,0.7221354246139526
1565118823.265986,140,0.7242187261581421
1565118825.0644531,141,0.7046874761581421
1565118826.8632383,142,0.7244791388511658
1565118828.6633554,143,0.7075520753860474
1565118830.4616795,144,0.7177083492279053
1565118832.262952,145,0.707812488079071
1565118834.060786,146,0.7190104126930237
1565118835.8590376,147,0.7244791388511658
1565118837.6578238,148,0.7111979126930237
1565118839.4556892,149,0.7434895634651184
1565118841.2588027,150,0.7320312261581421
1565118843.0573027,151,0.7200520634651184
1565118844.856365,152,0.717968761920929
1565118846.6558366,153,0.7325521111488342
1565118848.4561512,154,0.7263020873069763
1565118850.2557359,155,0.7372395992279053
1565118852.0529907,156,0.7270833253860474
1565118853.852157,157,0.71875
1565118855.6507866,158,0.696093738079071
1565118857.4499674,159,0.7481771111488342
1565118859.2474833,160,0.7093750238418579
1565118861.04819,161,0.7002604007720947
1565118862.8481352,162,0.7270833253860474
1565118864.6475537,163,0.7026041746139526
1565118866.446281,164,0.7473958134651184
1565118868.24338,165,0.735156238079071
1565118870.0442517,166,0.7356770634651184
1565118871.841381,167,0.7424479126930237
1565118873.6396747,168,0.7161458134651184
1565118875.4378753,169,0.754687488079071
1565118877.236972,170,0.7406250238418579
1565118879.038726,171,0.7442708611488342
1565118880.839114,172,0.7380208373069763
1565118882.6366413,173,0.7072916626930237
1565118884.4360857,174,0.7088541388511658
1565118886.234318,175,0.7049478888511658
1565118888.032178,176,0.727343738079071
1565118889.8308122,177,0.7489583492279053
1565118891.6283314,178,0.7528645992279053
1565118893.4274309,179,0.7361978888511658
1565118895.228698,180,0.7484375238418579
1565118897.027893,181,0.73828125
1565118898.8268373,182,0.7182291746139526
1565118900.626028,183,0.7213541865348816
1565118902.4261107,184,0.7341145873069763
1565118904.2260242,185,0.7361978888511658
1565118906.025775,186,0.7484375238418579
1565118907.8234944,187,0.7088541388511658
1565118909.627086,188,0.7442708611488342
1565118911.4397175,189,0.7679687738418579
1565118913.240847,190,0.772656261920929
1565118915.0434768,191,0.7403646111488342
1565118916.8437328,192,0.723437488079071
1565118918.6464858,193,0.7322916388511658
1565118920.4449096,194,0.7523437738418579
1565118922.2439578,195,0.7270833253860474
1565118924.0434287,196,0.7713541388511658
1565118925.8455598,197,0.7580729126930237
1565118927.6478066,198,0.7757812738418579
1565118929.4482076,199,0.778124988079071
