Wall time,Step,Value
1565203702.374988,0,0.3782482147216797
1565203703.5514874,1,0.49861857295036316
1565203704.6601868,2,0.5083258748054504
1565203705.7764242,3,0.5090352296829224
1565203706.8860888,4,0.5599985122680664
1565203707.9956129,5,0.49992531538009644
1565203709.1037757,6,0.5205346345901489
1565203710.2133276,7,0.5242308974266052
1565203711.3217213,8,0.5164276957511902
1565203712.432016,9,0.5797491073608398
1565203713.544432,10,0.571273922920227
1565203714.655658,11,0.5266577005386353
1565203715.7673168,12,0.5915845036506653
1565203716.8823006,13,0.5749328136444092
1565203717.993832,14,0.5808318257331848
1565203719.1060352,15,0.5996490716934204
1565203720.2176273,16,0.5694444179534912
1565203721.3310921,17,0.603233277797699
1565203722.4420495,18,0.6204823851585388
1565203723.5560644,19,0.5965128540992737
1565203724.6680024,20,0.5928165912628174
1565203725.7803223,21,0.6070415377616882
1565203726.8919995,22,0.6457586884498596
1565203728.003196,23,0.6310483813285828
1565203729.1151617,24,0.633027195930481
1565203730.2289627,25,0.6554285883903503
1565203731.343454,26,0.6158527731895447
1565203732.4592605,27,0.6595355272293091
1565203733.575805,28,0.6295549869537354
1565203734.694576,29,0.6652105450630188
1565203735.8087523,30,0.6822729706764221
1565203736.9375534,31,0.6877613663673401
1565203738.056478,32,0.6495295763015747
1565203739.1725247,33,0.6694294810295105
1565203740.287527,34,0.6961618661880493
1565203741.4023125,35,0.6922789812088013
1565203742.519375,36,0.709976077079773
1565203743.6346633,37,0.6881720423698425
1565203744.750442,38,0.7104988098144531
1565203745.8658974,39,0.6939590573310852
1565203746.981881,40,0.7143816947937012
1565203748.0973709,41,0.70986407995224
1565203749.2131252,42,0.7234169840812683
1565203750.3299441,43,0.7218488454818726
1565203751.4447374,44,0.7234169840812683
1565203752.5616438,45,0.7137843370437622
1565203753.6786292,46,0.7284572720527649
1565203754.7958343,47,0.7263664603233337
1565203755.9117951,48,0.7333109378814697
1565203757.0280442,49,0.7620594501495361
1565203758.146055,50,0.7578405141830444
1565203759.2659392,51,0.7523894906044006
1565203760.3820212,52,0.7322655320167542
1565203761.4984274,53,0.7331989407539368
1565203762.6154382,54,0.7087066769599915
1565203763.733286,55,0.7499626874923706
1565203764.8570902,56,0.7601553201675415
1565203765.9799953,57,0.7693025469779968
1565203767.1020677,58,0.7643742561340332
1565203768.2247329,59,0.750373363494873
1565203769.347643,60,0.7437276244163513
1565203770.4697118,61,0.7655316591262817
1565203771.5974994,62,0.7978270649909973
1565203772.7190561,63,0.779308557510376
1565203773.840256,64,0.7898372411727905
1565203774.961219,65,0.7876344323158264
1565203776.084122,66,0.7938321232795715
1565203777.2056305,67,0.826351523399353
1565203778.328472,68,0.8164575695991516
1565203779.449963,69,0.8119399547576904
1565203780.5721848,70,0.7923760414123535
1565203781.6948273,71,0.8251941204071045
1565203782.8216329,72,0.8446460366249084
1565203783.9436119,73,0.8345654010772705
1565203785.0655217,74,0.8298237919807434
1565203786.186999,75,0.8182497024536133
1565203787.308627,76,0.8547640442848206
1565203788.4301476,77,0.8101478219032288
1565203789.5516992,78,0.8472968935966492
1565203790.6735718,79,0.833407998085022
1565203791.797173,80,0.8567801713943481
1565203792.9213269,81,0.8346773982048035
1565203794.0432901,82,0.8582362532615662
1565203795.1653926,83,0.853718638420105
1565203796.2876065,84,0.846662163734436
1565203797.410111,85,0.8614097833633423
1565203798.5323954,86,0.8192951083183289
1565203799.654989,87,0.862977921962738
1565203800.7764676,88,0.8531959652900696
1565203801.9019816,89,0.8699223399162292
1565203803.0231638,90,0.8743279576301575
1565203804.144636,91,0.8822431564331055
1565203805.2677817,92,0.8951612710952759
1565203806.3906991,93,0.8915023803710938
1565203807.5170667,94,0.8698103427886963
1565203808.6414165,95,0.8907556533813477
1565203809.7635465,96,0.8971773982048035
1565203810.8882928,97,0.8664501309394836
1565203812.0159297,98,0.8880301713943481
1565203813.138017,99,0.8769788146018982
1565203814.26034,100,0.8924357891082764
1565203815.384612,101,0.8838112354278564
1565203816.506522,102,0.8929584622383118
1565203817.6298358,103,0.8851926326751709
1565203818.7514956,104,0.8839232325553894
1565203819.8757386,105,0.8867607712745667
1565203821.0018685,106,0.9013963341712952
1565203822.1254153,107,0.8891875743865967
1565203823.2482479,108,0.9142398238182068
1565203824.3713527,109,0.9110662937164307
1565203825.494498,110,0.9093862175941467
1565203826.6167817,111,0.9181227684020996
1565203827.741724,112,0.9069593548774719
1565203828.8645217,113,0.9183467626571655
1565203829.986115,114,0.8985214829444885
1565203831.1083012,115,0.9140158295631409
1565203832.230047,116,0.9008736610412598
1565203833.3526192,117,0.9048686027526855
1565203834.477633,118,0.9251791834831238
1565203835.6003082,119,0.9191681742668152
1565203836.724613,120,0.9110662937164307
1565203837.847199,121,0.9128584265708923
1565203838.9776506,122,0.9245445132255554
1565203840.100032,123,0.9237977862358093
1565203841.2227035,124,0.9245445132255554
1565203842.348574,125,0.9046445488929749
1565203843.471221,126,0.9290621280670166
1565203844.5933437,127,0.918757438659668
1565203845.7217138,128,0.937388002872467
1565203846.8452072,129,0.9215949773788452
1565203847.967725,130,0.9225283861160278
1565203849.0926797,131,0.9408602118492126
1565203850.216929,132,0.9466472268104553
1565203851.3403792,133,0.9362305998802185
1565203852.463004,134,0.9342144727706909
1565203853.58471,135,0.9494847655296326
1565203854.7058632,136,0.9310782551765442
1565203855.8303237,137,0.9355958700180054
1565203856.9525506,138,0.9354838728904724
1565203858.0747802,139,0.9333930611610413
1565203859.1988263,140,0.9250671863555908
1565203860.325003,141,0.9442204236984253
1565203861.4472353,142,0.8908677101135254
1565203862.5686276,143,0.9436977505683899
1565203863.6904714,144,0.9302195310592651
1565203864.812892,145,0.9417936205863953
1565203865.9353626,146,0.9314889311790466
1565203867.0569797,147,0.9321236610412598
1565203868.1787083,148,0.9465352296829224
1565203869.3007605,149,0.9540023803710938
1565203870.424732,150,0.9583333134651184
1565203871.551344,151,0.9530689716339111
1565203872.675854,152,0.95769864320755
1565203873.7981932,153,0.9318996667861938
1565203874.9227786,154,0.8934065103530884
1565203876.0464978,155,0.9524343013763428
1565203877.1693652,156,0.9408602118492126
1565203878.2918267,157,0.9587440490722656
1565203879.4167407,158,0.9505301713943481
1565203880.5381706,159,0.9542263746261597
1565203881.6604426,160,0.9564291834831238
1565203882.781998,161,0.9529569745063782
1565203883.906594,162,0.9407482147216797
1565203885.0293798,163,0.9413829445838928
1565203886.1518574,164,0.925477921962738
1565203887.274798,165,0.9623282551765442
1565203888.3981645,166,0.9610588550567627
1565203889.520506,167,0.8941158652305603
1565203890.6422317,168,0.9430630207061768
1565203891.766121,169,0.9436977505683899
1565203892.8899934,170,0.9611708521842957
1565203894.01182,171,0.966211199760437
1565203895.1344225,172,0.9528449773788452
1565203896.2578783,173,0.9586319923400879
1565203897.3794253,174,0.9510528445243835
1565203898.5017457,175,0.9524343013763428
1565203899.6282156,176,0.9104316234588623
1565203900.7550921,177,0.9529569745063782
1565203901.879145,178,0.9610588550567627
1565203903.0073507,179,0.9644190669059753
1565203904.1301272,180,0.9633736610412598
1565203905.2525973,181,0.96632319688797
1565203906.3762937,182,0.9547491073608398
1565203907.4978747,183,0.906847357749939
1565203908.6193604,184,0.9638963341712952
1565203909.7423658,185,0.9540023803710938
1565203910.8658016,186,0.9443324208259583
1565203911.9870725,187,0.9605361223220825
1565203913.1093183,188,0.9780092835426331
1565203914.232061,189,0.970318078994751
1565203915.3546815,190,0.9669578671455383
1565203916.4790576,191,0.9722222089767456
1565203917.607629,192,0.9603121280670166
1565203918.7295723,193,0.916106641292572
1565203919.851562,194,0.9628509283065796
1565203920.9746814,195,0.9542263746261597
1565203922.0973136,196,0.9638963341712952
1565203923.2218947,197,0.9750597476959229
1565203924.347764,198,0.9732676148414612
1565203925.4706335,199,0.9643070697784424
