Wall time,Step,Value
1565118571.4477878,0,0.34485357999801636
1565118573.297863,1,0.3759689927101135
1565118575.0288997,2,0.40264320373535156
1565118576.759536,3,0.41047587990760803
1565118578.4902868,4,0.4360734224319458
1565118580.2309978,5,0.4234226942062378
1565118581.9655957,6,0.44697460532188416
1565118583.6994717,7,0.46255922317504883
1565118585.4308317,8,0.4818044900894165
1565118587.1609163,9,0.45757967233657837
1565118588.9025226,10,0.481400728225708
1565118590.6464353,11,0.49884259700775146
1565118592.3871996,12,0.5046834349632263
1565118594.130118,13,0.5306309461593628
1565118595.8681538,14,0.4871339499950409
1565118597.6107638,15,0.5030146241188049
1565118599.3541884,16,0.5219100117683411
1565118601.0948176,17,0.5267549753189087
1565118602.8484309,18,0.5450043082237244
1565118604.5958195,19,0.5338878035545349
1565118606.340553,20,0.5493378639221191
1565118608.0806284,21,0.5458117723464966
1565118609.8270864,22,0.5450581312179565
1565118611.5783842,23,0.5562284588813782
1565118613.3474572,24,0.5588124394416809
1565118615.0951154,25,0.5616655945777893
1565118616.843593,26,0.5818260312080383
1565118618.5963197,27,0.5716246962547302
1565118620.342159,28,0.5852982401847839
1565118622.090468,29,0.5545865893363953
1565118623.8402708,30,0.5906815528869629
1565118625.5909142,31,0.5563092231750488
1565118627.339438,32,0.584679126739502
1565118629.095995,33,0.5564438104629517
1565118630.8498495,34,0.5998600125312805
1565118632.6004975,35,0.5955803394317627
1565118634.3554473,36,0.5914890170097351
1565118636.1212134,37,0.575150728225708
1565118637.8771746,38,0.5996447205543518
1565118639.6351707,39,0.6075043082237244
1565118641.3857613,40,0.5844100117683411
1565118643.151607,41,0.6065353155136108
1565118644.9160848,42,0.637839138507843
1565118646.6735482,43,0.5980835556983948
1565118648.4361262,44,0.6107612252235413
1565118650.2030656,45,0.6385389566421509
1565118651.9604418,46,0.6038167476654053
1565118653.7487893,47,0.6107612252235413
1565118655.5310097,48,0.6208279728889465
1565118657.3198562,49,0.6325365900993347
1565118659.0928328,50,0.6380544900894165
1565118660.889254,51,0.599321722984314
1565118662.6919096,52,0.6268841624259949
1565118664.4615252,53,0.5898470878601074
1565118666.2607648,54,0.6404500603675842
1565118668.0764878,55,0.6311100125312805
1565118669.8577724,56,0.5601044297218323
1565118671.6375823,57,0.6507859826087952
1565118673.4441464,58,0.6173557043075562
1565118675.2158887,59,0.6106266379356384
1565118677.0332818,60,0.6400193572044373
1565118678.8115034,61,0.6514050364494324
1565118680.5786297,62,0.6324020028114319
1565118682.3538904,63,0.6437069177627563
1565118684.18288,64,0.6649439930915833
1565118685.9916782,65,0.6710002422332764
1565118687.803233,66,0.6707310676574707
1565118689.6160207,67,0.6434916257858276
1565118691.4077942,68,0.6457526087760925
1565118693.228393,69,0.6274493932723999
1565118695.026051,70,0.6407192349433899
1565118696.8110082,71,0.6628445386886597
1565118698.5952866,72,0.6739341020584106
1565118700.3673952,73,0.6637865900993347
1565118702.1632798,74,0.6401001214981079
1565118703.9558425,75,0.6496824026107788
1565118705.7382054,76,0.6420650482177734
1565118707.533657,77,0.624434769153595
1565118709.3206918,78,0.5962532162666321
1565118711.1091735,79,0.6766526699066162
1565118712.8863938,80,0.6711886525154114
1565118714.6772444,81,0.6708656549453735
1565118716.4729702,82,0.6656976938247681
1565118718.2553594,83,0.6888996362686157
1565118720.0416424,84,0.6885766386985779
1565118721.8255532,85,0.6599913835525513
1565118723.5994525,86,0.6515396237373352
1565118725.3721457,87,0.666774332523346
1565118727.167001,88,0.6534237861633301
1565118728.9595225,89,0.6967323422431946
1565118730.7427835,90,0.6795058250427246
1565118732.521396,91,0.7014965415000916
1565118734.2954946,92,0.673664927482605
1565118736.0972471,93,0.5807493329048157
1565118737.8716044,94,0.6971361041069031
1565118739.7412083,95,0.667527973651886
1565118741.5248523,96,0.6918335556983948
1565118743.2918544,97,0.6910799145698547
1565118745.0600178,98,0.6722922325134277
1565118746.8186164,99,0.6767064929008484
1565118748.5968325,100,0.7055878639221191
1565118750.3616443,101,0.6827896237373352
1565118752.258462,102,0.655684769153595
1565118754.0717075,103,0.6682816743850708
1565118755.8337905,104,0.6791020631790161
1565118757.596064,105,0.6996662616729736
1565118759.3615983,106,0.6673126816749573
1565118761.1285727,107,0.6896533370018005
1565118762.89087,108,0.6650785803794861
1565118764.6906104,109,0.6530200242996216
1565118766.4558759,110,0.7209033370018005
1565118768.2191856,111,0.694767415523529
1565118769.9999113,112,0.7186423540115356
1565118771.7756207,113,0.698024332523346
1565118773.53738,114,0.6912144422531128
1565118775.3177447,115,0.6902723908424377
1565118777.0944061,116,0.7035422325134277
1565118778.8757613,117,0.6682816743850708
1565118780.6507611,118,0.6961939930915833
1565118782.4175835,119,0.7269595265388489
1565118784.2144084,120,0.7157891988754272
1565118785.998723,121,0.6649439930915833
1565118787.7829568,122,0.7125861048698425
1565118789.562387,123,0.689249575138092
1565118791.338814,124,0.614098846912384
1565118793.1150389,125,0.6965169906616211
1565118794.8913553,126,0.6748223304748535
1565118796.663984,127,0.6584840416908264
1565118798.436978,128,0.6477982401847839
1565118800.2071786,129,0.6954403519630432
1565118801.997259,130,0.6997200846672058
1565118803.7627401,131,0.7138780951499939
1565118805.534097,132,0.73239666223526
1565118807.298763,133,0.7207687497138977
1565118809.142455,134,0.679990291595459
1565118810.9166195,135,0.6511358618736267
1565118812.6870186,136,0.71912682056427
1565118814.450012,137,0.700339138507843
1565118816.2109952,138,0.7200150489807129
1565118817.9792976,139,0.7285206913948059
1565118819.7425086,140,0.6663167476654053
1565118821.5185776,141,0.7221953272819519
1565118823.2834225,142,0.7404446601867676
1565118825.052075,143,0.6871500611305237
1565118826.814195,144,0.6998007893562317
1565118828.5894873,145,0.71837317943573
1565118830.4765987,146,0.6549310684204102
1565118832.2753885,147,0.7353305220603943
1565118834.0419712,148,0.7110249996185303
1565118835.8032544,149,0.7327465415000916
1565118837.5574958,150,0.7137435674667358
1565118839.323306,151,0.7549257278442383
1565118841.0821254,152,0.7454780340194702
1565118842.8468153,153,0.7232181429862976
1565118844.6077738,154,0.7000699639320374
1565118846.375898,155,0.6910260319709778
1565118848.4540157,156,0.6085002422332764
1565118850.219165,157,0.6904608011245728
1565118851.9839826,158,0.750565230846405
1565118853.7503955,159,0.7083871364593506
1565118855.5155985,160,0.694821298122406
1565118857.2891865,161,0.7290051579475403
1565118859.059152,162,0.7381298542022705
1565118860.833881,163,0.7309700846672058
1565118862.6040854,164,0.7439706921577454
1565118864.4984233,165,0.7086563110351562
1565118866.3022237,166,0.7178348302841187
1565118868.0603814,167,0.7416558861732483
1565118869.8251097,168,0.7325312495231628
1565118871.587154,169,0.6824935674667358
1565118873.357284,170,0.7304317355155945
1565118875.1155372,171,0.7406330704689026
1565118876.8801157,172,0.7584787011146545
1565118878.655196,173,0.6701119542121887
1565118880.4192476,174,0.7185885310173035
1565118882.19288,175,0.742678701877594
1565118883.959943,176,0.7347114682197571
1565118885.7231524,177,0.7249945998191833
1565118887.4911957,178,0.7708602547645569
1565118889.26335,179,0.7528262138366699
1565118891.0325882,180,0.7115632891654968
1565118892.7961,181,0.7626237869262695
1565118894.564246,182,0.7174849510192871
1565118896.3356261,183,0.762085497379303
1565118898.108902,184,0.7456664443016052
1565118899.8815181,185,0.7333656549453735
1565118901.6448152,186,0.7203649878501892
1565118903.4132123,187,0.7210379242897034
1565118905.1801841,188,0.7489502429962158
1565118906.9703674,189,0.7293550968170166
1565118908.7399342,190,0.6820359826087952
1565118910.512981,191,0.7321274876594543
1565118912.2922468,192,0.7325312495231628
1565118914.0620115,193,0.7699182033538818
1565118915.829437,194,0.7396910190582275
1565118917.6097293,195,0.7281169295310974
1565118919.3860488,196,0.7537144422531128
1565118921.1586263,197,0.7382644414901733
1565118922.9205048,198,0.7169466018676758
1565118924.698849,199,0.7756244540214539
