Wall time,Step,Value
1565118571.5138702,0,0.23477128148078918
1565118573.2676845,1,0.40545743703842163
1565118574.9721289,2,0.42651721835136414
1565118576.6762877,3,0.45148324966430664
1565118578.3852541,4,0.4552762806415558
1565118580.0818644,5,0.49665987491607666
1565118581.7813096,6,0.4754868745803833
1565118583.4813902,7,0.47860053181648254
1565118585.1833553,8,0.4895833432674408
1565118586.88521,9,0.485224187374115
1565118588.6039147,10,0.5011888742446899
1565118590.311651,11,0.5190783739089966
1565118592.025068,12,0.5131340622901917
1565118593.733761,13,0.5023776888847351
1565118595.4467108,14,0.5140964388847351
1565118597.167634,15,0.5105298757553101
1565118598.8779306,16,0.511379063129425
1565118600.5906677,17,0.5336276888847351
1565118602.2960277,18,0.5363451242446899
1565118604.00671,19,0.5247395634651184
1565118605.7171543,20,0.4982450306415558
1565118607.4370675,21,0.5143229365348816
1565118609.1560154,22,0.5259284377098083
1565118610.8733773,23,0.5272305011749268
1565118612.613051,24,0.5253056883811951
1565118614.3298872,25,0.5247395634651184
1565118616.0538073,26,0.5257019996643066
1565118617.7760227,27,0.569463312625885
1565118619.506131,28,0.5562160611152649
1565118621.2199948,29,0.5376471877098083
1565118622.9445715,30,0.5294950008392334
1565118624.6681974,31,0.5625
1565118626.3963575,32,0.5534986257553101
1565118628.1180766,33,0.5708786249160767
1565118629.8475611,34,0.5487431883811951
1565118631.5748386,35,0.5614243745803833
1565118633.3124819,36,0.578125
1565118635.034902,37,0.5584805011749268
1565118636.7615144,38,0.5735960006713867
1565118638.484169,39,0.5748981237411499
1565118640.2076561,40,0.542119562625885
1565118641.931784,41,0.5810688138008118
1565118643.6555562,42,0.5497056245803833
1565118645.386514,43,0.5756340622901917
1565118647.1116235,44,0.5563292503356934
1565118648.8394668,45,0.5969203114509583
1565118650.5709825,46,0.5677083134651184
1565118652.309583,47,0.5662930011749268
1565118654.045958,48,0.5970335006713867
1565118655.783609,49,0.5847486257553101
1565118657.5288339,50,0.5925611257553101
1565118659.2984679,51,0.5685575008392334
1565118661.0432806,52,0.5891078114509583
1565118662.7953448,53,0.6022418737411499
1565118664.5355554,54,0.6006000638008118
1565118666.415762,55,0.5919383764266968
1565118668.2639494,56,0.6190556883811951
1565118670.0019183,57,0.5909193754196167
1565118671.7410235,58,0.5910326242446899
1565118673.4984162,59,0.5848618745803833
1565118675.2612956,60,0.6225656867027283
1565118677.0094123,61,0.5943161249160767
1565118678.7818296,62,0.5692368745803833
1565118680.5170538,63,0.6191689372062683
1565118682.3968294,64,0.6079596877098083
1565118684.2065976,65,0.6206974387168884
1565118685.9343193,66,0.6086390614509583
1565118687.658805,67,0.6089786887168884
1565118689.3901355,68,0.6089221239089966
1565118691.1234007,69,0.6131114363670349
1565118692.8721554,70,0.6073369383811951
1565118694.6091974,71,0.6364356875419617
1565118696.3556461,72,0.592900812625885
1565118698.0881627,73,0.6047328114509583
1565118699.825781,74,0.6398890614509583
1565118701.5755608,75,0.625339686870575
1565118703.313989,76,0.61939537525177
1565118705.0633714,77,0.62839674949646
1565118706.8159292,78,0.6061481237411499
1565118708.549433,79,0.628057062625885
1565118710.3073404,80,0.6531363129615784
1565118712.0609171,81,0.5874660611152649
1565118713.9130332,82,0.6494565010070801
1565118715.6664724,83,0.6152626872062683
1565118717.4264507,84,0.6118659377098083
1565118719.1559806,85,0.6426064372062683
1565118720.9149036,86,0.6368319988250732
1565118722.6506302,87,0.6424931883811951
1565118724.3919601,88,0.678328812122345
1565118726.1434295,89,0.631963312625885
1565118727.9045165,90,0.6636661887168884
1565118729.6560304,91,0.6485507488250732
1565118731.393021,92,0.6508718132972717
1565118733.128938,93,0.6222259998321533
1565118734.8791897,94,0.6318500638008118
1565118736.629638,95,0.6434556245803833
1565118738.3782797,96,0.6594203114509583
1565118740.1174169,97,0.647588312625885
1565118741.8620312,98,0.6580049991607666
1565118743.6020596,99,0.6556272506713867
1565118745.3420672,100,0.6516078114509583
1565118747.1143117,101,0.6585711240768433
1565118748.8648732,102,0.6675724387168884
1565118750.6058714,103,0.6408514380455017
1565118752.3495836,104,0.6672328114509583
1565118754.0950487,105,0.6721014380455017
1565118755.8445647,106,0.6714786887168884
1565118757.5930955,107,0.6758378744125366
1565118759.3295574,108,0.6634397506713867
1565118761.082088,109,0.6675724387168884
1565118762.833808,110,0.6333786249160767
1565118764.574419,111,0.6757246255874634
1565118766.323998,112,0.6926517486572266
1565118768.0536587,113,0.6291326880455017
1565118769.793709,114,0.6494565010070801
1565118771.5342028,115,0.6737431883811951
1565118773.2811186,116,0.6680819988250732
1565118775.022179,117,0.7067481875419617
1565118776.7631686,118,0.6700633764266968
1565118778.5125058,119,0.6615715622901917
1565118780.249842,120,0.6884058117866516
1565118781.9868531,121,0.6872169375419617
1565118783.7328882,122,0.6578917503356934
1565118785.4872835,123,0.6871036887168884
1565118787.2177186,124,0.6466258764266968
1565118788.946311,125,0.6781023740768433
1565118790.6932187,126,0.6597599387168884
1565118792.438112,127,0.6739696264266968
1565118794.1787064,128,0.6784420013427734
1565118795.9280334,129,0.6899343132972717
1565118797.6634707,130,0.6901607513427734
1565118799.421851,131,0.6641191244125366
1565118801.160994,132,0.67527174949646
1565118803.0239205,133,0.6778758764266968
1565118804.7823074,134,0.6938405632972717
1565118806.53477,135,0.6946897506713867
1565118808.2735991,136,0.68189537525177
1565118810.0065286,137,0.6673460006713867
1565118811.7327228,138,0.71144700050354
1565118813.464922,139,0.6715919375419617
1565118815.197606,140,0.70923912525177
1565118816.9261484,141,0.7016530632972717
1565118818.655466,142,0.7129189372062683
1565118820.39014,143,0.6885190010070801
1565118822.1225328,144,0.682744562625885
1565118823.8551507,145,0.6867640614509583
1565118825.597519,146,0.6918591260910034
1565118827.3458943,147,0.7030683755874634
1565118829.0815175,148,0.6763473749160767
1565118830.8184516,149,0.6831974387168884
1565118832.557664,150,0.7003509998321533
1565118834.298961,151,0.6930480003356934
1565118836.0421104,152,0.7004642486572266
1565118837.7748811,153,0.717391312122345
1565118839.5365026,154,0.68580162525177
1565118841.2863324,155,0.7060122489929199
1565118843.0263464,156,0.7278079986572266
1565118844.7589865,157,0.729110062122345
1565118846.5098774,158,0.7115036249160767
1565118848.249491,159,0.7016530632972717
1565118849.9769137,160,0.7216372489929199
1565118851.7210023,161,0.68699049949646
1565118853.4569747,162,0.7171648740768433
1565118855.2022512,163,0.7079370617866516
1565118856.9354882,164,0.7293365001678467
1565118858.6823559,165,0.72995924949646
1565118860.421149,166,0.7000113129615784
1565118862.158344,167,0.7156363129615784
1565118863.9067004,168,0.6945765614509583
1565118865.6468494,169,0.6778758764266968
1565118867.3869283,170,0.6935008764266968
1565118869.1185846,171,0.7171648740768433
1565118870.8525999,172,0.716202437877655
1565118872.5835457,173,0.6753849387168884
1565118874.308924,174,0.7421308755874634
1565118876.0432668,175,0.7087862491607666
1565118877.7843857,176,0.7186933755874634
1565118879.519723,177,0.6847826242446899
1565118881.2540004,178,0.7276947498321533
1565118882.9902282,179,0.7137115001678467
1565118884.7309568,180,0.7480751872062683
1565118886.4701676,181,0.7314877510070801
1565118888.2145128,182,0.7306385636329651
1565118889.954932,183,0.7045969367027283
1565118891.689332,184,0.7012001872062683
1565118893.4172847,185,0.7541893124580383
1565118895.149017,186,0.72095787525177
1565118896.8743246,187,0.6933876872062683
1565118898.6156626,188,0.6941802501678467
1565118900.353112,189,0.7445086240768433
1565118902.0941014,190,0.7253170013427734
1565118903.825094,191,0.7274683117866516
1565118905.5578015,192,0.7333559989929199
1565118907.3241844,193,0.7129189372062683
1565118909.0760283,194,0.74779212474823
1565118910.8230312,195,0.7304121255874634
1565118912.5676498,196,0.7343183755874634
1565118914.311592,197,0.7126924991607666
1565118916.0566494,198,0.7343183755874634
1565118917.8144896,199,0.7129189372062683
