Wall time,Step,Value
1565118571.43104,0,0.4027777910232544
1565118573.3333564,1,0.4270833432674408
1565118575.102926,2,0.30439814925193787
1565118576.8697197,3,0.32870370149612427
1565118578.6410592,4,0.46875
1565118580.411797,5,0.36226850748062134
1565118582.1797674,6,0.49768519401550293
1565118583.9486234,7,0.35879629850387573
1565118585.7181091,8,0.40162035822868347
1565118587.4904308,9,0.5115740895271301
1565118589.2649786,10,0.5138888955116272
1565118591.038725,11,0.42476850748062134
1565118592.811213,12,0.5590277910232544
1565118594.5889988,13,0.43981480598449707
1565118596.3665478,14,0.5439814925193787
1565118598.1437411,15,0.4444444477558136
1565118599.9199038,16,0.5648148059844971
1565118601.7401953,17,0.46875
1565118603.5185106,18,0.5717592835426331
1565118605.294576,19,0.5659722089767456
1565118607.0771496,20,0.5810185074806213
1565118608.861509,21,0.45949074625968933
1565118610.6440675,22,0.4618055522441864
1565118612.4355028,23,0.4826388955116272
1565118614.2179093,24,0.5694444179534912
1565118616.0089498,25,0.5914351940155029
1565118617.797703,26,0.5902777910232544
1565118619.5785499,27,0.5925925970077515
1565118621.364351,28,0.48495370149612427
1565118623.143539,29,0.4826388955116272
1565118624.9274962,30,0.48495370149612427
1565118626.7127042,31,0.48032405972480774
1565118628.4975824,32,0.48032405972480774
1565118630.2866654,33,0.5034722089767456
1565118632.0692089,34,0.6273148059844971
1565118633.8558085,35,0.5046296119689941
1565118635.6398094,36,0.5104166865348816
1565118637.4258573,37,0.5011574029922485
1565118639.2160058,38,0.6261574029922485
1565118641.0032134,39,0.5810185074806213
1565118642.7894497,40,0.49189814925193787
1565118644.5764897,41,0.4895833432674408
1565118646.3706744,42,0.6064814925193787
1565118648.1601276,43,0.6168981194496155
1565118649.9482772,44,0.49768519401550293
1565118651.7544286,45,0.48148149251937866
1565118653.5709844,46,0.5682870149612427
1565118655.3841443,47,0.6053240895271301
1565118657.1983752,48,0.5185185074806213
1565118659.0239577,49,0.6319444179534912
1565118660.8398948,50,0.5231481194496155
1565118662.653249,51,0.47337964177131653
1565118664.4667394,52,0.5046296119689941
1565118666.2874022,53,0.6284722089767456
1565118668.0990114,54,0.5162037014961243
1565118669.9160914,55,0.6122685074806213
1565118671.7301397,56,0.5104166865348816
1565118673.5364208,57,0.6145833134651184
1565118675.3542283,58,0.5104166865348816
1565118677.1503048,59,0.6354166865348816
1565118679.0052104,60,0.6273148059844971
1565118680.812215,61,0.6365740895271301
1565118682.608704,62,0.5277777910232544
1565118684.4425154,63,0.5208333134651184
1565118686.2623637,64,0.6307870149612427
1565118688.0595503,65,0.6365740895271301
1565118689.8668728,66,0.5185185074806213
1565118691.694739,67,0.6087962985038757
1565118693.5208275,68,0.5254629850387573
1565118695.3440948,69,0.6087962985038757
1565118697.16454,70,0.6319444179534912
1565118698.977998,71,0.6631944179534912
1565118700.7939475,72,0.53125
1565118702.6083632,73,0.5289351940155029
1565118704.4186354,74,0.5416666865348816
1565118706.2247546,75,0.5289351940155029
1565118708.0436542,76,0.6516203880310059
1565118709.8455389,77,0.5451388955116272
1565118711.6502938,78,0.5127314925193787
1565118713.4744806,79,0.6273148059844971
1565118715.294678,80,0.6365740895271301
1565118717.1022663,81,0.5405092835426331
1565118718.9236538,82,0.6539351940155029
1565118720.8544643,83,0.6608796119689941
1565118722.7086093,84,0.6597222089767456
1565118724.5083585,85,0.6631944179534912
1565118726.2980487,86,0.5497685074806213
1565118728.0982277,87,0.65625
1565118729.8913233,88,0.6597222089767456
1565118731.6938152,89,0.5405092835426331
1565118733.4966047,90,0.6446759104728699
1565118735.3075366,91,0.6423611044883728
1565118737.1099932,92,0.5347222089767456
1565118738.912446,93,0.5231481194496155
1565118740.723154,94,0.6805555820465088
1565118742.5104127,95,0.6759259104728699
1565118744.3239243,96,0.6504629850387573
1565118746.1324499,97,0.5451388955116272
1565118747.9432282,98,0.6458333134651184
1565118749.7352653,99,0.5254629850387573
1565118751.5265408,100,0.5474537014961243
1565118753.3319385,101,0.6469907164573669
1565118755.1509871,102,0.6458333134651184
1565118756.9467106,103,0.5462962985038757
1565118758.778421,104,0.4930555522441864
1565118760.5941563,105,0.6180555820465088
1565118762.413056,106,0.5567129850387573
1565118764.2128763,107,0.5358796119689941
1565118766.0240567,108,0.6840277910232544
1565118767.837338,109,0.5486111044883728
1565118769.6375308,110,0.6608796119689941
1565118771.4451342,111,0.6828703880310059
1565118773.2456322,112,0.6770833134651184
1565118775.0513155,113,0.6770833134651184
1565118776.8436794,114,0.5648148059844971
1565118778.6462564,115,0.43171295523643494
1565118780.4544957,116,0.6805555820465088
1565118782.244748,117,0.6759259104728699
1565118784.061338,118,0.6828703880310059
1565118785.8699622,119,0.6909722089767456
1565118787.6666965,120,0.6793981194496155
1565118789.4715807,121,0.6724537014961243
1565118791.280677,122,0.6759259104728699
1565118793.0993412,123,0.6898148059844971
1565118794.903789,124,0.6944444179534912
1565118796.78696,125,0.6793981194496155
1565118798.5927777,126,0.5370370149612427
1565118800.382772,127,0.47800925374031067
1565118802.1769109,128,0.6597222089767456
1565118803.9795554,129,0.5567129850387573
1565118805.7820144,130,0.6527777910232544
1565118807.5745382,131,0.6828703880310059
1565118809.3749416,132,0.5752314925193787
1565118811.170703,133,0.6828703880310059
1565118812.977014,134,0.6828703880310059
1565118814.777431,135,0.5324074029922485
1565118816.581744,136,0.5358796119689941
1565118818.3787441,137,0.5625
1565118820.1874568,138,0.5868055820465088
1565118821.9887798,139,0.6689814925193787
1565118823.7983544,140,0.6678240895271301
1565118825.5936387,141,0.6840277910232544
1565118827.4022791,142,0.5625
1565118829.2045577,143,0.5613425970077515
1565118831.0062869,144,0.6863425970077515
1565118832.8107889,145,0.6840277910232544
1565118834.6023684,146,0.5833333134651184
1565118836.404396,147,0.6747685074806213
1565118838.1982484,148,0.5613425970077515
1565118840.0084279,149,0.6875
1565118841.8025968,150,0.6863425970077515
1565118843.602462,151,0.6851851940155029
1565118845.400239,152,0.5844907164573669
1565118847.210545,153,0.5208333134651184
1565118849.0234199,154,0.5393518805503845
1565118850.82449,155,0.6678240895271301
1565118852.6364295,156,0.6701388955116272
1565118854.4254863,157,0.6909722089767456
1565118856.223015,158,0.59375
1565118858.0206356,159,0.6655092835426331
1565118859.8252127,160,0.7141203880310059
1565118861.6391132,161,0.5949074029922485
1565118863.4343143,162,0.5868055820465088
1565118865.2405696,163,0.6851851940155029
1565118867.0376382,164,0.7106481194496155
1565118868.8357856,165,0.7013888955116272
1565118870.6323917,166,0.7048611044883728
1565118872.430261,167,0.7071759104728699
1565118874.2311158,168,0.5682870149612427
1565118876.0861516,169,0.5949074029922485
1565118877.8885548,170,0.6828703880310059
1565118879.6932416,171,0.5740740895271301
1565118881.4877295,172,0.6979166865348816
1565118883.2830706,173,0.5983796119689941
1565118885.0802188,174,0.6076388955116272
1565118886.8770854,175,0.5601851940155029
1565118888.6647034,176,0.6840277910232544
1565118890.456367,177,0.5879629850387573
1565118892.2520401,178,0.7071759104728699
1565118894.047067,179,0.6979166865348816
1565118895.8655598,180,0.7094907164573669
1565118897.664812,181,0.5879629850387573
1565118899.4594803,182,0.7094907164573669
1565118901.2745993,183,0.7164351940155029
1565118903.0742664,184,0.7013888955116272
1565118904.874105,185,0.5740740895271301
1565118906.6662445,186,0.6226851940155029
1565118908.4596648,187,0.59375
1565118910.2483687,188,0.6018518805503845
1565118912.0482972,189,0.5682870149612427
1565118913.8451822,190,0.6875
1565118915.665326,191,0.7094907164573669
1565118917.478067,192,0.6018518805503845
1565118919.2825074,193,0.5879629850387573
1565118921.0955336,194,0.7094907164573669
1565118922.89989,195,0.6909722089767456
1565118924.7105505,196,0.7060185074806213
1565118926.517733,197,0.5983796119689941
1565118928.3346329,198,0.5798611044883728
1565118930.1455886,199,0.7175925970077515
