Wall time,Step,Value
1565118572.1631012,0,0.2837752401828766
1565118573.8394225,1,0.3167087435722351
1565118575.5046012,2,0.31439393758773804
1565118577.1704106,3,0.2996633052825928
1565118578.8387532,4,0.3170244097709656
1565118580.5047746,5,0.3042929172515869
1565118582.1706882,6,0.31334173679351807
1565118583.8391945,7,0.3269149959087372
1565118585.5053785,8,0.32723063230514526
1565118587.1733053,9,0.3234427571296692
1565118588.8415875,10,0.33670035004615784
1565118590.5112865,11,0.3517466187477112
1565118592.1816137,12,0.3343855142593384
1565118593.8522952,13,0.32081228494644165
1565118595.5248725,14,0.33648988604545593
1565118597.1983514,15,0.3303872048854828
1565118598.8847742,16,0.3899410665035248
1565118600.5590487,17,0.4104587435722351
1565118602.2323048,18,0.3254419267177582
1565118603.9055932,19,0.36742424964904785
1565118605.5809388,20,0.39772728085517883
1565118607.275506,21,0.33912035822868347
1565118608.9515655,22,0.40119948983192444
1565118610.6316285,23,0.36763468384742737
1565118612.3099077,24,0.3338594138622284
1565118613.9876678,25,0.3285984992980957
1565118615.6664052,26,0.3616372048854828
1565118617.3443925,27,0.28787878155708313
1565118619.0218327,28,0.29282405972480774
1565118620.7032773,29,0.37636783719062805
1565118622.383087,30,0.3532196879386902
1565118624.0636528,31,0.3841540515422821
1565118625.7436705,32,0.2938762605190277
1565118627.4240441,33,0.37142255902290344
1565118629.107377,34,0.33270201086997986
1565118630.7877162,35,0.37689393758773804
1565118632.4689183,36,0.4296085834503174
1565118634.152023,37,0.39520201086997986
1565118635.833174,38,0.36942338943481445
1565118637.515053,39,0.38383838534355164
1565118639.1982071,40,0.34859007596969604
1565118640.8798895,41,0.4330808222293854
1565118642.5619903,42,0.3824705481529236
1565118644.2530618,43,0.34332913160324097
1565118645.9368186,44,0.40909090638160706
1565118647.6304557,45,0.2988215386867523
1565118649.3147805,46,0.36100590229034424
1565118651.0010056,47,0.38183921575546265
1565118652.6849792,48,0.41361531615257263
1565118654.368609,49,0.34427610039711
1565118656.052649,50,0.4332912564277649
1565118657.73796,51,0.433606892824173
1565118659.420795,52,0.31912878155708313
1565118661.1051705,53,0.4199284613132477
1565118662.7888663,54,0.49842172861099243
1565118664.4757144,55,0.32607322931289673
1565118666.1621776,56,0.36763468384742737
1565118667.8504493,57,0.43013468384742737
1565118669.535378,58,0.3601641356945038
1565118671.2204318,59,0.4099326729774475
1565118672.9062562,60,0.40435606241226196
1565118674.5915945,61,0.405303031206131
1565118676.277281,62,0.47706228494644165
1565118677.9649315,63,0.3616372048854828
1565118679.654389,64,0.4018308222293854
1565118681.3409123,65,0.32028618454933167
1565118683.0257785,66,0.35206228494644165
1565118684.710704,67,0.37457913160324097
1565118686.3954473,68,0.3601641356945038
1565118688.0811117,69,0.4431818127632141
1565118689.7657876,70,0.3534301221370697
1565118691.4502163,71,0.3393308222293854
1565118693.134691,72,0.3170244097709656
1565118694.819889,73,0.33638468384742737
1565118696.5156252,74,0.36994948983192444
1565118698.2019193,75,0.32607322931289673
1565118699.8868322,76,0.3274410665035248
1565118701.5707457,77,0.3295454680919647
1565118703.2566695,78,0.3040824830532074
1565118704.9414945,79,0.3998316526412964
1565118706.6428964,80,0.36910775303840637
1565118708.3308837,81,0.4177188575267792
1565118710.0165315,82,0.34311869740486145
1565118711.7021503,83,0.40761783719062805
1565118713.3911417,84,0.3424873650074005
1565118715.0769546,85,0.3563762605190277
1565118716.7635124,86,0.3323863744735718
1565118718.4511452,87,0.3156565725803375
1565118720.136121,88,0.3497474789619446
1565118721.8214931,89,0.39194023609161377
1565118723.5095794,90,0.3350168466567993
1565118725.1955893,91,0.3529040515422821
1565118726.881615,92,0.3419612646102905
1565118728.584429,93,0.34364476799964905
1565118730.2718825,94,0.4079335033893585
1565118731.9584024,95,0.3477483093738556
1565118733.644817,96,0.36247894167900085
1565118735.3319201,97,0.34164562821388245
1565118737.0168478,98,0.4429713785648346
1565118738.7035506,99,0.2956649959087372
1565118740.3918579,100,0.4764309823513031
1565118742.0782828,101,0.3578493297100067
1565118743.7654316,102,0.38499578833580017
1565118745.4522386,103,0.38857322931289673
1565118747.138654,104,0.3945707082748413
1565118748.8250868,105,0.44854798913002014
1565118750.5107772,106,0.35027357935905457
1565118752.1957197,107,0.4372895658016205
1565118753.8813934,108,0.30986952781677246
1565118755.567745,109,0.3295454680919647
1565118757.253263,110,0.4119318127632141
1565118758.9397511,111,0.5210437774658203
1565118760.626123,112,0.35353535413742065
1565118762.3154078,113,0.3373316526412964
1565118764.0018117,114,0.38731059432029724
1565118765.688254,115,0.37142255902290344
1565118767.3726327,116,0.31386783719062805
1565118769.0579004,117,0.32281145453453064
1565118770.7460902,118,0.3289141356945038
1565118772.4313736,119,0.31302610039711
1565118774.1201694,120,0.3980429172515869
1565118775.8048952,121,0.3936237394809723
1565118777.490053,122,0.35753366351127625
1565118779.1763291,123,0.3633207082748413
1565118780.8618052,124,0.32723063230514526
1565118782.550004,125,0.372579962015152
1565118784.2474873,126,0.309553861618042
1565118785.9324944,127,0.5045244097709656
1565118787.6164684,128,0.3621633052825928
1565118789.300642,129,0.3424873650074005
1565118790.9876192,130,0.3697390556335449
1565118792.6709778,131,0.33817338943481445
1565118794.3567748,132,0.2864057123661041
1565118796.0419583,133,0.32228535413742065
1565118797.7276392,134,0.4674873650074005
1565118799.4122221,135,0.3618476390838623
1565118801.0977678,136,0.37468433380126953
1565118802.7841244,137,0.34659090638160706
1565118804.4683738,138,0.5105218887329102
1565118806.1644688,139,0.3419612646102905
1565118807.8501563,140,0.3671085834503174
1565118809.53407,141,0.5695496797561646
1565118811.2201047,142,0.30692338943481445
1565118812.905557,143,0.37784090638160706
1565118814.590536,144,0.32428452372550964
1565118816.2757428,145,0.29945287108421326
1565118817.9620461,146,0.4223484992980957
1565118819.647026,147,0.5022096037864685
1565118821.3437548,148,0.5368266105651855
1565118823.0314534,149,0.3899410665035248
1565118824.7199304,150,0.32922980189323425
1565118826.4065726,151,0.3752104341983795
1565118828.09186,152,0.3682659864425659
1565118829.776788,153,0.4107744097709656
1565118831.4620461,154,0.37931397557258606
1565118833.1505294,155,0.3864688575267792
1565118834.8341863,156,0.3685816526412964
1565118836.522248,157,0.3627946078777313
1565118838.2064164,158,0.49000421166419983
1565118839.8924737,159,0.3340698778629303
1565118841.5786042,160,0.37636783719062805
1565118843.2634842,161,0.35374578833580017
1565118844.948799,162,0.3072390556335449
1565118846.6329353,163,0.45128366351127625
1565118848.3151033,164,0.3439604341983795
1565118850.0014489,165,0.3479587435722351
1565118851.6859858,166,0.3841540515422821
1565118853.370404,167,0.39025673270225525
1565118855.056016,168,0.3543770909309387
1565118856.7392957,169,0.4157196879386902
1565118858.4230413,170,0.3647937774658203
1565118860.1072667,171,0.45422980189323425
1565118861.7915611,172,0.40730220079421997
1565118863.479303,173,0.35027357935905457
1565118865.1646981,174,0.41950756311416626
1565118866.8486679,175,0.3563762605190277
1565118868.5325034,176,0.38331228494644165
1565118870.2180166,177,0.40267255902290344
1565118871.9048753,178,0.39025673270225525
1565118873.5900526,179,0.46917086839675903
1565118875.2727404,180,0.34111952781677246
1565118876.9578142,181,0.3786826729774475
1565118878.644439,182,0.3766835033893585
1565118880.3300118,183,0.560606062412262
1565118882.0142224,184,0.3995159864425659
1565118883.6981273,185,0.4405513405799866
1565118885.3822465,186,0.3586910665035248
1565118887.066668,187,0.3558501601219177
1565118888.751466,188,0.3459596037864685
1565118890.4360178,189,0.3963594138622284
1565118892.1196597,190,0.4972642958164215
1565118893.804959,191,0.3801557123661041
1565118895.4880002,192,0.37342172861099243
1565118897.172489,193,0.3373316526412964
1565118898.8567379,194,0.4585437774658203
1565118900.540974,195,0.38531145453453064
1565118902.2253208,196,0.3477483093738556
1565118903.9092128,197,0.3910984992980957
1565118905.5963626,198,0.4177188575267792
1565118907.2882667,199,0.34364476799964905
