Wall time,Step,Value
1565118572.4859831,0,0.29322075843811035
1565118574.0963655,1,0.359375
1565118575.692572,2,0.3414398431777954
1565118577.2881956,3,0.38827285170555115
1565118578.8858168,4,0.3949512839317322
1565118580.4845607,5,0.4205729067325592
1565118582.0818305,6,0.37474799156188965
1565118583.681221,7,0.39709341526031494
1565118585.2810931,8,0.4455225169658661
1565118586.8832278,9,0.4310735762119293
1565118588.4835482,10,0.42090892791748047
1565118590.0856907,11,0.4509408473968506
1565118591.6865141,12,0.44447243213653564
1565118593.3019674,13,0.49273353815078735
1565118594.9031956,14,0.4313676059246063
1565118596.5063405,15,0.4380880296230316
1565118598.1101136,16,0.42754536867141724
1565118599.7282624,17,0.4562332034111023
1565118601.3320909,18,0.4667758643627167
1565118602.9364712,19,0.4745883643627167
1565118604.5422237,20,0.46160954236984253
1565118606.14897,21,0.4824848771095276
1565118607.7579517,22,0.46648186445236206
1565118609.3646019,23,0.5161290168762207
1565118610.976507,24,0.48504704236984253
1565118612.6019127,25,0.5059643983840942
1565118614.2105262,26,0.5149109363555908
1565118615.8181484,27,0.5228074789047241
1565118617.4263818,28,0.4823588728904724
1565118619.0334423,29,0.5009240508079529
1565118620.641383,30,0.5277217626571655
1565118622.2512653,31,0.5451108813285828
1565118623.860501,32,0.5141969323158264
1565118625.4712358,33,0.5138188600540161
1565118627.081834,34,0.5318800210952759
1565118628.6915867,35,0.5358703136444092
1565118630.3015358,36,0.5280578136444092
1565118631.9113374,37,0.5437667965888977
1565118633.521052,38,0.5386424660682678
1565118635.1334438,39,0.543724775314331
1565118636.742935,40,0.5504032373428345
1565118638.3531797,41,0.5696824789047241
1565118639.9630792,42,0.5555695295333862
1565118641.5779202,43,0.5749328136444092
1565118643.1903226,44,0.5731266736984253
1565118644.8034697,45,0.5473370552062988
1565118646.4164956,46,0.5504451990127563
1565118648.0290651,47,0.5762348771095276
1565118649.668163,48,0.5933299660682678
1565118651.2847738,49,0.5671203136444092
1565118652.8991394,50,0.5830393433570862
1565118654.5151856,51,0.5895917415618896
1565118656.1317556,52,0.5505712628364563
1565118657.7453685,53,0.5799311399459839
1565118659.359692,54,0.5825352668762207
1565118660.9745986,55,0.5907678008079529
1565118662.589181,56,0.5513272881507874
1565118664.2066681,57,0.5642220973968506
1565118665.8211346,58,0.5032762289047241
1565118667.437032,59,0.6080309152603149
1565118669.0525908,60,0.6052167415618896
1565118670.6657794,61,0.6010584831237793
1565118672.2805264,62,0.5604838728904724
1565118673.894222,63,0.5919858813285828
1565118675.510942,64,0.5869455933570862
1565118677.126766,65,0.5816532373428345
1565118678.741187,66,0.604880690574646
1565118680.359638,67,0.6273521780967712
1565118681.972689,68,0.6454553008079529
1565118683.5878878,69,0.5971522331237793
1565118685.2021227,70,0.6079888939857483
1565118686.8165379,71,0.5908098220825195
1565118688.435147,72,0.6169354915618896
1565118690.0500786,73,0.5999664068222046
1565118691.665562,74,0.6223958134651184
1565118693.2809696,75,0.6092910170555115
1565118694.894565,76,0.6446152329444885
1565118696.514408,77,0.6394069194793701
1565118698.1290312,78,0.6234459280967712
1565118699.7716663,79,0.6104670763015747
1565118701.3850973,80,0.6024865508079529
1565118703.0012386,81,0.6507896780967712
1565118704.6151316,82,0.6208417415618896
1565118706.2281666,83,0.6496555805206299
1565118707.8446734,84,0.6507476568222046
1565118709.4585576,85,0.6200016736984253
1565118711.0750844,86,0.6499075889587402
1565118712.6916723,87,0.6207157373428345
1565118714.3046,88,0.6313424110412598
1565118715.9207132,89,0.6523017287254333
1565118717.5346432,90,0.6117691397666931
1565118719.1480527,91,0.6416750550270081
1565118720.76428,92,0.6116851568222046
1565118722.3789198,93,0.6534358263015747
1565118723.9915087,94,0.6376848220825195
1565118725.6076272,95,0.6431871652603149
1565118727.22206,96,0.6614583134651184
1565118728.8359706,97,0.6375588178634644
1565118730.4512038,98,0.6589381694793701
1565118732.0639167,99,0.5842154026031494
1565118733.690073,100,0.6483114957809448
1565118735.3055615,101,0.6349546313285828
1565118736.9210484,102,0.6432711482048035
1565118738.537602,103,0.6459173560142517
1565118740.1545606,104,0.6338625550270081
1565118741.7715588,105,0.6652805805206299
1565118743.3858223,106,0.6773773431777954
1565118745.0242434,107,0.6784694194793701
1565118746.6391644,108,0.6367607712745667
1565118748.2538664,109,0.582619309425354
1565118749.8697205,110,0.6601142287254333
1565118751.4837782,111,0.6767893433570862
1565118753.097918,112,0.6654486060142517
1565118754.7151613,113,0.6914482712745667
1565118756.330093,114,0.652049720287323
1565118757.9451435,115,0.633400559425354
1565118759.5606298,116,0.6470513939857483
1565118761.1750462,117,0.6835097670555115
1565118762.789165,118,0.6678847670555115
1565118764.403932,119,0.6664146780967712
1565118766.018401,120,0.6888861060142517
1565118767.6341598,121,0.6938003897666931
1565118769.249713,122,0.6480594873428345
1565118770.8649595,123,0.6705729365348816
1565118772.4779198,124,0.6288642287254333
1565118774.0924644,125,0.6627604365348816
1565118775.7076478,126,0.6691028475761414
1565118777.3208423,127,0.6966145634651184
1565118778.9393167,128,0.6612483263015747
1565118780.5517087,129,0.683887779712677
1565118782.1661813,130,0.7047631144523621
1565118783.7801533,131,0.663768470287323
1565118785.396873,132,0.6430191397666931
1565118787.0099347,133,0.6483114957809448
1565118788.6277053,134,0.6586441397666931
1565118790.2439141,135,0.6286542415618896
1565118791.8595858,136,0.6966145634651184
1565118793.484927,137,0.6967405676841736
1565118795.2026846,138,0.68359375
1565118796.8159802,139,0.6978746652603149
1565118798.429952,140,0.7084173560142517
1565118800.0445104,141,0.6939684152603149
1565118801.6597266,142,0.6981266736984253
1565118803.2733395,143,0.7010248899459839
1565118804.8864176,144,0.6338625550270081
1565118806.502232,145,0.6968665719032288
1565118808.1175687,146,0.7121555805206299
1565118809.7307107,147,0.7097614407539368
1565118811.3460631,148,0.69921875
1565118812.9596364,149,0.7095094323158264
1565118814.5731876,150,0.6966986060142517
1565118816.1890082,151,0.7034610509872437
1565118817.803898,152,0.7019069194793701
1565118819.4183407,153,0.6966986060142517
1565118821.0325394,154,0.6769573092460632
1565118822.6466541,155,0.6694388389587402
1565118824.2606149,156,0.7097614407539368
1565118825.8723876,157,0.6851898431777954
1565118827.4886372,158,0.7241263389587402
1565118829.1040082,159,0.6990927457809448
1565118830.719443,160,0.7035450339317322
1565118832.3341546,161,0.6914902329444885
1565118833.947369,162,0.7189180254936218
1565118835.5645676,163,0.7151798009872437
1565118837.176981,164,0.7004368305206299
1565118838.792218,165,0.6901881694793701
1565118840.4103088,166,0.7175319194793701
1565118842.0245438,167,0.7176579236984253
1565118843.639352,168,0.6940523982048035
1565118845.25521,169,0.6863659024238586
1565118846.867749,170,0.6784694194793701
1565118848.4843564,171,0.7098034024238586
1565118850.0990024,172,0.7033770084381104
1565118851.7134323,173,0.7372311949729919
1565118853.3282135,174,0.715137779712677
1565118854.9407492,175,0.7230342626571655
1565118856.553554,176,0.729712724685669
1565118858.1665337,177,0.6913222670555115
1565118859.7809596,178,0.7163138389587402
1565118861.3966296,179,0.7018648982048035
1565118863.0118866,180,0.6758652329444885
1565118864.6277227,181,0.7201361060142517
1565118866.2426655,182,0.7124075889587402
1565118867.8573823,183,0.7345849871635437
1565118869.470999,184,0.7123236060142517
1565118871.0841057,185,0.730762779712677
1565118872.6978161,186,0.7147597670555115
1565118874.3096442,187,0.6849798560142517
1565118875.9265323,188,0.7374832034111023
1565118877.5410826,189,0.7040910720825195
1565118879.1584806,190,0.734375
1565118880.7729723,191,0.6903561949729919
1565118882.3862042,192,0.6610382795333862
1565118884.002548,193,0.6677167415618896
1565118885.6173031,194,0.7409273982048035
1565118887.2307575,195,0.7448336482048035
1565118888.846909,196,0.7410954236984253
1565118890.46025,197,0.7279065847396851
1565118892.074095,198,0.7292086482048035
1565118893.6888008,199,0.7331989407539368
