Wall time,Step,Value
1565118571.6423619,0,0.3822023868560791
1565118573.2457116,1,0.41928571462631226
1565118574.8303585,2,0.4364583194255829
1565118576.405407,3,0.44062501192092896
1565118577.9781451,4,0.4578273892402649
1565118579.552409,5,0.456636905670166
1565118581.1756294,6,0.4923214316368103
1565118582.7517426,7,0.4781250059604645
1565118584.3331409,8,0.4813988208770752
1565118585.9103417,9,0.5091071724891663
1565118587.4886746,10,0.5139583349227905
1565118589.0685277,11,0.5071726441383362
1565118590.6473408,12,0.5313690304756165
1565118592.2288327,13,0.5208631157875061
1565118593.809015,14,0.5291368961334229
1565118595.3915646,15,0.5275892615318298
1565118596.9747536,16,0.5316368937492371
1565118598.558004,17,0.5317559242248535
1565118600.1428528,18,0.5341071486473083
1565118601.7282517,19,0.5298214554786682
1565118603.3343196,20,0.538690447807312
1565118604.9218118,21,0.5455357432365417
1565118606.5084069,22,0.548422634601593
1565118608.113972,23,0.5356845259666443
1565118609.731116,24,0.5592262148857117
1565118611.3185544,25,0.5454166531562805
1565118612.9136033,26,0.5467261672019958
1565118614.5023947,27,0.567559540271759
1565118616.1008213,28,0.5494642853736877
1565118617.6957977,29,0.5536309480667114
1565118619.2890975,30,0.5591071248054504
1565118620.8817546,31,0.5654761791229248
1565118622.4754035,32,0.5655952095985413
1565118624.0679443,33,0.5718452334403992
1565118625.662135,34,0.5514285564422607
1565118627.2602544,35,0.5506547689437866
1565118628.8537571,36,0.567559540271759
1565118630.4496832,37,0.5726190209388733
1565118632.0447829,38,0.5373809337615967
1565118633.6395836,39,0.5655952095985413
1565118635.2354019,40,0.543749988079071
1565118636.8337905,41,0.5526190400123596
1565118638.4302585,42,0.5769345164299011
1565118640.026953,43,0.5561012029647827
1565118641.6225228,44,0.5576785802841187
1565118643.220861,45,0.569136917591095
1565118644.8179545,46,0.5520833134651184
1565118646.4169717,47,0.525773823261261
1565118648.012508,48,0.5727678537368774
1565118649.6097813,49,0.5471131205558777
1565118651.2082295,50,0.5484523773193359
1565118652.8064086,51,0.5490773916244507
1565118654.4036777,52,0.5766666531562805
1565118656.0036778,53,0.5740773677825928
1565118657.6024299,54,0.5641666650772095
1565118659.2008886,55,0.5934523940086365
1565118660.798376,56,0.5705654621124268
1565118662.413902,57,0.5715773701667786
1565118664.0123582,58,0.5583035945892334
1565118665.6155918,59,0.5592262148857117
1565118667.21324,60,0.5679464340209961
1565118668.8123991,61,0.5608035922050476
1565118670.411829,62,0.5723512172698975
1565118672.0102978,63,0.5868452191352844
1565118673.6114671,64,0.5748512148857117
1565118675.2134252,65,0.5724999904632568
1565118676.809719,66,0.5747321248054504
1565118678.4107735,67,0.5757738351821899
1565118680.0091307,68,0.5926785469055176
1565118681.6101577,69,0.5702975988388062
1565118683.209567,70,0.5665178298950195
1565118684.8067975,71,0.5736904740333557
1565118686.4067788,72,0.5702975988388062
1565118688.0039253,73,0.559374988079071
1565118689.6032856,74,0.5946130752563477
1565118691.2029471,75,0.5865773558616638
1565118692.8017676,76,0.5977678298950195
1565118694.3998632,77,0.5912500023841858
1565118695.9994373,78,0.5857738256454468
1565118697.5983207,79,0.5812202095985413
1565118699.19547,80,0.5846130847930908
1565118700.7959487,81,0.5892857313156128
1565118702.3947752,82,0.5856547355651855
1565118703.9919658,83,0.5601488351821899
1565118705.5914283,84,0.5683333277702332
1565118707.1886215,85,0.5780952572822571
1565118708.7896788,86,0.5738095045089722
1565118710.3859465,87,0.5771726369857788
1565118711.9845438,88,0.567589282989502
1565118713.5816717,89,0.5652083158493042
1565118715.180224,90,0.5773512125015259
1565118716.7794187,91,0.5773512125015259
1565118718.3793192,92,0.599434494972229
1565118719.9769454,93,0.5782142877578735
1565118721.5758324,94,0.5900892615318298
1565118723.1737318,95,0.5972321629524231
1565118724.772479,96,0.5998214483261108
1565118726.3717391,97,0.5976190567016602
1565118727.9714622,98,0.5873512029647827
1565118729.5705984,99,0.5750297904014587
1565118731.1730635,100,0.5887797474861145
1565118732.7688594,101,0.5942559242248535
1565118734.3681116,102,0.6131250262260437
1565118735.9651573,103,0.6062202453613281
1565118737.5620875,104,0.5700595378875732
1565118739.1645722,105,0.6091071367263794
1565118740.7612395,106,0.6075297594070435
1565118742.3617501,107,0.5813690423965454
1565118743.9724627,108,0.5995833277702332
1565118745.5721848,109,0.6225000023841858
1565118747.1707492,110,0.5989583134651184
1565118748.771158,111,0.6142857074737549
1565118750.3707423,112,0.602559506893158
1565118751.989002,113,0.6118154525756836
1565118753.596995,114,0.6130059361457825
1565118755.1968021,115,0.618363082408905
1565118756.8034403,116,0.6188690662384033
1565118758.403132,117,0.614047646522522
1565118759.999284,118,0.6205357313156128
1565118761.5973997,119,0.5990774035453796
1565118763.1978712,120,0.605446457862854
1565118764.7968984,121,0.618571400642395
1565118766.3951497,122,0.6061012148857117
1565118767.9924586,123,0.6170238256454468
1565118769.5891235,124,0.6158333420753479
1565118771.1922703,125,0.6131250262260437
1565118772.7923372,126,0.6184523701667786
1565118774.3900833,127,0.6249702572822571
1565118775.989887,128,0.6032440662384033
1565118777.6064053,129,0.6313095092773438
1565118779.2081707,130,0.625595211982727
1565118780.807252,131,0.6211904883384705
1565118782.4066908,132,0.6192262172698975
1565118784.0094883,133,0.6233928799629211
1565118785.6075144,134,0.6163690686225891
1565118787.2062087,135,0.6342262029647827
1565118788.8042254,136,0.6257143020629883
1565118790.4022686,137,0.6128571629524231
1565118792.0079982,138,0.595714271068573
1565118793.60458,139,0.6222321391105652
1565118795.2023118,140,0.6175297498703003
1565118796.8015099,141,0.5929464101791382
1565118798.402591,142,0.6138988137245178
1565118800.0017574,143,0.6315773725509644
1565118801.6004026,144,0.611547589302063
1565118803.2016256,145,0.6176785826683044
1565118804.7997847,146,0.6237797737121582
1565118806.3981187,147,0.6183333396911621
1565118807.9971778,148,0.6411011815071106
1565118809.5952494,149,0.5922916531562805
1565118811.2049649,150,0.6279464364051819
1565118812.8018558,151,0.6206547617912292
1565118814.4011533,152,0.6227678656578064
1565118815.9987109,153,0.6296428442001343
1565118817.5991821,154,0.6113095283508301
1565118819.1991575,155,0.6256250143051147
1565118820.7978888,156,0.6280952095985413
1565118822.3949504,157,0.6152083277702332
1565118823.9985282,158,0.6370833516120911
1565118825.596307,159,0.6167857050895691
1565118827.2010732,160,0.6171725988388062
1565118828.8047187,161,0.623035728931427
1565118830.4099956,162,0.6218452453613281
1565118832.01013,163,0.6394047737121582
1565118833.6181896,164,0.6419047713279724
1565118835.2264678,165,0.6172916889190674
1565118836.8268912,166,0.6208333373069763
1565118838.4254918,167,0.6294047832489014
1565118840.0361898,168,0.6353868842124939
1565118841.6351101,169,0.6265178322792053
1565118843.2338858,170,0.6050595045089722
1565118844.8315017,171,0.6101190447807312
1565118846.4332247,172,0.644345223903656
1565118848.031641,173,0.6224702596664429
1565118849.6302218,174,0.6322619318962097
1565118851.2278345,175,0.6327975988388062
1565118852.8284013,176,0.6150892972946167
1565118854.4301763,177,0.6055952310562134
1565118856.028919,178,0.6385118961334229
1565118857.6298494,179,0.610535740852356
1565118859.2265756,180,0.6205654740333557
1565118860.8280945,181,0.6349702477455139
1565118862.4255247,182,0.6103869080543518
1565118864.0280411,183,0.633809506893158
1565118865.6256773,184,0.6308333277702332
1565118867.2239032,185,0.6248214244842529
1565118868.8243265,186,0.6295238137245178
1565118870.4244823,187,0.6213392615318298
1565118872.0240338,188,0.6353868842124939
1565118873.621775,189,0.6421428322792053
1565118875.2232087,190,0.6130059361457825
1565118876.8220723,191,0.6205357313156128
1565118878.4417925,192,0.6336904764175415
1565118880.041778,193,0.6455357074737549
1565118881.6414597,194,0.6346130967140198
1565118883.2413447,195,0.6250892877578735
1565118884.838983,196,0.6239285469055176
1565118886.4397514,197,0.6105059385299683
1565118888.0377252,198,0.6170535683631897
1565118889.6359065,199,0.6483928561210632
