Wall time,Step,Value
1565118571.4729123,0,0.38947367668151855
1565118573.3468719,1,0.45104166865348816
1565118575.1195035,2,0.4473136067390442
1565118576.896973,3,0.4660087823867798
1565118578.6731799,4,0.47236841917037964
1565118580.449962,5,0.4874451756477356
1565118582.2280734,6,0.49945175647735596
1565118584.0080292,7,0.507346510887146
1565118585.7888768,8,0.5175438523292542
1565118587.5713334,9,0.519298255443573
1565118589.3538256,10,0.528124988079071
1565118591.1381223,11,0.5309210419654846
1565118592.9233413,12,0.5589912533760071
1565118594.7086513,13,0.538048267364502
1565118596.494568,14,0.551206111907959
1565118598.28387,15,0.5166118144989014
1565118600.073482,16,0.5621162056922913
1565118601.8642972,17,0.5473684072494507
1565118603.652638,18,0.5547149181365967
1565118605.4433131,19,0.5845943093299866
1565118607.2341707,20,0.5762061476707458
1565118609.0254245,21,0.550548255443573
1565118610.817578,22,0.5766447186470032
1565118612.6169841,23,0.5797697305679321
1565118614.4105985,24,0.5745065808296204
1565118616.2031085,25,0.5723684430122375
1565118617.9964278,26,0.569846510887146
1565118619.7914965,27,0.5856359601020813
1565118621.5872397,28,0.5532346367835999
1565118623.3846118,29,0.5688048005104065
1565118625.1807904,30,0.5760416388511658
1565118626.9771373,31,0.5965460538864136
1565118628.773169,32,0.5599780678749084
1565118630.5711339,33,0.5750548243522644
1565118632.3675842,34,0.559374988079071
1565118634.1659675,35,0.5927631855010986
1565118635.963591,36,0.5912829041481018
1565118637.762741,37,0.6303728222846985
1565118639.5611358,38,0.5953398942947388
1565118641.3631,39,0.6114583611488342
1565118643.16212,40,0.5912280678749084
1565118644.9633052,41,0.578125
1565118646.7636685,42,0.5787280797958374
1565118648.5653572,43,0.5808662176132202
1565118650.369869,44,0.5881578922271729
1565118652.171854,45,0.609375
1565118653.972886,46,0.5890899300575256
1565118655.774574,47,0.6356359720230103
1565118657.576924,48,0.5953398942947388
1565118659.380163,49,0.6000548005104065
1565118661.1846898,50,0.6157894730567932
1565118662.9856486,51,0.6152412295341492
1565118664.7898798,52,0.6204495429992676
1565118666.5919125,53,0.6089912056922913
1565118668.412205,54,0.6083333492279053
1565118670.2148123,55,0.6229714751243591
1565118672.0177715,56,0.6146381497383118
1565118673.821706,57,0.6251096725463867
1565118675.6245704,58,0.6282894611358643
1565118677.42484,59,0.6453947424888611
1565118679.2282603,60,0.6345943212509155
1565118681.0304282,61,0.597423255443573
1565118682.832715,62,0.6658443212509155
1565118684.6417105,63,0.6381579041481018
1565118686.4447038,64,0.6512061357498169
1565118688.246422,65,0.6649122834205627
1565118690.0479624,66,0.625548243522644
1565118691.8505764,67,0.6192982196807861
1565118693.6527083,68,0.6382127404212952
1565118695.4552915,69,0.6334429979324341
1565118697.2583358,70,0.6543859839439392
1565118699.0700226,71,0.6690241098403931
1565118700.8856852,72,0.6540021896362305
1565118702.6896384,73,0.6487390398979187
1565118704.4923928,74,0.6453947424888611
1565118706.3000035,75,0.6585526466369629
1565118708.1041827,76,0.6377741098403931
1565118709.9077263,77,0.6710526347160339
1565118711.709957,78,0.6021929979324341
1565118713.5134516,79,0.6626096367835999
1565118715.3167262,80,0.6433662176132202
1565118717.1357603,81,0.6585526466369629
1565118718.9408383,82,0.6615131497383118
1565118720.743342,83,0.6591008901596069
1565118722.5451713,84,0.6385964751243591
1565118724.3483179,85,0.6793859601020813
1565118726.148976,86,0.6616776585578918
1565118727.9600372,87,0.6731359362602234
1565118729.7635713,88,0.7090460658073425
1565118731.566198,89,0.6741776466369629
1565118733.370092,90,0.6304276585578918
1565118735.173964,91,0.6616776585578918
1565118736.9750483,92,0.6690241098403931
1565118738.7770045,93,0.6548245549201965
1565118740.578715,94,0.6486842036247253
1565118742.3809104,95,0.6318530440330505
1565118744.1820521,96,0.6657346487045288
1565118745.9866168,97,0.6704495549201965
1565118747.789514,98,0.6839912533760071
1565118749.5930188,99,0.6495065689086914
1565118751.3945627,100,0.6783443093299866
1565118753.1993623,101,0.6575109362602234
1565118755.0023046,102,0.65625
1565118756.8046486,103,0.6640899181365967
1565118758.6053846,104,0.6829495429992676
1565118760.4097629,105,0.6882126927375793
1565118762.2127695,106,0.6583881378173828
1565118764.0217388,107,0.663596510887146
1565118765.8231115,108,0.6772478222846985
1565118767.6267798,109,0.6646381616592407
1565118769.4287415,110,0.7049342393875122
1565118771.2292993,111,0.6746162176132202
1565118773.0364678,112,0.6866776347160339
1565118774.8387735,113,0.7086074352264404
1565118776.642281,114,0.6730811595916748
1565118778.4458652,115,0.6668311357498169
1565118780.248675,116,0.7127193212509155
1565118782.0516076,117,0.6824012994766235
1565118783.853448,118,0.6918859481811523
1565118785.6561239,119,0.6729714870452881
1565118787.458118,120,0.6908442974090576
1565118789.2595546,121,0.6620613932609558
1565118791.0620477,122,0.6823464632034302
1565118792.863365,123,0.695504367351532
1565118794.6642287,124,0.711677610874176
1565118796.4673622,125,0.6850877404212952
1565118798.2695312,126,0.6888157725334167
1565118800.0722172,127,0.6798245906829834
1565118801.8753166,128,0.6991227865219116
1565118803.6781085,129,0.6787828803062439
1565118805.4815562,130,0.6893640160560608
1565118807.2834704,131,0.7128289341926575
1565118809.0885236,132,0.7038376927375793
1565118810.8910987,133,0.6766995787620544
1565118812.695388,134,0.6809210777282715
1565118814.4971955,135,0.6937500238418579
1565118816.2993395,136,0.6777960658073425
1565118818.1018832,137,0.7231359481811523
1565118819.9032028,138,0.6970943212509155
1565118821.7056453,139,0.6992324590682983
1565118823.5079799,140,0.6830043792724609
1565118825.3114429,141,0.6303179860115051
1565118827.112759,142,0.7226425409317017
1565118828.9164872,143,0.7178727984428406
1565118830.7171662,144,0.7023026347160339
1565118832.5196605,145,0.7242324352264404
1565118834.324895,146,0.7143092155456543
1565118836.1269462,147,0.7189692854881287
1565118837.929868,148,0.703399121761322
1565118839.7302732,149,0.6986293792724609
1565118841.531976,150,0.7158991098403931
1565118843.3332665,151,0.7358004450798035
1565118845.1351473,152,0.7367324829101562
1565118846.9375215,153,0.7231907844543457
1565118848.7394073,154,0.7164473533630371
1565118850.5396016,155,0.6845942735671997
1565118852.3437924,156,0.7204495668411255
1565118854.144809,157,0.7372258901596069
1565118855.9516346,158,0.7023026347160339
1565118857.7531457,159,0.7351973652839661
1565118859.5549805,160,0.7409539222717285
1565118861.356413,161,0.7174342274665833
1565118863.1576233,162,0.7199561595916748
1565118864.9583411,163,0.7174342274665833
1565118866.7596674,164,0.7282894849777222
1565118868.5620592,165,0.7131578922271729
1565118870.365124,166,0.7222039699554443
1565118872.1661701,167,0.7021929621696472
1565118873.9672766,168,0.7309210300445557
1565118875.7687666,169,0.7231359481811523
1565118877.5732722,170,0.7115679979324341
1565118879.37803,171,0.7178727984428406
1565118881.1815221,172,0.7106359601020813
1565118882.9839911,173,0.7064144611358643
1565118884.7854743,174,0.7241228222846985
1565118886.5900702,175,0.7219846248626709
1565118888.3913968,176,0.6585526466369629
1565118890.1933217,177,0.7216557264328003
1565118891.99571,178,0.7471491098403931
1565118893.7979612,179,0.7084978222846985
1565118895.5994153,180,0.7220394611358643
1565118897.4018884,181,0.7121710777282715
1565118899.2027628,182,0.7257127165794373
1565118901.0044715,183,0.7387609481811523
1565118902.8059168,184,0.7440240979194641
1565118904.609003,185,0.7434758543968201
1565118906.4108372,186,0.7513157725334167
1565118908.2132843,187,0.7237390279769897
1565118910.144772,188,0.7705591917037964
1565118911.9567542,189,0.7261512875556946
1565118913.7588327,190,0.7252741456031799
1565118915.5629828,191,0.7091556787490845
1565118917.366854,192,0.7184210419654846
1565118919.1740544,193,0.7297149300575256
1565118920.979047,194,0.7674890160560608
1565118922.7823527,195,0.7194626927375793
1565118924.5921185,196,0.7314692735671997
1565118926.3981202,197,0.7278508543968201
1565118928.2058322,198,0.7185855507850647
1565118930.0194123,199,0.7475877404212952
