Wall time,Step,Value
1569841565.8643613,0,0.19522058963775635
1569841566.5042844,1,0.21421568095684052
1569841567.1148782,2,0.2653186321258545
1569841567.7255182,3,0.27757352590560913
1569841568.3350081,4,0.27830880880355835
1569841568.935642,5,0.2718137204647064
1569841569.5334823,6,0.31568628549575806
1569841570.1280758,7,0.2910539209842682
1569841570.7332432,8,0.3234068751335144
1569841571.3378444,9,0.26789215207099915
1569841571.949453,10,0.2926470637321472
1569841572.5934794,11,0.29473039507865906
1569841573.206599,12,0.31433823704719543
1569841574.4306388,13,0.34044116735458374
1569841575.03216,14,0.3062500059604645
1569841575.635858,15,0.30539214611053467
1569841576.2426383,16,0.30980393290519714
1569841576.843651,17,0.3270833194255829
1569841577.4424837,18,0.2965686321258545
1569841578.0547948,19,0.33100488781929016
1569841578.6521902,20,0.28333333134651184
1569841579.2535157,21,0.3330882489681244
1569841579.882208,22,0.35686275362968445
1569841580.5036302,23,0.34583333134651184
1569841581.1228747,24,0.38749998807907104
1569841581.7388692,25,0.4230392277240753
1569841582.3542812,26,0.3953431248664856
1569841582.9691641,27,0.41384804248809814
1569841583.5820813,28,0.41335785388946533
1569841584.1979866,29,0.4578431248664856
1569841584.8128626,30,0.4678921699523926
1569841585.4259086,31,0.46127450466156006
1569841586.0521626,32,0.4634803831577301
1569841586.6620693,33,0.4205882251262665
1569841587.2778864,34,0.49105390906333923
1569841587.8887749,35,0.4631127417087555
1569841588.5053024,36,0.46678921580314636
1569841589.1144335,37,0.4742647111415863
1569841589.7290637,38,0.48737746477127075
1569841590.339205,39,0.4954656958580017
1569841590.9531014,40,0.4959558844566345
1569841591.550785,41,0.5107843279838562
1569841592.1528554,42,0.5162990093231201
1569841592.7640588,43,0.5169117450714111
1569841593.376067,44,0.5280637145042419
1569841593.989341,45,0.532475471496582
1569841594.6019673,46,0.5147058963775635
1569841595.2146347,47,0.47720587253570557
1569841595.8211648,48,0.5398284196853638
1569841596.438567,49,0.5287989974021912
1569841597.055871,50,0.5079656839370728
1569841597.6629825,51,0.5121323466300964
1569841598.2688727,52,0.5482842922210693
1569841598.8732495,53,0.5692402124404907
1569841599.4821157,54,0.5752450823783875
1569841600.0941718,55,0.5475490093231201
1569841600.7241528,56,0.5522058606147766
1569841601.329238,57,0.5280637145042419
1569841601.9288359,58,0.5433823466300964
1569841602.5268824,59,0.5553921461105347
1569841603.1333623,60,0.5569853186607361
1569841603.7334692,61,0.541299045085907
1569841604.335613,62,0.5561274290084839
1569841604.9415495,63,0.539950966835022
1569841605.5451596,64,0.5626225471496582
1569841606.1596174,65,0.5773284435272217
1569841606.7663524,66,0.5772058963775635
1569841607.3668168,67,0.5655637383460999
1569841607.9677901,68,0.5979166626930237
1569841608.5835207,69,0.5861519575119019
1569841609.1822252,70,0.6072303652763367
1569841609.7823422,71,0.5748774409294128
1569841610.3825965,72,0.6002451181411743
1569841610.9804316,73,0.6057597994804382
1569841611.5834517,74,0.5977941155433655
1569841612.1869698,75,0.5991421341896057
1569841612.7847888,76,0.616911768913269
1569841613.3872595,77,0.5993872284889221
1569841613.9830902,78,0.6083333492279053
1569841614.5888953,79,0.6197304129600525
1569841615.1978672,80,0.6193627715110779
1569841615.81411,81,0.6171568632125854
1569841616.4330118,82,0.6145833134651184
1569841617.0485754,83,0.6403186321258545
1569841617.6661043,84,0.6419117450714111
1569841618.2791505,85,0.6229166388511658
1569841618.8920677,86,0.6095588207244873
1569841619.5064092,87,0.6252450942993164
1569841620.120275,88,0.643750011920929
1569841620.7178698,89,0.6439951062202454
1569841621.3187168,90,0.6346813440322876
1569841621.9442391,91,0.6278186440467834
1569841622.5424147,92,0.6363970637321472
1569841623.142984,93,0.6520833373069763
1569841623.7934177,94,0.6632353067398071
1569841624.3935397,95,0.6465686559677124
1569841624.989198,96,0.6463235020637512
1569841625.5877645,97,0.6549019813537598
1569841626.188558,98,0.6530637145042419
1569841626.7880812,99,0.6148284077644348
1569841627.3834393,100,0.6601715683937073
1569841627.9773784,101,0.6606617569923401
1569841628.5771368,102,0.6629902124404907
1569841629.1771057,103,0.6426470875740051
1569841629.7811859,104,0.6664215922355652
1569841630.3850121,105,0.6964460611343384
1569841630.9921994,106,0.6708333492279053
1569841631.5956233,107,0.6406862735748291
1569841632.211997,108,0.6567401885986328
1569841632.8191917,109,0.67561274766922
1569841633.4216938,110,0.6637254953384399
1569841634.0277162,111,0.6813725233078003
1569841634.6312325,112,0.6666666865348816
1569841635.2491481,113,0.6528186202049255
1569841635.8658786,114,0.6875
1569841636.4729378,115,0.6916666626930237
1569841637.0837622,116,0.6872549057006836
1569841637.6957555,117,0.6770833134651184
1569841638.3093748,118,0.6898284554481506
1569841638.9255,119,0.7039215564727783
1569841639.532903,120,0.7071078419685364
1569841640.1347065,121,0.6676470637321472
1569841640.7428274,122,0.6817402243614197
1569841641.3547184,123,0.6802695989608765
1569841641.9656196,124,0.6877450942993164
1569841642.582062,125,0.7124999761581421
1569841643.2027905,126,0.6939951181411743
1569841643.814544,127,0.7064951062202454
1569841644.4266012,128,0.6810048818588257
1569841645.0435553,129,0.6966911554336548
1569841645.6541805,130,0.6805146932601929
1569841646.2719157,131,0.7060049176216125
1569841646.8933535,132,0.6932597756385803
1569841647.498551,133,0.698774516582489
1569841648.10171,134,0.6810048818588257
1569841648.7201142,135,0.6726715564727783
1569841649.33398,136,0.6682597994804382
1569841649.952013,137,0.7052696347236633
1569841650.565589,138,0.7216911911964417
1569841651.1738172,139,0.7018382549285889
1569841651.7901015,140,0.6979166865348816
1569841652.383297,141,0.7099264860153198
1569841652.9822848,142,0.690073549747467
1569841653.5861251,143,0.7159313559532166
1569841654.1881201,144,0.710661768913269
1569841654.792623,145,0.7286764979362488
1569841655.3905096,146,0.7083333134651184
1569841655.998165,147,0.7110294103622437
1569841656.6125114,148,0.7020833492279053
1569841657.232702,149,0.7117646932601929
1569841657.8440454,150,0.6914215683937073
1569841658.4467928,151,0.7023284435272217
1569841659.0496373,152,0.6819853186607361
1569841659.657321,153,0.6964460611343384
1569841660.2529159,154,0.6770833134651184
1569841660.85666,155,0.6775735020637512
1569841661.4607563,156,0.6965686082839966
1569841662.0652332,157,0.7297794222831726
1569841662.6634107,158,0.7133578658103943
1569841663.2604492,159,0.7127450704574585
1569841663.856911,160,0.685661792755127
1569841664.456969,161,0.6963235139846802
1569841665.0528846,162,0.709436297416687
1569841665.6534076,163,0.7133578658103943
1569841666.2563953,164,0.7203431129455566
1569841666.8574576,165,0.6806372404098511
1569841667.4677112,166,0.7279411554336548
1569841668.0640054,167,0.6825980544090271
1569841668.673118,168,0.7115195989608765
1569841669.27388,169,0.696813702583313
1569841669.8734844,170,0.7133578658103943
1569841670.4775558,171,0.7031862735748291
1569841671.128096,172,0.7140931487083435
1569841671.7402556,173,0.6639705896377563
1569841672.3541076,174,0.7200980186462402
1569841672.9691627,175,0.709436297416687
1569841673.584252,176,0.6937500238418579
1569841674.200452,177,0.7052696347236633
1569841674.820378,178,0.7117646932601929
1569841675.442358,179,0.7036764621734619
1569841676.0527804,180,0.695588231086731
1569841676.67058,181,0.7177696228027344
1569841677.2843678,182,0.7404412031173706
1569841677.8975322,183,0.6892156600952148
1569841678.5125656,184,0.7357842922210693
1569841679.1240242,185,0.6835784316062927
1569841679.738254,186,0.7316176295280457
1569841680.3515093,187,0.7096813917160034
1569841680.9656744,188,0.7295343279838562
1569841681.5762284,189,0.7305147051811218
1569841682.1787324,190,0.6947304010391235
1569841682.7857656,191,0.7151960730552673
1569841683.4028344,192,0.729411780834198
1569841684.018369,193,0.7334558963775635
1569841684.6342282,194,0.7143382430076599
1569841685.2438402,195,0.7057598233222961
1569841685.863831,196,0.7126225233078003
1569841686.4832246,197,0.7185049057006836
1569841687.095519,198,0.710661768913269
1569841687.7060914,199,0.740686297416687
