Wall time,Step,Value
1569841421.9264061,0,0.24437785148620605
1569841422.5929766,1,0.29777398705482483
1569841423.2296116,2,0.31980594992637634
1569841423.868684,3,0.3227739632129669
1569841424.4961703,4,0.3234303593635559
1569841425.114124,5,0.3502853810787201
1569841425.739936,6,0.3461187183856964
1569841426.3597941,7,0.35039955377578735
1569841426.9835634,8,0.36081621050834656
1569841427.6114516,9,0.33242008090019226
1569841428.2310135,10,0.38361871242523193
1569841428.8552237,11,0.3605878949165344
1569841429.4806674,12,0.39392122626304626
1569841430.0994055,13,0.40499427914619446
1569841430.7206511,14,0.4358161985874176
1569841431.343567,15,0.3857020437717438
1569841431.9670718,16,0.4133276343345642
1569841432.598213,17,0.46595320105552673
1569841433.2243733,18,0.46344178915023804
1569841433.850458,19,0.5041095614433289
1569841434.471613,20,0.4973173439502716
1569841435.1018412,21,0.48130708932876587
1569841435.7405655,22,0.4944634735584259
1569841436.3776414,23,0.4954623281955719
1569841437.0016453,24,0.48986873030662537
1569841437.621874,25,0.5266838073730469
1569841438.2424254,26,0.5521404147148132
1569841438.8651326,27,0.5607876777648926
1569841439.4840775,28,0.5313071012496948
1569841440.111943,29,0.5450056791305542
1569841440.7406142,30,0.5629851818084717
1569841441.374601,31,0.5838184952735901
1569841442.007758,32,0.6156107187271118
1569841442.6328204,33,0.5876426696777344
1569841443.2518876,34,0.6215468049049377
1569841443.8812444,35,0.6204338073730469
1569841444.506801,36,0.6161529421806335
1569841445.1308928,37,0.6081621050834656
1569841445.7525668,38,0.5861301422119141
1569841446.3759558,39,0.5333904027938843
1569841446.9969268,40,0.5908390283584595
1569841447.6162562,41,0.5636415481567383
1569841448.2552295,42,0.5658390522003174
1569841448.8819041,43,0.5770262479782104
1569841449.50985,44,0.6053082346916199
1569841450.1318512,45,0.5956621170043945
1569841450.756046,46,0.5691210031509399
1569841451.3807354,47,0.5940068364143372
1569841452.006665,48,0.5943493247032166
1569841452.6325505,49,0.5948915481567383
1569841453.25696,50,0.6183504462242126
1569841453.8965807,51,0.6226312518119812
1569841454.5169783,52,0.6301940679550171
1569841455.1467707,53,0.6204338073730469
1569841455.776235,54,0.6301940679550171
1569841456.3966722,55,0.6613299250602722
1569841457.0209894,56,0.6617580056190491
1569841457.6422267,57,0.6426940560340881
1569841458.2654557,58,0.6232876777648926
1569841458.884827,59,0.6440068483352661
1569841459.5067942,60,0.6523401737213135
1569841460.126599,61,0.6523401737213135
1569841460.7464895,62,0.6606734991073608
1569841461.371074,63,0.6435787677764893
1569841461.9958274,64,0.6587043404579163
1569841462.6217935,65,0.6621004343032837
1569841463.267328,66,0.6350170969963074
1569841463.8916483,67,0.648944079875946
1569841464.5140197,68,0.6420376896858215
1569841465.132077,69,0.6763412952423096
1569841465.7553637,70,0.6412671208381653
1569841466.3740187,71,0.6634132266044617
1569841466.995854,72,0.6468607187271118
1569841467.624371,73,0.650256872177124
1569841468.2517998,74,0.6682363152503967
1569841468.8763816,75,0.6690068244934082
1569841469.5013402,76,0.6695491075515747
1569841470.1217153,77,0.6557363271713257
1569841470.7494266,78,0.6738299131393433
1569841471.3752198,79,0.6421518325805664
1569841472.0047593,80,0.6656107306480408
1569841472.6283436,81,0.6854451894760132
1569841473.2555954,82,0.6606734991073608
1569841473.881861,83,0.6565068364143372
1569841474.5058389,84,0.6869863271713257
1569841475.1251957,85,0.6670376658439636
1569841475.749846,86,0.6674657464027405
1569841476.375027,87,0.6545376777648926
1569841477.0019946,88,0.6654965877532959
1569841477.6241858,89,0.7014554738998413
1569841478.2543693,90,0.6736016273498535
1569841478.879829,91,0.6591324210166931
1569841479.5006435,92,0.6813926696777344
1569841480.121269,93,0.6760274171829224
1569841480.741593,94,0.6462043523788452
1569841481.3615782,95,0.6593607068061829
1569841481.9852943,96,0.6945490837097168
1569841482.6100986,97,0.6628710031509399
1569841483.2327332,98,0.6724029779434204
1569841483.8652108,99,0.6662670969963074
1569841484.4882593,100,0.6911529898643494
1569841485.1251633,101,0.6739440560340881
1569841485.7517266,102,0.6830479502677917
1569841486.3789356,103,0.6731734871864319
1569841487.009899,104,0.6812785267829895
1569841487.6355343,105,0.6764554977416992
1569841488.2623043,106,0.675370991230011
1569841488.8821483,107,0.6778824329376221
1569841489.5044153,108,0.6661529541015625
1569841490.1249886,109,0.6791952252388
1569841490.7544513,110,0.6543093323707581
1569841491.380679,111,0.6543093323707581
1569841492.0174685,112,0.6510273814201355
1569841492.6443152,113,0.6882990598678589
1569841493.266696,114,0.6731734871864319
1569841493.890542,115,0.6835901737213135
1569841494.5206985,116,0.6757990717887878
1569841495.1416562,117,0.7022260427474976
1569841495.7651513,118,0.7168093323707581
1569841496.3861146,119,0.7096746563911438
1569841497.0106823,120,0.6882990598678589
1569841497.6346512,121,0.7091324329376221
1569841498.261784,122,0.7180079817771912
1569841498.8825095,123,0.682819664478302
1569841499.501447,124,0.6962043642997742
1569841500.1202424,125,0.7151541113853455
1569841500.7510595,126,0.6972888112068176
1569841501.3767898,127,0.7036529779434204
1569841501.9978921,128,0.7049657702445984
1569841502.621728,129,0.726569652557373
1569841503.266062,130,0.6974029541015625
1569841503.8957152,131,0.7041952013969421
1569841504.5169725,132,0.7111015915870667
1569841505.1455724,133,0.7091324329376221
1569841505.7738578,134,0.7099029421806335
1569841506.3966563,135,0.7119863033294678
1569841507.0205908,136,0.704309344291687
1569841507.6515503,137,0.7132990956306458
1569841508.276653,138,0.6924657821655273
1569841508.9047458,139,0.7028824090957642
1569841509.5268395,140,0.718122124671936
1569841510.1506042,141,0.6925799250602722
1569841510.7952054,142,0.6871004700660706
1569841511.4324427,143,0.7118721604347229
1569841512.0708232,144,0.7119863033294678
1569841512.7370915,145,0.7160388231277466
1569841513.3735282,146,0.6902682781219482
1569841513.994325,147,0.7009132504463196
1569841514.614357,148,0.7237157821655273
1569841515.2341645,149,0.7104452252388
1569841515.8615506,150,0.7346746325492859
1569841516.481522,151,0.723059356212616
1569841517.1101484,152,0.7290810346603394
1569841517.7341495,153,0.7291951775550842
1569841518.356262,154,0.7105593681335449
1569841518.9762716,155,0.7031107544898987
1569841519.5970724,156,0.7071632146835327
1569841520.221933,157,0.7062785625457764
1569841520.8540294,158,0.7216324210166931
1569841521.4812376,159,0.7165810465812683
1569841522.110269,160,0.7203196287155151
1569841522.729909,161,0.7369862794876099
1569841523.3523085,162,0.7119863033294678
1569841523.9908895,163,0.6946632266044617
1569841524.615687,164,0.7389554977416992
1569841525.2352931,165,0.7216324210166931
1569841525.8617496,166,0.7160388231277466
1569841526.48988,167,0.7078196406364441
1569841527.1215882,168,0.7356734871864319
1569841527.7439222,169,0.7015696167945862
1569841528.3663924,170,0.7146118879318237
1569841528.9898634,171,0.6982876658439636
1569841529.614205,172,0.7057362794876099
1569841530.2447853,173,0.711444079875946
1569841530.8702266,174,0.7237157821655273
1569841531.4906158,175,0.6974029541015625
1569841532.1200912,176,0.7161529660224915
1569841532.7438574,177,0.7308504581451416
1569841533.366773,178,0.7553938627243042
1569841533.9892678,179,0.7269977331161499
1569841534.6153393,180,0.7271118760108948
1569841535.2406561,181,0.7041952013969421
1569841535.8601446,182,0.7237157821655273
1569841536.479665,183,0.727882444858551
1569841537.101371,184,0.7031107544898987
1569841537.7198114,185,0.7080479264259338
1569841538.341762,186,0.7229452133178711
1569841538.9668665,187,0.7152682542800903
1569841539.5897102,188,0.7356734871864319
1569841540.2160664,189,0.698944091796875
1569841540.8391175,190,0.7340182662010193
1569841541.4660106,191,0.7257990837097168
1569841542.0957518,192,0.7173516154289246
1569841542.7205944,193,0.7371004819869995
1569841543.3442247,194,0.7169235348701477
1569841543.9670491,195,0.7375285625457764
1569841544.5860634,196,0.7552796602249146
1569841545.216915,197,0.7500285506248474
1569841545.8420622,198,0.7165810465812683
1569841546.4642766,199,0.7291951775550842
