Wall time,Step,Value
1569841571.4342706,0,0.09892857074737549
1569841572.057263,1,0.1832738071680069
1569841572.6623785,2,0.20874999463558197
1569841573.2645257,3,0.19107143580913544
1569841573.8665848,4,0.2207142859697342
1569841574.47081,5,0.2150000035762787
1569841575.0704439,6,0.2430357187986374
1569841575.6650038,7,0.251964271068573
1569841576.2549903,8,0.23059523105621338
1569841576.8449035,9,0.2857738137245178
1569841577.4534633,10,0.24363094568252563
1569841578.0433354,11,0.2660714387893677
1569841578.6331213,12,0.38779762387275696
1569841579.2211206,13,0.3846428692340851
1569841579.8145258,14,0.44404762983322144
1569841580.4045582,15,0.4591071307659149
1569841580.99855,16,0.45446428656578064
1569841581.5914145,17,0.48517856001853943
1569841582.1845374,18,0.47785714268684387
1569841582.7753687,19,0.49297618865966797
1569841583.3731308,20,0.47999998927116394
1569841583.968336,21,0.44928571581840515
1569841584.5599718,22,0.5138095021247864
1569841585.153123,23,0.558571457862854
1569841585.7532792,24,0.565833330154419
1569841586.3491883,25,0.5289285778999329
1569841586.9461663,26,0.5366666913032532
1569841587.5402887,27,0.5548809766769409
1569841588.131823,28,0.5486904978752136
1569841588.725485,29,0.5549404621124268
1569841589.31614,30,0.5829761624336243
1569841589.9160848,31,0.5492261648178101
1569841590.5090811,32,0.592380940914154
1569841591.105783,33,0.5970237851142883
1569841591.7060509,34,0.5919047594070435
1569841592.2985668,35,0.559583306312561
1569841592.8941925,36,0.5991666913032532
1569841593.488717,37,0.5887500047683716
1569841594.0847857,38,0.571071445941925
1569841594.6750367,39,0.5653571486473083
1569841595.2644644,40,0.567976176738739
1569841595.8545897,41,0.5523214340209961
1569841596.4494479,42,0.5824999809265137
1569841597.0422037,43,0.5700595378875732
1569841597.650531,44,0.5830357074737549
1569841598.2436256,45,0.589821457862854
1569841598.834773,46,0.569523811340332
1569841599.4247525,47,0.6292856931686401
1569841600.0182486,48,0.611130952835083
1569841600.6156127,49,0.6105952262878418
1569841601.20623,50,0.6210119128227234
1569841601.800816,51,0.6080357432365417
1569841602.3955185,52,0.6261904835700989
1569841602.9839876,53,0.60958331823349
1569841603.5799189,54,0.5861904621124268
1569841604.1743433,55,0.6194642782211304
1569841604.7629106,56,0.6153571605682373
1569841605.3541985,57,0.6434524059295654
1569841605.9521925,58,0.6486309766769409
1569841606.5418162,59,0.6616071462631226
1569841607.1335964,60,0.6517261862754822
1569841607.7393095,61,0.6600595116615295
1569841608.331627,62,0.6663095355033875
1569841608.9208705,63,0.6579762101173401
1569841609.5133522,64,0.6476190686225891
1569841610.1054478,65,0.6398214101791382
1569841610.697294,66,0.6434524059295654
1569841611.2901697,67,0.6143452525138855
1569841611.8807003,68,0.6585118770599365
1569841612.47424,69,0.6392857432365417
1569841613.065918,70,0.6564285755157471
1569841613.6547055,71,0.6532738208770752
1569841614.2463505,72,0.6829166412353516
1569841614.8391957,73,0.6507142782211304
1569841615.431237,74,0.6475595235824585
1569841616.0220904,75,0.6579762101173401
1569841616.6111846,76,0.643928587436676
1569841617.2025132,77,0.651190459728241
1569841617.7962248,78,0.6278571486473083
1569841618.3903346,79,0.6169047355651855
1569841618.9843783,80,0.659583330154419
1569841619.573242,81,0.6236904859542847
1569841620.169177,82,0.6767261624336243
1569841620.760688,83,0.6850595474243164
1569841621.3557038,84,0.6605952382087708
1569841621.955099,85,0.6345833539962769
1569841622.5486944,86,0.6787499785423279
1569841623.1433616,87,0.6579762101173401
1569841623.733209,88,0.6501785516738892
1569841624.321755,89,0.6616666913032532
1569841624.9163249,90,0.6767261624336243
1569841625.5041983,91,0.6663095355033875
1569841626.095481,92,0.6543452143669128
1569841626.6851785,93,0.683988094329834
1569841627.2794962,94,0.6912500262260437
1569841627.868285,95,0.6730952262878418
1569841628.463544,96,0.6559523940086365
1569841629.053323,97,0.6554166674613953
1569841629.6444411,98,0.6397619247436523
1569841630.2388592,99,0.6902381181716919
1569841630.8305593,100,0.6621428728103638
1569841631.4273245,101,0.6413690447807312
1569841632.0245764,102,0.6527976393699646
1569841632.615912,103,0.6912500262260437
1569841633.2059422,104,0.6554166674613953
1569841633.7964087,105,0.642380952835083
1569841634.3842275,106,0.6772618889808655
1569841634.9757519,107,0.6564285755157471
1569841635.5656211,108,0.661130964756012
1569841636.1607506,109,0.6419047713279724
1569841636.7542493,110,0.682440459728241
1569841637.3440976,111,0.6564285755157471
1569841637.9388332,112,0.6580356955528259
1569841638.5526261,113,0.6663690209388733
1569841639.145174,114,0.6413690447807312
1569841639.73572,115,0.6527976393699646
1569841640.3245974,116,0.6767261624336243
1569841640.9194791,117,0.6476190686225891
1569841641.5196362,118,0.6558928489685059
1569841642.117498,119,0.6414285898208618
1569841642.708717,120,0.6725594997406006
1569841643.3041105,121,0.6413690447807312
1569841643.8958724,122,0.6647619009017944
1569841644.4940548,123,0.6834523677825928
1569841645.0852463,124,0.6632142663002014
1569841645.678803,125,0.685535728931427
1569841646.2713692,126,0.630476176738739
1569841646.8610022,127,0.6866071224212646
1569841647.4554718,128,0.6539285778999329
1569841648.0503051,129,0.6761904954910278
1569841648.6433096,130,0.6845238208770752
1569841649.2360768,131,0.6798809766769409
1569841649.8291469,132,0.6549404859542847
1569841650.4284444,133,0.6730952262878418
1569841651.0193534,134,0.6798809766769409
1569841651.6194983,135,0.6891666650772095
1569841652.2142239,136,0.698035717010498
1569841652.8054695,137,0.696488082408905
1569841653.3993979,138,0.6871428489685059
1569841653.993184,139,0.6747024059295654
1569841654.5855775,140,0.7131547331809998
1569841655.1801212,141,0.6917856931686401
1569841655.7737415,142,0.6767857074737549
1569841656.3654542,143,0.6871428489685059
1569841656.955626,144,0.715238094329834
1569841657.5665853,145,0.7063690423965454
1569841658.1613948,146,0.7053571343421936
1569841658.7637246,147,0.7105357050895691
1569841659.3607707,148,0.6850595474243164
1569841659.9510853,149,0.7053571343421936
1569841660.5412905,150,0.661726176738739
1569841661.180084,151,0.7251190543174744
1569841661.7798233,152,0.6954761743545532
1569841662.3713052,153,0.6944642663002014
1569841662.9613109,154,0.6652976274490356
1569841663.561062,155,0.7001190185546875
1569841664.1517398,156,0.7230952382087708
1569841664.7461538,157,0.7043452262878418
1569841665.3396096,158,0.682023823261261
1569841665.9330869,159,0.7038094997406006
1569841666.5304387,160,0.6970238089561462
1569841667.1360786,161,0.6840476393699646
1569841667.72911,162,0.6627380847930908
1569841668.3234992,163,0.7163095474243164
1569841668.9257376,164,0.7339881062507629
1569841669.517882,165,0.690833330154419
1569841670.1100833,166,0.6986309289932251
1569841670.7097704,167,0.6752380728721619
1569841671.3012457,168,0.6985714435577393
1569841671.893484,169,0.7199404835700989
1569841672.495908,170,0.6871428489685059
1569841673.0860837,171,0.6886904835700989
1569841673.676056,172,0.6882143020629883
1569841674.2649362,173,0.6778571605682373
1569841674.8552866,174,0.6783928275108337
1569841675.4488044,175,0.7032738327980042
1569841676.0458696,176,0.693928599357605
1569841676.6392627,177,0.6970833539962769
1569841677.2337828,178,0.7230356931686401
1569841677.8288467,179,0.6975595355033875
1569841678.425554,180,0.6907737851142883
1569841679.0146983,181,0.690833330154419
1569841679.606503,182,0.6887500286102295
1569841680.1990404,183,0.6960119009017944
1569841680.7948704,184,0.6970833539962769
1569841681.3857758,185,0.7069047689437866
1569841681.990152,186,0.6918452382087708
1569841682.589266,187,0.6819642782211304
1569841683.184146,188,0.6902976036071777
1569841683.7844265,189,0.7017261981964111
1569841684.381245,190,0.715238094329834
1569841684.9735959,191,0.7027975916862488
1569841685.566275,192,0.7085118889808655
1569841686.1599739,193,0.7116071581840515
1569841686.7830617,194,0.684583306312561
1569841687.373217,195,0.6871428489685059
1569841687.9704847,196,0.7001785635948181
1569841688.5704079,197,0.7074404954910278
1569841689.159837,198,0.6929166913032532
1569841689.7511451,199,0.7370833158493042
