Wall time,Step,Value
1569841408.4582279,0,0.2095833271741867
1569841409.064906,1,0.2433333396911621
1569841409.7111766,2,0.27791666984558105
1569841410.306437,3,0.257916659116745
1569841410.9011698,4,0.2620833218097687
1569841411.4924355,5,0.2358333319425583
1569841412.0970745,6,0.2641666531562805
1569841412.701972,7,0.3125
1569841413.3070328,8,0.23458333313465118
1569841413.907184,9,0.28083333373069763
1569841414.5009642,10,0.2737500071525574
1569841415.0870247,11,0.28833332657814026
1569841415.6833036,12,0.23375000059604645
1569841416.2868052,13,0.2854166626930237
1569841416.880444,14,0.2787500023841858
1569841417.4698162,15,0.2524999976158142
1569841418.0684223,16,0.25999999046325684
1569841418.6670365,17,0.21583333611488342
1569841419.268098,18,0.24416667222976685
1569841419.8669045,19,0.2254166603088379
1569841420.461077,20,0.27250000834465027
1569841421.0603468,21,0.19583334028720856
1569841421.6623113,22,0.23375000059604645
1569841422.2614508,23,0.23999999463558197
1569841422.860709,24,0.2212499976158142
1569841423.4524853,25,0.23499999940395355
1569841424.040424,26,0.257916659116745
1569841424.6258059,27,0.22333332896232605
1569841425.211493,28,0.2737500071525574
1569841425.8005266,29,0.2304166704416275
1569841426.3907955,30,0.24833333492279053
1569841426.980152,31,0.21375000476837158
1569841427.5770612,32,0.27791666984558105
1569841428.1707764,33,0.25458332896232605
1569841428.7659295,34,0.3408333361148834
1569841429.3566122,35,0.32374998927116394
1569841429.9474669,36,0.2795833349227905
1569841430.5416107,37,0.2837499976158142
1569841431.146213,38,0.3058333396911621
1569841431.777198,39,0.3154166638851166
1569841432.3717704,40,0.34458333253860474
1569841432.9776623,41,0.3370833396911621
1569841433.5800405,42,0.3329166769981384
1569841434.1772518,43,0.3570833206176758
1569841434.776085,44,0.32124999165534973
1569841435.3764384,45,0.37166666984558105
1569841435.970939,46,0.30541667342185974
1569841436.5688715,47,0.3779166638851166
1569841437.1672537,48,0.43791666626930237
1569841437.756045,49,0.36625000834465027
1569841438.3427453,50,0.36916667222976685
1569841438.93553,51,0.4112499952316284
1569841439.530256,52,0.44083333015441895
1569841440.120636,53,0.39250001311302185
1569841440.7206025,54,0.40833333134651184
1569841441.3448904,55,0.36916667222976685
1569841441.9369645,56,0.40583333373069763
1569841442.5277853,57,0.41458332538604736
1569841443.1225805,58,0.4350000023841858
1569841443.7180676,59,0.4079166650772095
1569841444.3101442,60,0.47708332538604736
1569841444.9023669,61,0.414166659116745
1569841445.49663,62,0.40041667222976685
1569841446.087885,63,0.4399999976158142
1569841446.6758428,64,0.4412499964237213
1569841447.2722323,65,0.49791666865348816
1569841447.865818,66,0.46958333253860474
1569841448.4549189,67,0.43166667222976685
1569841449.0477488,68,0.4620833396911621
1569841449.6433308,69,0.4958333373069763
1569841450.2426224,70,0.5408333539962769
1569841450.8468409,71,0.5229166746139526
1569841451.4372869,72,0.5137500166893005
1569841452.0316424,73,0.4829166531562805
1569841452.6264052,74,0.5975000262260437
1569841453.2162888,75,0.5575000047683716
1569841453.8212874,76,0.5808333158493042
1569841454.416002,77,0.5429166555404663
1569841455.0126083,78,0.4870833456516266
1569841455.600748,79,0.5745833516120911
1569841456.1951988,80,0.550000011920929
1569841456.7903123,81,0.49958333373069763
1569841457.3823974,82,0.49958333373069763
1569841457.9747956,83,0.5237500071525574
1569841458.5668194,84,0.5879166722297668
1569841459.1590471,85,0.5920833349227905
1569841459.75269,86,0.5637500286102295
1569841460.3610613,87,0.550000011920929
1569841460.9752178,88,0.5887500047683716
1569841461.5717955,89,0.5983333587646484
1569841462.1678312,90,0.5983333587646484
1569841462.7660484,91,0.5679166913032532
1569841463.357092,92,0.5445833206176758
1569841463.9557564,93,0.5383333563804626
1569841464.5520391,94,0.534166693687439
1569841465.2226367,95,0.5920833349227905
1569841465.8173625,96,0.5899999737739563
1569841466.4141302,97,0.5258333086967468
1569841467.0064378,98,0.5120833516120911
1569841467.597469,99,0.5899999737739563
1569841468.1920702,100,0.5824999809265137
1569841468.7962248,101,0.5237500071525574
1569841469.390999,102,0.5929166674613953
1569841469.9986353,103,0.57833331823349
1569841470.5925431,104,0.5433333516120911
1569841471.1827655,105,0.5983333587646484
1569841471.7727103,106,0.5508333444595337
1569841472.3621147,107,0.5950000286102295
1569841472.9484441,108,0.5425000190734863
1569841473.5321205,109,0.5329166650772095
1569841474.1225667,110,0.5520833134651184
1569841474.719659,111,0.5804166793823242
1569841475.3141766,112,0.6000000238418579
1569841475.9059806,113,0.6033333539962769
1569841476.4951682,114,0.6233333349227905
1569841477.094951,115,0.5729166865348816
1569841477.6893702,116,0.6170833110809326
1569841478.3013148,117,0.5570833086967468
1569841478.9128551,118,0.574999988079071
1569841479.5341384,119,0.5958333611488342
1569841480.1407764,120,0.5600000023841858
1569841480.7753665,121,0.5379166603088379
1569841481.4131157,122,0.5841666460037231
1569841482.0134466,123,0.590833306312561
1569841482.636718,124,0.6033333539962769
1569841483.248005,125,0.60958331823349
1569841483.869604,126,0.6054166555404663
1569841484.509916,127,0.6070833206176758
1569841485.1292953,128,0.6241666674613953
1569841485.7570975,129,0.6345833539962769
1569841486.3792489,130,0.6379166841506958
1569841487.0011322,131,0.5799999833106995
1569841487.6272302,132,0.5895833373069763
1569841488.2613509,133,0.596666693687439
1569841488.9220917,134,0.5945833325386047
1569841489.5301425,135,0.6608333587646484
1569841490.141252,136,0.6324999928474426
1569841490.7477846,137,0.6524999737739563
1569841491.3506064,138,0.5995833277702332
1569841491.9424455,139,0.6229166388511658
1569841492.531776,140,0.5766666531562805
1569841493.1220703,141,0.64083331823349
1569841493.7296474,142,0.6016666889190674
1569841494.3598423,143,0.6449999809265137
1569841494.9800963,144,0.6008333563804626
1569841495.597338,145,0.6070833206176758
1569841496.2167182,146,0.6229166388511658
1569841496.8292527,147,0.6566666960716248
1569841497.4588838,148,0.625
1569841498.079094,149,0.6112499833106995
1569841498.6903,150,0.5975000262260437
1569841499.3175762,151,0.625
1569841499.9341373,152,0.7058333158493042
1569841500.5466955,153,0.6899999976158142
1569841501.1557167,154,0.5829166769981384
1569841501.7556405,155,0.6775000095367432
1569841502.35801,156,0.5554166436195374
1569841502.962947,157,0.6429166793823242
1569841503.5621352,158,0.6058333516120911
1569841504.1626818,159,0.627916693687439
1569841504.760117,160,0.6100000143051147
1569841505.358346,161,0.6691666841506958
1569841505.9535773,162,0.637499988079071
1569841506.5525992,163,0.6458333134651184
1569841507.1532617,164,0.6395833492279053
1569841507.7608304,165,0.5987499952316284
1569841508.3663883,166,0.6079166531562805
1569841508.9659173,167,0.6270833611488342
1569841509.5522878,168,0.6079166531562805
1569841510.146102,169,0.6237499713897705
1569841510.7534864,170,0.653333306312561
1569841511.3561075,171,0.6512500047683716
1569841511.9576285,172,0.6449999809265137
1569841512.5565445,173,0.627916693687439
1569841513.152431,174,0.6974999904632568
1569841513.7558331,175,0.6733333468437195
1569841514.3581762,176,0.6362500190734863
1569841514.9652662,177,0.6825000047683716
1569841515.5630999,178,0.6237499713897705
1569841516.1675737,179,0.6783333420753479
1569841516.767641,180,0.6787499785423279
1569841517.3839726,181,0.5774999856948853
1569841517.9925487,182,0.6037499904632568
1569841518.598939,183,0.6625000238418579
1569841519.2005525,184,0.6487500071525574
1569841519.80087,185,0.653333306312561
1569841520.3975286,186,0.70291668176651
1569841520.9955707,187,0.721666693687439
1569841521.6055512,188,0.6383333206176758
1569841522.1987524,189,0.6520833373069763
1569841522.7969816,190,0.6700000166893005
1569841523.3921654,191,0.6658333539962769
1569841524.0077834,192,0.6133333444595337
1569841524.611042,193,0.6858333349227905
1569841525.2041287,194,0.6645833253860474
1569841525.7950926,195,0.6320833563804626
1569841526.3885937,196,0.6362500190734863
1569841526.9819798,197,0.637499988079071
1569841527.5806208,198,0.6395833492279053
1569841528.1715791,199,0.65625
