Wall time,Step,Value
1569841557.3038242,0,0.16979166865348816
1569841557.9634938,1,0.2708333432674408
1569841558.6033452,2,0.27812498807907104
1569841559.2311444,3,0.27395832538604736
1569841559.8608215,4,0.2697916626930237
1569841560.5012367,5,0.28958332538604736
1569841561.1313822,6,0.32604166865348816
1569841561.757322,7,0.2697916626930237
1569841562.3837547,8,0.2906250059604645
1569841563.008501,9,0.2927083373069763
1569841563.638035,10,0.31041666865348816
1569841564.267909,11,0.265625
1569841564.9014916,12,0.2822916805744171
1569841565.5494928,13,0.3187499940395355
1569841566.1734092,14,0.27916666865348816
1569841566.803436,15,0.34062498807907104
1569841567.4415696,16,0.3427083194255829
1569841568.0677712,17,0.328125
1569841568.692576,18,0.3395833373069763
1569841569.3193414,19,0.33645832538604736
1569841569.9520218,20,0.3083333373069763
1569841570.577874,21,0.328125
1569841571.2092814,22,0.3291666805744171
1569841571.8384635,23,0.33645832538604736
1569841572.4666488,24,0.328125
1569841573.0925221,25,0.3447916805744171
1569841573.726981,26,0.33020833134651184
1569841574.3564274,27,0.328125
1569841574.9837186,28,0.3291666805744171
1569841575.6110177,29,0.34375
1569841576.2368264,30,0.2864583432674408
1569841576.862891,31,0.18020834028720856
1569841577.5009289,32,0.3135416805744171
1569841578.1273246,33,0.3385416567325592
1569841578.7528462,34,0.36145833134651184
1569841579.3803804,35,0.42395833134651184
1569841580.008291,36,0.4177083373069763
1569841580.6342971,37,0.42916667461395264
1569841581.2610817,38,0.4541666805744171
1569841581.8839033,39,0.46041667461395264
1569841582.5072927,40,0.4739583432674408
1569841583.132313,41,0.4697916805744171
1569841583.758037,42,0.5052083134651184
1569841584.3834362,43,0.49270832538604736
1569841585.01956,44,0.49687498807907104
1569841585.6436439,45,0.5093749761581421
1569841586.268134,46,0.5052083134651184
1569841586.9047785,47,0.5583333373069763
1569841587.533829,48,0.5583333373069763
1569841588.1593103,49,0.5635416507720947
1569841588.787117,50,0.5375000238418579
1569841589.4122984,51,0.5083333253860474
1569841590.03862,52,0.5364583134651184
1569841590.665793,53,0.5229166746139526
1569841591.293801,54,0.5614583492279053
1569841591.921929,55,0.5489583611488342
1569841592.5535104,56,0.5822916626930237
1569841593.179801,57,0.5666666626930237
1569841593.8165584,58,0.5864583253860474
1569841594.4431326,59,0.53125
1569841595.071255,60,0.5427083373069763
1569841595.7013884,61,0.5614583492279053
1569841596.331387,62,0.5802083611488342
1569841596.9642353,63,0.6031249761581421
1569841597.593713,64,0.581250011920929
1569841598.2225509,65,0.612500011920929
1569841598.8502283,66,0.6270833611488342
1569841599.4768174,67,0.6187499761581421
1569841600.1090386,68,0.6499999761581421
1569841600.7369385,69,0.6156250238418579
1569841601.3639557,70,0.65625
1569841601.9895287,71,0.637499988079071
1569841602.6212788,72,0.6208333373069763
1569841603.246802,73,0.659375011920929
1569841603.880546,74,0.6645833253860474
1569841604.503648,75,0.6541666388511658
1569841605.1284788,76,0.6479166746139526
1569841605.762551,77,0.6114583611488342
1569841606.3865907,78,0.6739583611488342
1569841607.0197756,79,0.6625000238418579
1569841607.6490576,80,0.6385416388511658
1569841608.2808487,81,0.6479166746139526
1569841608.9125617,82,0.6625000238418579
1569841609.5385175,83,0.6541666388511658
1569841610.1630075,84,0.671875
1569841610.790944,85,0.6427083611488342
1569841611.418239,86,0.6541666388511658
1569841612.0728633,87,0.6520833373069763
1569841612.7016232,88,0.6583333611488342
1569841613.323318,89,0.6447916626930237
1569841613.9766254,90,0.659375011920929
1569841614.6038773,91,0.640625
1569841615.2334957,92,0.643750011920929
1569841615.86245,93,0.6479166746139526
1569841616.4936202,94,0.6635416746139526
1569841617.1294603,95,0.6666666865348816
1569841617.75669,96,0.65625
1569841618.3871503,97,0.6395833492279053
1569841619.0138535,98,0.6791666746139526
1569841619.6414933,99,0.6510416865348816
1569841620.2741048,100,0.6572916507720947
1569841620.9020345,101,0.6427083611488342
1569841621.5331752,102,0.6552083492279053
1569841622.182696,103,0.6468750238418579
1569841622.8113954,104,0.6864583492279053
1569841623.437924,105,0.6572916507720947
1569841624.0683498,106,0.640625
1569841624.6966796,107,0.65625
1569841625.322834,108,0.6697916388511658
1569841625.951671,109,0.6604166626930237
1569841626.577466,110,0.6499999761581421
1569841627.20751,111,0.6489583253860474
1569841627.8337846,112,0.6552083492279053
1569841628.4588435,113,0.653124988079071
1569841629.095084,114,0.6666666865348816
1569841629.7224996,115,0.6468750238418579
1569841630.3494966,116,0.65625
1569841630.9942467,117,0.6520833373069763
1569841631.617195,118,0.6447916626930237
1569841632.2494736,119,0.6614583134651184
1569841632.8777459,120,0.6729166507720947
1569841633.5044844,121,0.6645833253860474
1569841634.1334293,122,0.6656249761581421
1569841634.759341,123,0.6791666746139526
1569841635.3888817,124,0.6864583492279053
1569841636.0186903,125,0.6510416865348816
1569841636.6491292,126,0.6833333373069763
1569841637.283076,127,0.675000011920929
1569841637.9076543,128,0.6802083253860474
1569841638.5334992,129,0.7041666507720947
1569841639.1579611,130,0.6802083253860474
1569841639.781316,131,0.6822916865348816
1569841640.4259052,132,0.6864583492279053
1569841641.051075,133,0.6802083253860474
1569841641.678087,134,0.668749988079071
1569841642.3064783,135,0.6833333373069763
1569841642.9389017,136,0.7093750238418579
1569841643.5687416,137,0.6739583611488342
1569841644.2020452,138,0.6708333492279053
1569841644.8312593,139,0.6989583373069763
1569841645.468939,140,0.6770833134651184
1569841646.098231,141,0.6760416626930237
1569841646.7297838,142,0.6697916388511658
1569841647.366495,143,0.7229166626930237
1569841647.9945457,144,0.703125
1569841648.6386392,145,0.7010416388511658
1569841649.2801857,146,0.6791666746139526
1569841649.9136853,147,0.6895833611488342
1569841650.5364017,148,0.7052083611488342
1569841651.161524,149,0.6854166388511658
1569841651.7882433,150,0.6937500238418579
1569841652.412746,151,0.690625011920929
1569841653.0384843,152,0.6604166626930237
1569841653.6660566,153,0.7072916626930237
1569841654.2985156,154,0.7166666388511658
1569841654.9237554,155,0.6927083134651184
1569841655.547947,156,0.7166666388511658
1569841656.1757696,157,0.703125
1569841656.8087852,158,0.7083333134651184
1569841657.4415865,159,0.703125
1569841658.0672963,160,0.6708333492279053
1569841658.6939518,161,0.7135416865348816
1569841659.3212674,162,0.7145833373069763
1569841659.946481,163,0.6927083134651184
1569841660.5766084,164,0.6989583373069763
1569841661.2027202,165,0.7135416865348816
1569841661.8321848,166,0.7427083253860474
1569841662.4640007,167,0.7135416865348816
1569841663.100836,168,0.7145833373069763
1569841663.733935,169,0.7093750238418579
1569841664.3610814,170,0.7354166507720947
1569841664.986554,171,0.7250000238418579
1569841665.6159365,172,0.7135416865348816
1569841666.2436965,173,0.71875
1569841666.8699937,174,0.721875011920929
1569841667.5141323,175,0.7104166746139526
1569841668.1377165,176,0.7260416746139526
1569841668.7627504,177,0.737500011920929
1569841669.3881006,178,0.7406250238418579
1569841670.0125473,179,0.7135416865348816
1569841670.6383128,180,0.703125
1569841671.2637746,181,0.7052083611488342
1569841671.8917048,182,0.71875
1569841672.5597055,183,0.721875011920929
1569841673.1869283,184,0.71875
1569841673.8285272,185,0.7093750238418579
1569841674.4571912,186,0.71875
1569841675.0887508,187,0.7479166388511658
1569841675.718479,188,0.7250000238418579
1569841676.3486452,189,0.7322916388511658
1569841676.9865577,190,0.7354166507720947
1569841677.6167738,191,0.7104166746139526
1569841678.2435966,192,0.7364583611488342
1569841678.8869858,193,0.7177083492279053
1569841679.5177467,194,0.7197916507720947
1569841680.1517293,195,0.703125
1569841680.7811096,196,0.7281249761581421
1569841681.4079473,197,0.7281249761581421
1569841682.032449,198,0.71875
1569841682.6581948,199,0.721875011920929
