Wall time,Step,Value
1569841552.4358754,0,0.21013621985912323
1569841553.0826178,1,0.24659454822540283
1569841553.7274063,2,0.2780448794364929
1569841554.3678067,3,0.29246795177459717
1569841555.0032098,4,0.3125
1569841555.6431441,5,0.31330129504203796
1569841556.2822602,6,0.33193108439445496
1569841556.9193625,7,0.3072916567325592
1569841557.555531,8,0.25901442766189575
1569841558.1874623,9,0.30028045177459717
1569841558.8164487,10,0.30268430709838867
1569841559.4800677,11,0.35076120495796204
1569841560.116874,12,0.36919069290161133
1569841560.7534251,13,0.4142628312110901
1569841561.3916106,14,0.39262819290161133
1569841562.0198374,15,0.4014423191547394
1569841562.657274,16,0.4248798191547394
1569841563.299553,17,0.4759615361690521
1569841563.9519496,18,0.534254789352417
1569841564.5851693,19,0.5536859035491943
1569841565.2193065,20,0.5322515964508057
1569841565.8363757,21,0.549879789352417
1569841566.454775,22,0.5681089758872986
1569841567.0821998,23,0.5715144276618958
1569841567.7062328,24,0.5542868375778198
1569841568.3318121,25,0.573317289352417
1569841568.948065,26,0.5821313858032227
1569841569.5723038,27,0.5857371687889099
1569841570.191791,28,0.5961538553237915
1569841570.8122535,29,0.6237980723381042
1569841571.4274585,30,0.6430288553237915
1569841572.0454214,31,0.6167868375778198
1569841572.6676238,32,0.643629789352417
1569841573.2861536,33,0.6320112347602844
1569841573.9235916,34,0.6079727411270142
1569841574.5484552,35,0.6087740659713745
1569841575.1756241,36,0.6229968070983887
1569841575.7962854,37,0.635817289352417
1569841576.4144292,38,0.6498397588729858
1569841577.035954,39,0.6494390964508057
1569841577.6534355,40,0.6620593070983887
1569841578.2880752,41,0.6820913553237915
1569841578.9123182,42,0.7023237347602844
1569841579.53314,43,0.6893028616905212
1569841580.1532276,44,0.6919070482254028
1569841580.7776423,45,0.7133413553237915
1569841581.3963637,46,0.7283653616905212
1569841582.013567,47,0.7141426205635071
1569841582.63233,48,0.7141426205635071
1569841583.2510412,49,0.6927083134651184
1569841583.8780334,50,0.7351762652397156
1569841584.5059462,51,0.7678285241127014
1569841585.1217828,52,0.7173477411270142
1569841585.736804,53,0.7431890964508057
1569841586.3487465,54,0.7377804517745972
1569841586.9646242,55,0.7514022588729858
1569841587.5776958,56,0.7457932829856873
1569841588.1939354,57,0.7329727411270142
1569841588.817726,58,0.7239583134651184
1569841589.4313242,59,0.737379789352417
1569841590.0437047,60,0.7249599099159241
1569841590.6640255,61,0.7588140964508057
1569841591.3028445,62,0.7562099099159241
1569841591.916719,63,0.7664262652397156
1569841592.5339386,64,0.7534054517745972
1569841593.1567922,65,0.7299679517745972
1569841593.7825172,66,0.778245210647583
1569841594.3970916,67,0.7716346383094788
1569841595.0260067,68,0.7728365659713745
1569841595.6432407,69,0.7497996687889099
1569841596.2562406,70,0.7193509340286255
1569841596.8772216,71,0.7445913553237915
1569841597.4928133,72,0.7550080418586731
1569841598.1085622,73,0.7854567170143127
1569841598.730659,74,0.762620210647583
1569841599.346361,75,0.7744390964508057
1569841599.965905,76,0.7481971383094788
1569841600.5854993,77,0.78125
1569841601.2028465,78,0.7612179517745972
1569841601.8187847,79,0.7594150900840759
1569841602.442488,80,0.7425881624221802
1569841603.0715256,81,0.7732371687889099
1569841603.7047527,82,0.7732371687889099
1569841604.3233407,83,0.7790464758872986
1569841604.9626882,84,0.778245210647583
1569841605.578815,85,0.7728365659713745
1569841606.195761,86,0.7528044581413269
1569841606.8113816,87,0.7832531929016113
1569841607.4281816,88,0.7828525900840759
1569841608.0522738,89,0.7538061141967773
1569841608.670266,90,0.7646234035491943
1569841609.288328,91,0.7718349099159241
1569841609.906323,92,0.7481971383094788
1569841610.526628,93,0.7936698794364929
1569841611.1462445,94,0.7644230723381042
1569841611.772425,95,0.7936698794364929
1569841612.3889248,96,0.7788461446762085
1569841613.0128112,97,0.7712339758872986
1569841613.6395955,98,0.7832531929016113
1569841614.2534103,99,0.7652243375778198
1569841614.876891,100,0.7574118375778198
1569841615.4955978,101,0.7632211446762085
1569841616.112758,102,0.7678285241127014
1569841616.7358277,103,0.7724359035491943
1569841617.3601992,104,0.7610176205635071
1569841617.9758806,105,0.7822515964508057
1569841618.591322,106,0.7864583134651184
1569841619.2086835,107,0.7808493375778198
1569841619.8318348,108,0.7447916865348816
1569841620.45135,109,0.7818509340286255
1569841621.0949936,110,0.7948718070983887
1569841621.7243803,111,0.7974759340286255
1569841622.3635716,112,0.770432710647583
1569841623.020856,113,0.7612179517745972
1569841623.684604,114,0.7822515964508057
1569841624.3184292,115,0.8098958134651184
1569841624.9489095,116,0.784254789352417
1569841625.5975616,117,0.8048878312110901
1569841626.231704,118,0.8042868375778198
1569841626.8872612,119,0.7834535241127014
1569841627.5534136,120,0.7950721383094788
1569841628.2056637,121,0.7790464758872986
1569841628.860856,122,0.7774438858032227
1569841629.506718,123,0.7880609035491943
1569841630.1573968,124,0.7826522588729858
1569841630.825454,125,0.8080929517745972
1569841631.4927418,126,0.7958734035491943
1569841632.157791,127,0.7828525900840759
1569841632.7923725,128,0.7742387652397156
1569841633.4232569,129,0.7940705418586731
1569841634.0619264,130,0.7952724099159241
1569841634.6990864,131,0.7866586446762085
1569841635.3333244,132,0.8034855723381042
1569841635.967088,133,0.7904647588729858
1569841636.597825,134,0.809495210647583
1569841637.2288063,135,0.7808493375778198
1569841637.8589923,136,0.7878605723381042
1569841638.4937925,137,0.7756410241127014
1569841639.1303473,138,0.8034855723381042
1569841639.7577913,139,0.7652243375778198
1569841640.3940973,140,0.7770432829856873
1569841641.0290534,141,0.7918669581413269
1569841641.658258,142,0.7872596383094788
1569841642.2826912,143,0.7610176205635071
1569841642.9141147,144,0.8006811141967773
1569841643.5481205,145,0.7804487347602844
1569841644.176686,146,0.7942708134651184
1569841644.8177705,147,0.7730368375778198
1569841645.4527094,148,0.8189102411270142
1569841646.081784,149,0.7834535241127014
1569841646.7121856,150,0.8022836446762085
1569841647.3410668,151,0.7730368375778198
1569841647.9680183,152,0.8008813858032227
1569841648.5851536,153,0.8090945482254028
1569841649.2167504,154,0.768629789352417
1569841649.874262,155,0.7892628312110901
1569841650.513916,156,0.7910656929016113
1569841651.1559691,157,0.7690304517745972
1569841651.7911239,158,0.7562099099159241
1569841652.4211307,159,0.7976762652397156
1569841653.0669782,160,0.7806490659713745
1569841653.7068708,161,0.8127003312110901
1569841654.3385515,162,0.8040865659713745
1569841654.9664772,163,0.7848557829856873
1569841655.5985022,164,0.7732371687889099
1569841656.2330842,165,0.7982772588729858
1569841656.867684,166,0.7848557829856873
1569841657.4890425,167,0.8068910241127014
1569841658.104597,168,0.7884615659713745
1569841658.7405033,169,0.7632211446762085
1569841659.3672588,170,0.7736378312110901
1569841660.0088317,171,0.7924679517745972
1569841660.6628993,172,0.7988781929016113
1569841661.3073556,173,0.7826522588729858
1569841661.946406,174,0.7744390964508057
1569841662.5718305,175,0.8231169581413269
1569841663.1944942,176,0.7856570482254028
1569841663.8165553,177,0.7814503312110901
1569841664.4385228,178,0.7854567170143127
1569841665.069483,179,0.7864583134651184
1569841665.698493,180,0.8026843070983887
1569841666.320793,181,0.7814503312110901
1569841666.944488,182,0.7720352411270142
1569841667.567683,183,0.7962740659713745
1569841668.1950629,184,0.7696313858032227
1569841668.8327293,185,0.786057710647583
1569841669.462607,186,0.786057710647583
1569841670.097982,187,0.7922676205635071
1569841670.7236998,188,0.7912660241127014
1569841671.3558843,189,0.7758413553237915
1569841671.9891157,190,0.7682291865348816
1569841672.6204903,191,0.7930688858032227
1569841673.2566657,192,0.8040865659713745
1569841673.8993843,193,0.7670272588729858
1569841674.531523,194,0.7866586446762085
1569841675.1567068,195,0.7716346383094788
1569841675.777775,196,0.7678285241127014
1569841676.3996916,197,0.7892628312110901
1569841677.0331109,198,0.7800480723381042
1569841677.6544538,199,0.8054887652397156
