Wall time,Step,Value
1569841532.826883,0,0.19895833730697632
1569841533.4875894,1,0.25
1569841534.124864,2,0.3020833432674408
1569841534.762944,3,0.3140625059604645
1569841535.3950002,4,0.27916666865348816
1569841536.0496516,5,0.2927083373069763
1569841536.6805642,6,0.30156248807907104
1569841537.307212,7,0.28958332538604736
1569841537.9268017,8,0.3072916567325592
1569841538.5656266,9,0.3369791805744171
1569841539.2009382,10,0.3005208373069763
1569841539.8329055,11,0.3348958194255829
1569841540.459883,12,0.3255208432674408
1569841541.087124,13,0.3348958194255829
1569841541.7115796,14,0.34843748807907104
1569841542.3753264,15,0.375
1569841543.0009897,16,0.3932291567325592
1569841543.6284676,17,0.3843750059604645
1569841544.263717,18,0.40312498807907104
1569841544.8932936,19,0.40572917461395264
1569841545.5320954,20,0.4166666567325592
1569841546.1623096,21,0.41354167461395264
1569841546.7882779,22,0.4416666626930237
1569841547.428861,23,0.4026041626930237
1569841548.0593987,24,0.4348958432674408
1569841548.688108,25,0.46666666865348816
1569841549.3135831,26,0.47343748807907104
1569841549.9411054,27,0.4401041567325592
1569841550.5751116,28,0.4322916567325592
1569841551.2121909,29,0.43177083134651184
1569841551.8339484,30,0.4494791626930237
1569841552.4628832,31,0.4546875059604645
1569841553.0917704,32,0.47187501192092896
1569841553.7231135,33,0.4645833373069763
1569841554.3474107,34,0.4390625059604645
1569841554.9729276,35,0.4677083194255829
1569841555.6141407,36,0.4906249940395355
1569841556.2417803,37,0.47864583134651184
1569841556.8637168,38,0.4854166805744171
1569841557.4933095,39,0.5239583253860474
1569841558.1403522,40,0.4963541626930237
1569841558.782127,41,0.484375
1569841559.4288874,42,0.4989583194255829
1569841560.0658631,43,0.49166667461395264
1569841560.7092881,44,0.5093749761581421
1569841561.3506098,45,0.5276041626930237
1569841561.9886718,46,0.4906249940395355
1569841562.6331618,47,0.5104166865348816
1569841563.2699628,48,0.503125011920929
1569841563.9104302,49,0.5614583492279053
1569841564.5465984,50,0.542187511920929
1569841565.1864169,51,0.5395833253860474
1569841565.818496,52,0.5614583492279053
1569841566.4638617,53,0.551562488079071
1569841567.104281,54,0.5765625238418579
1569841567.740348,55,0.5208333134651184
1569841568.386778,56,0.5666666626930237
1569841569.0229464,57,0.5854166746139526
1569841569.660482,58,0.5739583373069763
1569841570.3026645,59,0.5854166746139526
1569841570.9479055,60,0.5635416507720947
1569841571.5886393,61,0.6015625
1569841572.2268293,62,0.596875011920929
1569841572.8604949,63,0.5760416388511658
1569841573.500473,64,0.5796874761581421
1569841574.132975,65,0.5932291746139526
1569841574.7733626,66,0.598437488079071
1569841575.4150088,67,0.612500011920929
1569841576.0561693,68,0.620312511920929
1569841576.696739,69,0.6130208373069763
1569841577.3305106,70,0.6005208492279053
1569841577.966878,71,0.6109374761581421
1569841578.597792,72,0.6265624761581421
1569841579.2226896,73,0.6468750238418579
1569841579.8482575,74,0.6234375238418579
1569841580.4829266,75,0.625
1569841581.1182697,76,0.653124988079071
1569841581.7494228,77,0.6239583492279053
1569841582.3863118,78,0.645312488079071
1569841583.0226521,79,0.6395833492279053
1569841583.6514146,80,0.6171875
1569841584.2900922,81,0.6755208373069763
1569841584.9284961,82,0.6260416507720947
1569841585.5691943,83,0.667187511920929
1569841586.2185595,84,0.6760416626930237
1569841586.8587875,85,0.6229166388511658
1569841587.4950392,86,0.6270833611488342
1569841588.1329396,87,0.6276041865348816
1569841588.7768424,88,0.6541666388511658
1569841589.4180343,89,0.6468750238418579
1569841590.0573409,90,0.6479166746139526
1569841590.7037342,91,0.6479166746139526
1569841591.348876,92,0.6651041507720947
1569841591.9891343,93,0.6661458611488342
1569841592.6374674,94,0.6666666865348816
1569841593.2803535,95,0.6697916388511658
1569841593.9247472,96,0.6567708253860474
1569841594.5609746,97,0.6614583134651184
1569841595.1910853,98,0.6786458492279053
1569841595.8337955,99,0.6578124761581421
1569841596.4720433,100,0.6416666507720947
1569841597.1163418,101,0.676562488079071
1569841597.7591817,102,0.6697916388511658
1569841598.4026506,103,0.6526041626930237
1569841599.0451627,104,0.6723958253860474
1569841599.6904418,105,0.6796875
1569841600.3301535,106,0.6927083134651184
1569841600.9583564,107,0.684374988079071
1569841601.5851648,108,0.7041666507720947
1569841602.2081163,109,0.7093750238418579
1569841602.8316336,110,0.6942708492279053
1569841603.4526443,111,0.6802083253860474
1569841604.079067,112,0.6947916746139526
1569841604.705678,113,0.692187488079071
1569841605.3315337,114,0.6895833611488342
1569841605.9586716,115,0.715624988079071
1569841606.5896337,116,0.6953125
1569841607.2141871,117,0.7067708373069763
1569841607.833718,118,0.6911458373069763
1569841608.4610848,119,0.7046874761581421
1569841609.0901804,120,0.6963541507720947
1569841609.7307215,121,0.690625011920929
1569841610.3789144,122,0.7130208611488342
1569841611.0253513,123,0.714062511920929
1569841611.6607835,124,0.6760416626930237
1569841612.3006973,125,0.6937500238418579
1569841612.942861,126,0.6911458373069763
1569841613.578551,127,0.6916666626930237
1569841614.2145512,128,0.6942708492279053
1569841614.8477504,129,0.6942708492279053
1569841615.4847662,130,0.7145833373069763
1569841616.1218512,131,0.707812488079071
1569841616.7516096,132,0.7052083611488342
1569841617.3932014,133,0.7161458134651184
1569841618.0138862,134,0.7213541865348816
1569841618.6412973,135,0.6994791626930237
1569841619.2771323,136,0.6869791746139526
1569841619.9009063,137,0.7223958373069763
1569841620.5361114,138,0.7109375
1569841621.1764371,139,0.6786458492279053
1569841621.8016078,140,0.734375
1569841622.4425092,141,0.7015625238418579
1569841623.0722096,142,0.7265625
1569841623.696722,143,0.7166666388511658
1569841624.3238838,144,0.7411458492279053
1569841624.9564812,145,0.7260416746139526
1569841625.6036055,146,0.7135416865348816
1569841626.2509983,147,0.703125
1569841626.8885849,148,0.7270833253860474
1569841627.540098,149,0.7276041507720947
1569841628.1845922,150,0.7291666865348816
1569841628.8201637,151,0.7072916626930237
1569841629.4578369,152,0.7333333492279053
1569841630.0915465,153,0.7250000238418579
1569841630.717978,154,0.7036458253860474
1569841631.348655,155,0.7270833253860474
1569841631.981207,156,0.7494791746139526
1569841632.6107109,157,0.7338541746139526
1569841633.2414274,158,0.7083333134651184
1569841633.878631,159,0.7442708611488342
1569841634.5122993,160,0.723437488079071
1569841635.151445,161,0.7124999761581421
1569841635.7914488,162,0.7005208134651184
1569841636.4301429,163,0.7093750238418579
1569841637.0615826,164,0.729687511920929
1569841637.7032363,165,0.6901041865348816
1569841638.3408334,166,0.7010416388511658
1569841638.9732227,167,0.7244791388511658
1569841639.6021438,168,0.7192708253860474
1569841640.2333186,169,0.6968749761581421
1569841640.8787313,170,0.7177083492279053
1569841641.5069258,171,0.706250011920929
1569841642.1330752,172,0.682812511920929
1569841642.760558,173,0.7250000238418579
1569841643.4000256,174,0.731249988079071
1569841644.0428488,175,0.7010416388511658
1569841644.6732101,176,0.7270833253860474
1569841645.2965832,177,0.7291666865348816
1569841645.9233518,178,0.7104166746139526
1569841646.5704172,179,0.7203124761581421
1569841647.197045,180,0.7276041507720947
1569841647.8600762,181,0.7182291746139526
1569841648.5023193,182,0.7307291626930237
1569841649.140675,183,0.7083333134651184
1569841649.775836,184,0.7354166507720947
1569841650.4178634,185,0.7166666388511658
1569841651.046818,186,0.7229166626930237
1569841651.6941025,187,0.698437511920929
1569841652.333511,188,0.7145833373069763
1569841652.9781206,189,0.6994791626930237
1569841653.6037836,190,0.7239583134651184
1569841654.2382014,191,0.7093750238418579
1569841654.863271,192,0.7005208134651184
1569841655.4864237,193,0.7197916507720947
1569841656.1081676,194,0.7015625238418579
1569841656.7362123,195,0.6838541626930237
1569841657.3630812,196,0.7281249761581421
1569841657.9912705,197,0.7265625
1569841658.618549,198,0.7442708611488342
1569841659.2626383,199,0.699999988079071
