Wall time,Step,Value
1569841404.9529052,0,0.1947251707315445
1569841405.6234357,1,0.26564717292785645
1569841406.2838707,2,0.31418439745903015
1569841406.937382,3,0.3094858229160309
1569841407.5881698,4,0.31799644231796265
1569841408.2529352,5,0.31409573554992676
1569841408.9016235,6,0.3158244788646698
1569841409.5506113,7,0.3329344093799591
1569841410.2080412,8,0.326241135597229
1569841410.8536966,9,0.32460105419158936
1569841411.5025585,10,0.31409573554992676
1569841412.1543286,11,0.3223404288291931
1569841412.806348,12,0.3323138356208801
1569841413.462994,13,0.32841312885284424
1569841414.1105914,14,0.31139183044433594
1569841414.7667465,15,0.3305850923061371
1569841415.4156208,16,0.33510637283325195
1569841416.0803769,17,0.3196365237236023
1569841416.7348382,18,0.3221631348133087
1569841417.3931258,19,0.3054964542388916
1569841418.045006,20,0.32850176095962524
1569841418.7346714,21,0.3199024796485901
1569841419.3776228,22,0.3304077982902527
1569841420.0275097,23,0.31374114751815796
1569841420.68799,24,0.34273049235343933
1569841421.341625,25,0.40793439745903015
1569841421.9916232,26,0.3914450407028198
1569841422.6385136,27,0.3929077982902527
1569841423.294224,28,0.39343971014022827
1569841423.9477103,29,0.4311170279979706
1569841424.5989802,30,0.4516843855381012
1569841425.2528715,31,0.4413563907146454
1569841425.9052458,32,0.41165781021118164
1569841426.563231,33,0.44995567202568054
1569841427.2178063,34,0.4579344093799591
1569841427.873657,35,0.4260638356208801
1569841428.519608,36,0.485549658536911
1569841429.1717703,37,0.48120567202568054
1569841429.8166316,38,0.49813830852508545
1569841430.4573567,39,0.5039450526237488
1569841431.1028023,40,0.45332446694374084
1569841431.75414,41,0.48076242208480835
1569841432.406873,42,0.49171099066734314
1569841433.0591133,43,0.4937056601047516
1569841433.7128344,44,0.49534574151039124
1569841434.3699684,45,0.515159547328949
1569841435.0251243,46,0.527482271194458
1569841435.6728983,47,0.5397163033485413
1569841436.3281367,48,0.537544310092926
1569841436.9877567,49,0.5207890272140503
1569841437.6448534,50,0.5545656085014343
1569841438.3053539,51,0.5357269644737244
1569841438.9696147,52,0.5208776593208313
1569841439.6354513,53,0.537544310092926
1569841440.3085644,54,0.5543882846832275
1569841440.9777389,55,0.5398049354553223
1569841441.644217,56,0.5418882966041565
1569841442.3039267,57,0.5692375898361206
1569841442.9656434,58,0.5691489577293396
1569841443.6297212,59,0.5733156204223633
1569841444.288091,60,0.6153368949890137
1569841444.9471912,61,0.5164450407028198
1569841445.5928028,62,0.5351950526237488
1569841446.2449563,63,0.5729609727859497
1569841446.9093227,64,0.5503989458084106
1569841447.567038,65,0.5481383204460144
1569841448.214153,66,0.5904255509376526
1569841448.879701,67,0.5985815525054932
1569841449.5340521,68,0.6277482509613037
1569841450.1830447,69,0.5877216458320618
1569841450.8371904,70,0.5922428965568542
1569841451.487882,71,0.5771276354789734
1569841452.1467526,72,0.6153368949890137
1569841452.804215,73,0.590070903301239
1569841453.4519162,74,0.5815602540969849
1569841454.113065,75,0.630097508430481
1569841454.7632844,76,0.630097508430481
1569841455.4133363,77,0.5964095592498779
1569841456.0693302,78,0.587632954120636
1569841456.7365918,79,0.6446808576583862
1569841457.4260302,80,0.6063829660415649
1569841458.0894618,81,0.6069148778915405
1569841458.7419,82,0.6423315405845642
1569841459.3948383,83,0.6296542286872864
1569841460.0471256,84,0.6382535696029663
1569841460.6932535,85,0.621143639087677
1569841461.3434143,86,0.6443262696266174
1569841462.002982,87,0.6566489338874817
1569841462.656357,88,0.6570035219192505
1569841463.308108,89,0.6545656323432922
1569841463.9605546,90,0.6694148778915405
1569841464.617672,91,0.6546542644500732
1569841465.302776,92,0.67367023229599
1569841465.966709,93,0.6508421897888184
1569841466.6131842,94,0.6379876136779785
1569841467.2743578,95,0.676285445690155
1569841467.9433668,96,0.6696808338165283
1569841468.6073666,97,0.6442375779151917
1569841469.2637403,98,0.6444149017333984
1569841469.9116483,99,0.6801861524581909
1569841470.571011,100,0.6651595830917358
1569841471.2252488,101,0.6355496644973755
1569841471.8791823,102,0.631294310092926
1569841472.5326476,103,0.673847496509552
1569841473.182936,104,0.6355496644973755
1569841473.8369036,105,0.6693262457847595
1569841474.4851198,106,0.6439716219902039
1569841475.1373818,107,0.6795656085014343
1569841475.7939596,108,0.6696808338165283
1569841476.447717,109,0.6714982390403748
1569841477.1079292,110,0.6526595950126648
1569841477.7599628,111,0.673758864402771
1569841478.4091158,112,0.686258852481842
1569841479.05775,113,0.654920220375061
1569841479.7050445,114,0.68608158826828
1569841480.3569322,115,0.6734929084777832
1569841481.005763,116,0.6694148778915405
1569841481.6591618,117,0.683732271194458
1569841482.313529,118,0.6965869069099426
1569841482.9646015,119,0.6672428846359253
1569841483.6128585,120,0.6531915068626404
1569841484.267828,121,0.6917996406555176
1569841484.921666,122,0.6798315644264221
1569841485.5747619,123,0.7195922136306763
1569841486.219022,124,0.6632535457611084
1569841486.8776753,125,0.6755762696266174
1569841487.5332503,126,0.6884308457374573
1569841488.222819,127,0.6865248084068298
1569841488.8675308,128,0.6864361763000488
1569841489.5222375,129,0.652393639087677
1569841490.1721754,130,0.6821808218955994
1569841490.8246078,131,0.6650709509849548
1569841491.4772131,132,0.68608158826828
1569841492.1245902,133,0.6966755390167236
1569841492.7729597,134,0.6901595592498779
1569841493.4233122,135,0.6799201965332031
1569841494.074746,136,0.7070922255516052
1569841494.728266,137,0.6925088763237
1569841495.402419,138,0.707535445690155
1569841496.047821,139,0.6800088882446289
1569841496.6952724,140,0.6966755390167236
1569841497.355886,141,0.6900709271430969
1569841498.0122178,142,0.6818262338638306
1569841498.6652203,143,0.7006648778915405
1569841499.310783,144,0.7322695255279541
1569841499.9652607,145,0.7177748084068298
1569841500.6145647,146,0.7195922136306763
1569841501.2754638,147,0.7405141592025757
1569841501.9217865,148,0.7302747964859009
1569841502.5734835,149,0.7234042286872864
1569841503.2215657,150,0.7448581457138062
1569841503.874694,151,0.7278369069099426
1569841504.5291333,152,0.7533687949180603
1569841505.1797624,153,0.723936140537262
1569841505.823905,154,0.7217642068862915
1569841506.4734378,155,0.7406914830207825
1569841507.1273396,156,0.726374089717865
1569841507.7771819,157,0.7403368949890137
1569841508.4269462,158,0.7405141592025757
1569841509.117382,159,0.7449468374252319
1569841509.7749164,160,0.7258421778678894
1569841510.4236596,161,0.7300975322723389
1569841511.077771,162,0.7443262338638306
1569841511.7276351,163,0.7512854337692261
1569841512.3746834,164,0.7426861524581909
1569841513.0417864,165,0.7169769406318665
1569841513.7029626,166,0.7279255390167236
1569841514.353645,167,0.7490248084068298
1569841515.0118484,168,0.7677748203277588
1569841515.659436,169,0.7194148898124695
1569841516.3096793,170,0.7510194778442383
1569841516.9714458,171,0.7257535457611084
1569841517.6227818,172,0.7381649017333984
1569841518.2701933,173,0.7427748441696167
1569841518.9178085,174,0.755186140537262
1569841519.5714042,175,0.7426861524581909
1569841520.2190866,176,0.7300975322723389
1569841520.8676453,177,0.7428634762763977
1569841521.5149558,178,0.7108156085014343
1569841522.1715796,179,0.7594414949417114
1569841522.8248167,180,0.7491135001182556
1569841523.4699254,181,0.7234042286872864
1569841524.1273084,182,0.7468528151512146
1569841524.7883635,183,0.7341755032539368
1569841525.4472184,184,0.7341755032539368
1569841526.1010346,185,0.7316489219665527
1569841526.7551804,186,0.7553634643554688
1569841527.4049487,187,0.7597074508666992
1569841528.0548944,188,0.7511081695556641
1569841528.7050574,189,0.7570921778678894
1569841529.3573627,190,0.7344415187835693
1569841530.0147057,191,0.7527482509613037
1569841530.6693857,192,0.7511081695556641
1569841531.3247554,193,0.7573581337928772
1569841531.9815323,194,0.7719414830207825
1569841532.636573,195,0.7680407762527466
1569841533.279756,196,0.7636967897415161
1569841533.928082,197,0.7489361763000488
1569841534.5756998,198,0.7721188068389893
1569841535.237849,199,0.7655141949653625
