Wall time,Step,Value
1569841404.9886544,0,0.21041665971279144
1569841405.687736,1,0.26249998807907104
1569841406.3686724,2,0.23125000298023224
1569841407.0565872,3,0.24791666865348816
1569841407.7449858,4,0.30416667461395264
1569841408.4473934,5,0.2770833373069763
1569841409.1608403,6,0.2979166805744171
1569841409.8604946,7,0.28125
1569841410.5624228,8,0.2958333194255829
1569841411.261184,9,0.2541666626930237
1569841411.9446738,10,0.28333333134651184
1569841412.6450567,11,0.23541666567325592
1569841413.3423088,12,0.23541666567325592
1569841414.0232956,13,0.32083332538604736
1569841414.7119315,14,0.2750000059604645
1569841415.4101686,15,0.31041666865348816
1569841416.094554,16,0.31041666865348816
1569841416.7895827,17,0.26875001192092896
1569841417.4960434,18,0.2958333194255829
1569841418.1936867,19,0.28125
1569841418.8721323,20,0.3687500059604645
1569841419.5773852,21,0.3499999940395355
1569841420.259465,22,0.34375
1569841420.9650838,23,0.40833333134651184
1569841421.6630862,24,0.3916666805744171
1569841422.3664515,25,0.4104166626930237
1569841423.06619,26,0.43541666865348816
1569841423.7564487,27,0.43958333134651184
1569841424.4382157,28,0.40625
1569841425.1167555,29,0.5145833492279053
1569841425.8048131,30,0.47083333134651184
1569841426.4911513,31,0.5249999761581421
1569841427.1991243,32,0.43541666865348816
1569841427.901674,33,0.46041667461395264
1569841428.6030962,34,0.5104166865348816
1569841429.3164687,35,0.5020833611488342
1569841430.0195434,36,0.5354166626930237
1569841430.7166748,37,0.5208333134651184
1569841431.3986366,38,0.5479166507720947
1569841432.0848508,39,0.4749999940395355
1569841432.7695513,40,0.5375000238418579
1569841433.4644265,41,0.5604166388511658
1569841434.1545591,42,0.6041666865348816
1569841434.8642385,43,0.5729166865348816
1569841435.5638492,44,0.5625
1569841436.2575016,45,0.5541666746139526
1569841436.9488816,46,0.4833333194255829
1569841437.6317427,47,0.6229166388511658
1569841438.3147783,48,0.5458333492279053
1569841439.000701,49,0.5562499761581421
1569841439.684588,50,0.5916666388511658
1569841440.3698647,51,0.612500011920929
1569841441.0602212,52,0.5020833611488342
1569841441.7982755,53,0.5687500238418579
1569841442.485853,54,0.5541666746139526
1569841443.1659524,55,0.6187499761581421
1569841443.855117,56,0.5979166626930237
1569841444.55335,57,0.6208333373069763
1569841445.2540112,58,0.5916666388511658
1569841445.9518278,59,0.6312500238418579
1569841446.6562119,60,0.6395833492279053
1569841447.3745904,61,0.6104166507720947
1569841448.0604656,62,0.5541666746139526
1569841448.736573,63,0.6229166388511658
1569841449.4215326,64,0.6625000238418579
1569841450.1016653,65,0.5729166865348816
1569841450.7880905,66,0.6333333253860474
1569841451.4909012,67,0.6479166746139526
1569841452.1888201,68,0.6499999761581421
1569841452.887673,69,0.6354166865348816
1569841453.5848973,70,0.5729166865348816
1569841454.2833595,71,0.6083333492279053
1569841454.9719908,72,0.6312500238418579
1569841455.6588857,73,0.6208333373069763
1569841456.3492165,74,0.5770833492279053
1569841457.0309677,75,0.5791666507720947
1569841457.7416456,76,0.6979166865348816
1569841458.44138,77,0.65625
1569841459.1478877,78,0.5791666507720947
1569841459.837296,79,0.6104166507720947
1569841460.5248454,80,0.6791666746139526
1569841461.231298,81,0.6875
1569841461.9328597,82,0.6020833253860474
1569841462.6318622,83,0.7124999761581421
1569841463.3343852,84,0.6937500238418579
1569841464.030683,85,0.7416666746139526
1569841464.7240458,86,0.6708333492279053
1569841465.4238343,87,0.6770833134651184
1569841466.1099632,88,0.6333333253860474
1569841466.8063364,89,0.6166666746139526
1569841467.5007374,90,0.7083333134651184
1569841468.1977057,91,0.6354166865348816
1569841468.8839357,92,0.6812499761581421
1569841469.5701294,93,0.6833333373069763
1569841470.24915,94,0.7104166746139526
1569841470.9318163,95,0.6833333373069763
1569841471.6104655,96,0.6937500238418579
1569841472.2950866,97,0.59375
1569841472.9852645,98,0.6812499761581421
1569841473.674165,99,0.6291666626930237
1569841474.3662226,100,0.699999988079071
1569841475.0620136,101,0.6520833373069763
1569841475.746552,102,0.6625000238418579
1569841476.4339368,103,0.6625000238418579
1569841477.1239274,104,0.6520833373069763
1569841477.8384948,105,0.706250011920929
1569841478.5235672,106,0.6020833253860474
1569841479.2124414,107,0.6770833134651184
1569841479.91531,108,0.6875
1569841480.6129186,109,0.6666666865348816
1569841481.3041146,110,0.6833333373069763
1569841481.9845753,111,0.6645833253860474
1569841482.683013,112,0.6729166507720947
1569841483.3677332,113,0.6499999761581421
1569841484.0477657,114,0.75
1569841484.7485876,115,0.699999988079071
1569841485.445589,116,0.6270833611488342
1569841486.1284926,117,0.6666666865348816
1569841486.8301435,118,0.6583333611488342
1569841487.52857,119,0.6729166507720947
1569841488.2398362,120,0.7208333611488342
1569841488.9180486,121,0.643750011920929
1569841489.5966742,122,0.6458333134651184
1569841490.283205,123,0.7041666507720947
1569841490.968298,124,0.6166666746139526
1569841491.6465082,125,0.6604166626930237
1569841492.328796,126,0.71875
1569841493.0086887,127,0.6625000238418579
1569841493.6938226,128,0.6833333373069763
1569841494.3858838,129,0.6416666507720947
1569841495.0711963,130,0.7333333492279053
1569841495.7636068,131,0.7104166746139526
1569841496.4682112,132,0.6875
1569841497.1933956,133,0.71875
1569841497.8965414,134,0.6625000238418579
1569841498.6061075,135,0.6833333373069763
1569841499.304459,136,0.6625000238418579
1569841500.001756,137,0.6729166507720947
1569841500.6954162,138,0.6958333253860474
1569841501.3999877,139,0.7083333134651184
1569841502.0865521,140,0.6395833492279053
1569841502.7904916,141,0.6020833253860474
1569841503.4947577,142,0.6333333253860474
1569841504.205268,143,0.6312500238418579
1569841504.9076662,144,0.699999988079071
1569841505.5987277,145,0.7208333611488342
1569841506.3151922,146,0.6583333611488342
1569841507.0248418,147,0.7208333611488342
1569841507.712485,148,0.7354166507720947
1569841508.4205682,149,0.706250011920929
1569841509.1734543,150,0.75
1569841509.8675802,151,0.7083333134651184
1569841510.572756,152,0.7333333492279053
1569841511.2652023,153,0.6291666626930237
1569841511.960248,154,0.6604166626930237
1569841512.6560168,155,0.7291666865348816
1569841513.3521457,156,0.7208333611488342
1569841514.0606732,157,0.7250000238418579
1569841514.7458286,158,0.7250000238418579
1569841515.438201,159,0.6916666626930237
1569841516.118165,160,0.6604166626930237
1569841516.8101919,161,0.6791666746139526
1569841517.5336607,162,0.65625
1569841518.2414653,163,0.6666666865348816
1569841518.943992,164,0.675000011920929
1569841519.6286676,165,0.6791666746139526
1569841520.3316853,166,0.6395833492279053
1569841521.00903,167,0.75
1569841521.6946495,168,0.6791666746139526
1569841522.4015772,169,0.65625
1569841523.11069,170,0.7145833373069763
1569841523.809523,171,0.737500011920929
1569841524.5144436,172,0.71875
1569841525.2056751,173,0.6791666746139526
1569841525.89719,174,0.7083333134651184
1569841526.5931246,175,0.6937500238418579
1569841527.290375,176,0.6666666865348816
1569841527.9948788,177,0.6333333253860474
1569841528.6795144,178,0.6729166507720947
1569841529.3778825,179,0.7083333134651184
1569841530.0663126,180,0.7229166626930237
1569841530.7718542,181,0.7770833373069763
1569841531.469515,182,0.6729166507720947
1569841532.1624482,183,0.6291666626930237
1569841532.8454669,184,0.7395833134651184
1569841533.547961,185,0.6708333492279053
1569841534.2511206,186,0.6541666388511658
1569841534.9609234,187,0.6979166865348816
1569841535.65688,188,0.706250011920929
1569841536.335229,189,0.6604166626930237
1569841537.0377548,190,0.7020833492279053
1569841537.7351027,191,0.7583333253860474
1569841538.4165022,192,0.7333333492279053
1569841539.1497152,193,0.7395833134651184
1569841539.8683636,194,0.6499999761581421
1569841540.586884,195,0.7041666507720947
1569841541.3272693,196,0.7020833492279053
1569841542.0748763,197,0.668749988079071
1569841542.7975032,198,0.6395833492279053
1569841543.523255,199,0.6958333253860474
