Wall time,Step,Value
1569841500.305084,0,0.25
1569841500.9310417,1,0.2854166626930237
1569841501.5418901,2,0.3125
1569841502.149562,3,0.37291666865348816
1569841502.7485387,4,0.33125001192092896
1569841503.3505292,5,0.28125
1569841503.9504085,6,0.3020833432674408
1569841504.547555,7,0.40416666865348816
1569841505.16116,8,0.3395833373069763
1569841505.7619264,9,0.32499998807907104
1569841506.3567853,10,0.2916666567325592
1569841506.9560194,11,0.4000000059604645
1569841507.557387,12,0.40625
1569841508.1479766,13,0.43541666865348816
1569841508.7345188,14,0.4229166805744171
1569841509.3256724,15,0.4520833194255829
1569841509.9144437,16,0.35624998807907104
1569841510.507449,17,0.40416666865348816
1569841511.0970266,18,0.40833333134651184
1569841511.699139,19,0.5249999761581421
1569841512.2907023,20,0.4375
1569841512.8826468,21,0.512499988079071
1569841513.4762251,22,0.4166666567325592
1569841514.0683136,23,0.4124999940395355
1569841514.6608903,24,0.5166666507720947
1569841515.2579486,25,0.48124998807907104
1569841515.8673725,26,0.4270833432674408
1569841516.4756494,27,0.4312500059604645
1569841517.0778615,28,0.36250001192092896
1569841517.6791553,29,0.4854166805744171
1569841518.2765987,30,0.38749998807907104
1569841518.8715794,31,0.4895833432674408
1569841519.470836,32,0.4479166567325592
1569841520.0640135,33,0.5020833611488342
1569841520.6681776,34,0.46041667461395264
1569841521.2628222,35,0.45625001192092896
1569841521.8615735,36,0.4437499940395355
1569841522.4571202,37,0.4958333373069763
1569841523.0544481,38,0.46041667461395264
1569841523.6469314,39,0.43541666865348816
1569841524.2469366,40,0.512499988079071
1569841524.8467474,41,0.5708333253860474
1569841525.439769,42,0.4625000059604645
1569841526.0279205,43,0.512499988079071
1569841526.615304,44,0.4833333194255829
1569841527.2014174,45,0.43541666865348816
1569841527.7816474,46,0.5291666388511658
1569841528.3795528,47,0.5874999761581421
1569841528.9672492,48,0.46666666865348816
1569841529.5570931,49,0.5645833611488342
1569841530.1720855,50,0.5208333134651184
1569841530.775069,51,0.5791666507720947
1569841531.367729,52,0.5333333611488342
1569841531.9621158,53,0.5458333492279053
1569841532.557153,54,0.4791666567325592
1569841533.1882663,55,0.4729166626930237
1569841533.8168595,56,0.59375
1569841534.4262252,57,0.5625
1569841535.0281057,58,0.5666666626930237
1569841535.6327245,59,0.5354166626930237
1569841536.2428367,60,0.5520833134651184
1569841536.8511815,61,0.5041666626930237
1569841537.4592528,62,0.5541666746139526
1569841538.0705574,63,0.5895833373069763
1569841538.7001324,64,0.48750001192092896
1569841539.3057866,65,0.5666666626930237
1569841539.92589,66,0.5
1569841540.5473294,67,0.5666666626930237
1569841541.1893811,68,0.5854166746139526
1569841541.7870626,69,0.4895833432674408
1569841542.4103215,70,0.4645833373069763
1569841543.035283,71,0.6145833134651184
1569841543.670728,72,0.5020833611488342
1569841544.2715964,73,0.5874999761581421
1569841544.8842509,74,0.512499988079071
1569841545.506594,75,0.4583333432674408
1569841546.1328397,76,0.543749988079071
1569841546.7560148,77,0.5354166626930237
1569841547.3801336,78,0.5729166865348816
1569841548.0131338,79,0.5729166865348816
1569841548.6439455,80,0.5458333492279053
1569841549.2676306,81,0.5958333611488342
1569841549.8841007,82,0.5229166746139526
1569841550.4959824,83,0.6229166388511658
1569841551.1523554,84,0.512499988079071
1569841551.7666042,85,0.5166666507720947
1569841552.378452,86,0.5916666388511658
1569841553.0087023,87,0.5708333253860474
1569841553.620727,88,0.5416666865348816
1569841554.2342918,89,0.5645833611488342
1569841554.8295977,90,0.6000000238418579
1569841555.4202158,91,0.5541666746139526
1569841556.0064576,92,0.5395833253860474
1569841556.6013608,93,0.5895833373069763
1569841557.1912248,94,0.706250011920929
1569841557.7766428,95,0.6354166865348816
1569841558.362801,96,0.5375000238418579
1569841558.9644518,97,0.6499999761581421
1569841559.5777755,98,0.5854166746139526
1569841560.1914651,99,0.5291666388511658
1569841560.793694,100,0.606249988079071
1569841561.3934112,101,0.6083333492279053
1569841562.0007455,102,0.6583333611488342
1569841562.6012921,103,0.6083333492279053
1569841563.2057443,104,0.6020833253860474
1569841563.8034456,105,0.5979166626930237
1569841564.39899,106,0.5916666388511658
1569841564.9929452,107,0.5562499761581421
1569841565.584859,108,0.5625
1569841566.1677744,109,0.6541666388511658
1569841566.749424,110,0.5979166626930237
1569841567.3319414,111,0.6499999761581421
1569841567.93014,112,0.6499999761581421
1569841568.537155,113,0.550000011920929
1569841569.1193695,114,0.5604166388511658
1569841569.6982903,115,0.606249988079071
1569841570.2817311,116,0.637499988079071
1569841570.8674734,117,0.6604166626930237
1569841571.451451,118,0.5395833253860474
1569841572.0290208,119,0.5979166626930237
1569841572.6075194,120,0.6812499761581421
1569841573.189749,121,0.6104166507720947
1569841573.7697468,122,0.6020833253860474
1569841574.3549366,123,0.6416666507720947
1569841574.9410257,124,0.6020833253860474
1569841575.5178328,125,0.5541666746139526
1569841576.1014936,126,0.5625
1569841576.685465,127,0.5583333373069763
1569841577.2709894,128,0.5062500238418579
1569841577.858183,129,0.5583333373069763
1569841578.438117,130,0.6395833492279053
1569841579.022939,131,0.6041666865348816
1569841579.6018407,132,0.5770833492279053
1569841580.1966197,133,0.5458333492279053
1569841580.7807593,134,0.6229166388511658
1569841581.3621314,135,0.5583333373069763
1569841581.9472806,136,0.6625000238418579
1569841582.536542,137,0.6604166626930237
1569841583.122461,138,0.6479166746139526
1569841583.7109263,139,0.6166666746139526
1569841584.2991796,140,0.65625
1569841584.885024,141,0.518750011920929
1569841585.4847167,142,0.612500011920929
1569841586.0653558,143,0.6416666507720947
1569841586.651513,144,0.625
1569841587.2360628,145,0.5958333611488342
1569841587.820359,146,0.5625
1569841588.4003813,147,0.6770833134651184
1569841588.9891233,148,0.6520833373069763
1569841589.5785313,149,0.5708333253860474
1569841590.1631393,150,0.612500011920929
1569841590.752711,151,0.5333333611488342
1569841591.3400264,152,0.5416666865348816
1569841591.919559,153,0.5729166865348816
1569841592.504165,154,0.6854166388511658
1569841593.0876157,155,0.6333333253860474
1569841593.6713805,156,0.6187499761581421
1569841594.2515028,157,0.612500011920929
1569841594.834799,158,0.5625
1569841595.4109912,159,0.5874999761581421
1569841596.001989,160,0.5770833492279053
1569841596.5838618,161,0.5687500238418579
1569841597.166808,162,0.5916666388511658
1569841597.7493744,163,0.5208333134651184
1569841598.3366103,164,0.7250000238418579
1569841598.9220092,165,0.6229166388511658
1569841599.5002234,166,0.6270833611488342
1569841600.0803585,167,0.6416666507720947
1569841600.6674018,168,0.5687500238418579
1569841601.2512167,169,0.6416666507720947
1569841601.8374703,170,0.7020833492279053
1569841602.4220335,171,0.574999988079071
1569841603.0101101,172,0.6833333373069763
1569841603.5902514,173,0.5104166865348816
1569841604.1691556,174,0.6333333253860474
1569841604.7511723,175,0.5791666507720947
1569841605.3462086,176,0.5166666507720947
1569841605.9402342,177,0.6166666746139526
1569841606.5274658,178,0.6791666746139526
1569841607.1268783,179,0.5729166865348816
1569841607.710526,180,0.6770833134651184
1569841608.2996078,181,0.6208333373069763
1569841608.8813581,182,0.5666666626930237
1569841609.4673762,183,0.5666666626930237
1569841610.0566015,184,0.668749988079071
1569841610.6476438,185,0.6291666626930237
1569841611.2310474,186,0.6333333253860474
1569841611.8173447,187,0.6708333492279053
1569841612.4041693,188,0.6041666865348816
1569841612.9905658,189,0.731249988079071
1569841613.5725636,190,0.5770833492279053
1569841614.1635175,191,0.6625000238418579
1569841614.7416942,192,0.6312500238418579
1569841615.334188,193,0.5916666388511658
1569841615.9246259,194,0.574999988079071
1569841616.516461,195,0.5291666388511658
1569841617.100472,196,0.6312500238418579
1569841617.6945696,197,0.6875
1569841618.2811205,198,0.6291666626930237
1569841618.8712702,199,0.675000011920929
