Wall time,Step,Value
1569841559.5939898,0,0.24394208192825317
1569841560.2372372,1,0.26484930515289307
1569841560.8756998,2,0.24734042584896088
1569841561.5190477,3,0.2805481553077698
1569841562.1316938,4,0.32040485739707947
1569841562.7532036,5,0.32576093077659607
1569841563.375312,6,0.31541815400123596
1569841564.0123868,7,0.2836509943008423
1569841564.6463912,8,0.32461583614349365
1569841565.2909708,9,0.3412381708621979
1569841565.9235067,10,0.35601359605789185
1569841566.5340989,11,0.32945477962493896
1569841567.1450572,12,0.34145981073379517
1569841567.7513146,13,0.36931145191192627
1569841568.3754747,14,0.38689419627189636
1569841568.986187,15,0.40237146615982056
1569841569.6060164,16,0.41655585169792175
1569841570.2219908,17,0.42183807492256165
1569841570.834285,18,0.40540042519569397
1569841571.4510553,19,0.44281914830207825
1569841572.0781863,20,0.46320921182632446
1569841572.6832635,21,0.44056588411331177
1569841573.2904656,22,0.46357861161231995
1569841573.8899047,23,0.45844414830207825
1569841574.48587,24,0.45294031500816345
1569841575.0861936,25,0.42833924293518066
1569841575.6901863,26,0.45438089966773987
1569841576.292892,27,0.45829638838768005
1569841576.8900068,28,0.47731974720954895
1569841577.4928687,29,0.45966312289237976
1569841578.1053252,30,0.47037529945373535
1569841578.702479,31,0.5002585649490356
1569841579.3070574,32,0.47022753953933716
1569841579.9204547,33,0.47007977962493896
1569841580.5229824,34,0.5003324747085571
1569841581.1197543,35,0.49641695618629456
1569841581.7148967,36,0.49120864272117615
1569841582.3165011,37,0.510527491569519
1569841582.9136176,38,0.48607417941093445
1569841583.5169713,39,0.48925089836120605
1569841584.117752,40,0.48215869069099426
1569841584.7199345,41,0.51241135597229
1569841585.3266635,42,0.5524157881736755
1569841585.922063,43,0.5330969095230103
1569841586.527455,44,0.5400413870811462
1569841587.1401756,45,0.5613179802894592
1569841587.7399507,46,0.5575502514839172
1569841588.3508778,47,0.5589908361434937
1569841588.9477098,48,0.5433658361434937
1569841589.5521839,49,0.55928635597229
1569841590.154143,50,0.5837396383285522
1569841590.7608263,51,0.539893627166748
1569841591.3983781,52,0.54366135597229
1569841592.01704,53,0.5944518446922302
1569841592.6225648,54,0.5678930282592773
1569841593.2263615,55,0.573027491569519
1569841593.8369112,56,0.5641991496086121
1569841594.4424214,57,0.5541518926620483
1569841595.047269,58,0.5558141469955444
1569841595.6470995,59,0.551972508430481
1569841596.240388,60,0.5415558218955994
1569841596.8319912,61,0.5470597147941589
1569841597.4286675,62,0.5644946694374084
1569841598.0214849,63,0.5506057739257812
1569841598.6218033,64,0.5662307739257812
1569841599.2216282,65,0.5506057739257812
1569841599.827933,66,0.5697768926620483
1569841600.4323642,67,0.5522680282592773
1569841601.03667,68,0.555740237236023
1569841601.638982,69,0.586990237236023
1569841602.2616873,70,0.5645685791969299
1569841602.865158,71,0.5890218615531921
1569841603.4617994,72,0.5451019406318665
1569841604.061221,73,0.5821512937545776
1569841604.6668763,74,0.5853280425071716
1569841605.276505,75,0.5852541327476501
1569841605.8828707,76,0.5976285338401794
1569841606.490874,77,0.6066046357154846
1569841607.0873313,78,0.5817819237709045
1569841607.6902897,79,0.604499101638794
1569841608.2926178,80,0.5977024435997009
1569841608.8903227,81,0.6081929802894592
1569841609.4917958,82,0.5942301750183105
1569841610.0907793,83,0.6361923813819885
1569841610.695039,84,0.599216878414154
1569841611.2910898,85,0.6078236103057861
1569841611.8860793,86,0.5957446694374084
1569841612.4805508,87,0.6049423813819885
1569841613.0752335,88,0.5851802825927734
1569841613.6698365,89,0.6169474124908447
1569841614.2703161,90,0.602984607219696
1569841614.8699641,91,0.6291002035140991
1569841615.4659245,92,0.6395907402038574
1569841616.0617309,93,0.6098551750183105
1569841616.65933,94,0.6114435791969299
1569841617.2662456,95,0.6309101581573486
1569841617.867542,96,0.618018627166748
1569841618.4717507,97,0.627437949180603
1569841619.0845258,98,0.6254801750183105
1569841619.6799872,99,0.6271424293518066
1569841620.2830596,100,0.6146941781044006
1569841620.8812816,101,0.62178635597229
1569841621.4777484,102,0.609929084777832
1569841622.0762448,103,0.6396645903587341
1569841622.6771233,104,0.6151373982429504
1569841623.2776005,105,0.6183141469955444
1569841623.8779883,106,0.6165780425071716
1569841624.4807982,107,0.5954491496086121
1569841625.0778363,108,0.6129580140113831
1569841625.6768267,109,0.620124101638794
1569841626.2774725,110,0.632350742816925
1569841626.8677497,111,0.6238179802894592
1569841627.4748662,112,0.6307623982429504
1569841628.0760968,113,0.6113696694374084
1569841628.6721203,114,0.6115174293518066
1569841629.280652,115,0.6221557259559631
1569841629.8770912,116,0.5849586129188538
1569841630.4767408,117,0.6288785338401794
1569841631.0722663,118,0.5972591638565063
1569841631.6668255,119,0.6128102540969849
1569841632.261678,120,0.625554084777832
1569841632.8593938,121,0.6218602061271667
1569841633.4572973,122,0.630466878414154
1569841634.0567603,123,0.6328679323196411
1569841634.6521027,124,0.6306146383285522
1569841635.2597265,125,0.6272901892662048
1569841635.8619921,126,0.6238918304443359
1569841636.4787083,127,0.644946813583374
1569841637.0811043,128,0.6165041327476501
1569841637.6848953,129,0.6022458672523499
1569841638.2975633,130,0.6358230113983154
1569841638.915359,131,0.5887263417243958
1569841639.5181293,132,0.6288785338401794
1569841640.1230087,133,0.6076758503913879
1569841640.7324195,134,0.6287307739257812
1569841641.3381724,135,0.6132535338401794
1569841641.9428663,136,0.6393690705299377
1569841642.5450554,137,0.6253324747085571
1569841643.1503751,138,0.6306885480880737
1569841643.7518234,139,0.6393690705299377
1569841644.356387,140,0.6356752514839172
1569841645.0169094,141,0.6445035338401794
1569841645.626679,142,0.6376329660415649
1569841646.2555714,143,0.6587617993354797
1569841646.863161,144,0.6324985027313232
1569841647.4772012,145,0.6552157402038574
1569841648.0863507,146,0.6339391469955444
1569841648.7039394,147,0.6518173813819885
1569841649.3083305,148,0.6484929323196411
1569841649.9206219,149,0.6288785338401794
1569841650.5362158,150,0.6465351581573486
1569841651.1486866,151,0.6303930282592773
1569841651.7665184,152,0.6218602061271667
1569841652.3809044,153,0.6497857570648193
1569841652.992183,154,0.635749101638794
1569841653.6039362,155,0.6621601581573486
1569841654.2122989,156,0.6340869069099426
1569841654.8257794,157,0.6602762937545776
1569841655.4325747,158,0.629875898361206
1569841656.0395272,159,0.6288046836853027
1569841656.646393,160,0.632350742816925
1569841657.2500489,161,0.6693262457847595
1569841657.8521147,162,0.6466090679168701
1569841658.452438,163,0.6446512937545776
1569841659.0629578,164,0.6638962626457214
1569841659.6713784,165,0.6463873982429504
1569841660.282969,166,0.647975742816925
1569841660.8985515,167,0.6464613080024719
1569841661.4962327,168,0.6484190225601196
1569841662.129355,169,0.6531841158866882
1569841662.762667,170,0.6482712626457214
1569841663.3960934,171,0.6478280425071716
1569841664.0102026,172,0.6497119069099426
1569841664.6338825,173,0.6480496525764465
1569841665.2638352,174,0.6445035338401794
1569841665.8791149,175,0.6429890394210815
1569841666.4980564,176,0.6693262457847595
1569841667.105662,177,0.6655585169792175
1569841667.718688,178,0.6495641469955444
1569841668.3504963,179,0.634234607219696
1569841668.969832,180,0.651743471622467
1569841669.6026728,181,0.6569518446922302
1569841670.2590084,182,0.6676639914512634
1569841670.8720467,183,0.6655585169792175
1569841671.4985018,184,0.6621601581573486
1569841672.1184704,185,0.6532579660415649
1569841672.77351,186,0.665484607219696
1569841673.3743634,187,0.6604240536689758
1569841673.980748,188,0.6534796357154846
1569841674.5803792,189,0.6460180282592773
1569841675.1828325,190,0.6553635001182556
1569841675.7823873,191,0.6551418304443359
1569841676.397433,192,0.6528147459030151
1569841677.0149343,193,0.6445774435997009
1569841677.6305304,194,0.6529624462127686
1569841678.2589223,195,0.6780067682266235
1569841678.8689399,196,0.6427674293518066
1569841679.4668825,197,0.6584663391113281
1569841680.0678616,198,0.6303930282592773
1569841680.67032,199,0.6461657881736755
