Wall time,Step,Value
1569841566.9275684,0,0.2307017594575882
1569841567.6286452,1,0.22752192616462708
1569841568.3315866,2,0.2160087674856186
1569841569.0341518,3,0.24758772552013397
1569841569.7474384,4,0.300548255443573
1569841570.4335911,5,0.32160088419914246
1569841571.127833,6,0.29649123549461365
1569841571.7871056,7,0.2326754331588745
1569841572.4573302,8,0.2786184251308441
1569841573.116477,9,0.2850877046585083
1569841573.7892308,10,0.2996710538864136
1569841574.4604576,11,0.257675439119339
1569841575.126081,12,0.23475876450538635
1569841575.8041275,13,0.2682017683982849
1569841576.4905674,14,0.27149122953414917
1569841577.155068,15,0.24627192318439484
1569841577.8145866,16,0.27138158679008484
1569841578.4815733,17,0.25986841320991516
1569841579.1606746,18,0.25679823756217957
1569841579.8409545,19,0.25252193212509155
1569841580.5128288,20,0.2870613932609558
1569841581.1912656,21,0.269627183675766
1569841581.876731,22,0.24835526943206787
1569841582.5564232,23,0.24013157188892365
1569841583.227751,24,0.2526315748691559
1569841583.9006095,25,0.23475876450538635
1569841584.5837405,26,0.22346490621566772
1569841585.262458,27,0.23366227746009827
1569841585.9485087,28,0.22752192616462708
1569841586.6488397,29,0.21611842513084412
1569841587.328615,30,0.24736842513084412
1569841587.9951055,31,0.2484649121761322
1569841588.6664586,32,0.20241227746009827
1569841589.335607,33,0.22346490621566772
1569841590.0377514,34,0.22861842811107635
1569841590.6963718,35,0.24013157188892365
1569841591.3824675,36,0.2337719351053238
1569841592.051745,37,0.21710526943206787
1569841592.7315397,38,0.22214911878108978
1569841593.411302,39,0.23991228640079498
1569841594.0862317,40,0.20855262875556946
1569841594.739795,41,0.2098684161901474
1569841595.4025257,42,0.23793859779834747
1569841596.085675,43,0.2357456088066101
1569841596.7596664,44,0.2307017594575882
1569841597.4346395,45,0.24517543613910675
1569841598.1222448,46,0.2160087674856186
1569841598.8116653,47,0.2577850818634033
1569841599.5091906,48,0.27960526943206787
1569841600.187959,49,0.2985745668411255
1569841600.8629498,50,0.34155702590942383
1569841601.53764,51,0.3337719440460205
1569841602.1927564,52,0.38519737124443054
1569841602.8495579,53,0.3861842155456543
1569841603.5199819,54,0.3966008722782135
1569841604.1766844,55,0.42807018756866455
1569841604.855171,56,0.3976973593235016
1569841605.53289,57,0.44265350699424744
1569841606.1996818,58,0.43848684430122375
1569841606.8698864,59,0.4478070139884949
1569841607.5509071,60,0.47401314973831177
1569841608.2343655,61,0.4383772015571594
1569841608.9194798,62,0.43728071451187134
1569841609.5759127,63,0.43081140518188477
1569841610.2519603,64,0.4174342155456543
1569841610.9170823,65,0.4321272075176239
1569841611.580669,66,0.42576754093170166
1569841612.240496,67,0.43114036321640015
1569841612.9095266,68,0.48552632331848145
1569841613.6070054,69,0.45932018756866455
1569841614.276182,70,0.4497807025909424
1569841614.9646394,71,0.4456140398979187
1569841615.6517272,72,0.4621710479259491
1569841616.3329334,73,0.43190789222717285
1569841616.9926229,74,0.46864035725593567
1569841617.6570325,75,0.4655701816082001
1569841618.3244863,76,0.45197367668151855
1569841618.998015,77,0.47697368264198303
1569841619.6616201,78,0.4799342155456543
1569841620.3255231,79,0.46239036321640015
1569841621.006531,80,0.46655702590942383
1569841621.681251,81,0.4854166805744171
1569841622.3414986,82,0.4906798303127289
1569841623.041363,83,0.5145833492279053
1569841623.7328885,84,0.4925438463687897
1569841624.410379,85,0.48629385232925415
1569841625.0802357,86,0.5095394849777222
1569841625.7528722,87,0.5032894611358643
1569841626.4493062,88,0.49057018756866455
1569841627.1176338,89,0.48004385828971863
1569841627.7964785,90,0.4958333373069763
1569841628.4819276,91,0.4981359541416168
1569841629.1363604,92,0.47160089015960693
1569841629.8258495,93,0.48124998807907104
1569841630.500501,94,0.4969298243522644
1569841631.1733522,95,0.4884868562221527
1569841631.8403285,96,0.4968201816082001
1569841632.5075583,97,0.4927631616592407
1569841633.199144,98,0.47171053290367126
1569841633.8618286,99,0.47697368264198303
1569841634.5506284,100,0.4958333373069763
1569841635.2172897,101,0.5220394730567932
1569841635.8875003,102,0.5503289699554443
1569841636.564144,103,0.5460526347160339
1569841637.2436638,104,0.5481359362602234
1569841637.9186773,105,0.5427631735801697
1569841638.6508145,106,0.578399121761322
1569841639.3406813,107,0.5629385709762573
1569841640.0235617,108,0.5930920839309692
1569841640.6899545,109,0.5792763233184814
1569841641.3556077,110,0.586403489112854
1569841642.0284088,111,0.5633772015571594
1569841642.7104335,112,0.5868421196937561
1569841643.3867562,113,0.6190789341926575
1569841644.0705307,114,0.5790570378303528
1569841644.7489994,115,0.5951754450798035
1569841645.4371028,116,0.6054824590682983
1569841646.1136875,117,0.569846510887146
1569841646.79592,118,0.5959429740905762
1569841647.4819734,119,0.5770833492279053
1569841648.1611478,120,0.5990131497383118
1569841648.8756573,121,0.5740131735801697
1569841649.5591617,122,0.6190789341926575
1569841650.2512214,123,0.6002193093299866
1569841650.9335458,124,0.5855262875556946
1569841651.6303132,125,0.5969298481941223
1569841652.3228362,126,0.6094298362731934
1569841653.0039568,127,0.6042762994766235
1569841653.6824725,128,0.6053727865219116
1569841654.3740177,129,0.6308113932609558
1569841655.0524592,130,0.5990131497383118
1569841655.7268631,131,0.6264254450798035
1569841656.3965075,132,0.601096510887146
1569841657.0669534,133,0.6012061238288879
1569841657.741877,134,0.6189693212509155
1569841658.4483118,135,0.6222587823867798
1569841659.1444626,136,0.6179824471473694
1569841659.8208175,137,0.6253289580345154
1569841660.4977043,138,0.6305921077728271
1569841661.1763494,139,0.6273026466369629
1569841661.8603964,140,0.6116228103637695
1569841662.5665133,141,0.6200658082962036
1569841663.2807987,142,0.6190789341926575
1569841664.0075448,143,0.6052631735801697
1569841664.7030494,144,0.6421052813529968
1569841665.4073439,145,0.6146929860115051
1569841666.122355,146,0.6188596487045288
1569841666.8476737,147,0.6178728342056274
1569841667.5579183,148,0.5822368264198303
1569841668.2642555,149,0.6597587466239929
1569841668.9594727,150,0.6115131378173828
1569841669.6392233,151,0.6441885828971863
1569841670.3924506,152,0.6588816046714783
1569841671.1049213,153,0.6502193212509155
1569841671.8001182,154,0.6294956207275391
1569841672.4993267,155,0.66414475440979
1569841673.1971023,156,0.6389254331588745
1569841673.8835263,157,0.6547149419784546
1569841674.5653203,158,0.6324561238288879
1569841675.221161,159,0.6418859362602234
1569841675.8824494,160,0.6325657963752747
1569841676.5676112,161,0.6628289222717285
1569841677.2634482,162,0.6669955849647522
1569841677.941454,163,0.6743420958518982
1569841678.6272855,164,0.6658990979194641
1569841679.30432,165,0.6765350699424744
1569841679.9751413,166,0.6617324352264404
1569841680.6751754,167,0.6491228342056274
1569841681.3507414,168,0.6732456088066101
1569841682.0127108,169,0.6554824709892273
1569841682.6840606,170,0.6574561595916748
1569841683.3577416,171,0.6701754331588745
1569841684.0304832,172,0.6847587823867798
1569841684.686673,173,0.6982455849647522
1569841685.3582048,174,0.6625000238418579
1569841686.456111,175,0.6962719559669495
1569841687.1492176,176,0.672149121761322
1569841687.8365448,177,0.676206111907959
1569841688.5595195,178,0.7023026347160339
1569841689.259103,179,0.6752192974090576
1569841689.9665318,180,0.6782894730567932
1569841690.657957,181,0.6815789341926575
1569841691.3626313,182,0.6900219321250916
1569841692.058554,183,0.6993421316146851
1569841692.7471206,184,0.6878289580345154
1569841693.4696755,185,0.6782894730567932
1569841694.1470058,186,0.6731359362602234
1569841694.8263772,187,0.6939693093299866
1569841695.5158505,188,0.690899133682251
1569841696.2014174,189,0.7287280559539795
1569841696.9067562,190,0.7088815569877625
1569841697.5970743,191,0.7078947424888611
1569841698.3012118,192,0.6845394968986511
1569841698.995409,193,0.7099780440330505
1569841699.6829772,194,0.6678727865219116
1569841700.3896358,195,0.7213816046714783
1569841701.0766022,196,0.7044956088066101
1569841701.7668467,197,0.6950657963752747
1569841702.4462633,198,0.719298243522644
1569841703.129824,199,0.6962719559669495
