Wall time,Step,Value
1569841566.3125317,0,0.1909722238779068
1569841566.9742405,1,0.1996527761220932
1569841567.622358,2,0.3090277910232544
1569841568.2620873,3,0.3298611044883728
1569841568.9090755,4,0.3229166567325592
1569841569.5530863,5,0.3263888955116272
1569841570.1979928,6,0.25
1569841570.8340337,7,0.3229166567325592
1569841571.4779744,8,0.2447916716337204
1569841572.1244023,9,0.3524305522441864
1569841572.777226,10,0.4166666567325592
1569841573.4280035,11,0.2638888955116272
1569841574.07916,12,0.3385416567325592
1569841574.7288222,13,0.3454861044883728
1569841575.3791223,14,0.3298611044883728
1569841576.0335338,15,0.2708333432674408
1569841576.6890829,16,0.2604166567325592
1569841577.3372324,17,0.2517361044883728
1569841577.9827497,18,0.3090277910232544
1569841578.636338,19,0.2378472238779068
1569841579.2873409,20,0.34375
1569841579.9374328,21,0.2586805522441864
1569841580.5890803,22,0.2465277761220932
1569841581.2350128,23,0.2413194477558136
1569841581.887179,24,0.265625
1569841582.5232663,25,0.3524305522441864
1569841583.1761901,26,0.2743055522441864
1569841583.8289294,27,0.2638888955116272
1569841584.475456,28,0.2413194477558136
1569841585.1272767,29,0.2586805522441864
1569841585.7788744,30,0.3472222089767456
1569841586.4335797,31,0.2604166567325592
1569841587.084364,32,0.3645833432674408
1569841587.7343094,33,0.2760416567325592
1569841588.3935046,34,0.2690972089767456
1569841589.0429046,35,0.2690972089767456
1569841589.6911657,36,0.28125
1569841590.3393543,37,0.4739583432674408
1569841590.9913635,38,0.328125
1569841591.642962,39,0.3489583432674408
1569841592.2891495,40,0.515625
1569841592.9299414,41,0.3732638955116272
1569841593.5715673,42,0.4513888955116272
1569841594.2188494,43,0.4565972089767456
1569841594.8721771,44,0.3524305522441864
1569841595.532693,45,0.3680555522441864
1569841596.1893852,46,0.46875
1569841596.8487864,47,0.5642361044883728
1569841597.5034773,48,0.4010416567325592
1569841598.1577477,49,0.421875
1569841598.8089604,50,0.5
1569841599.4617112,51,0.4895833432674408
1569841600.1087883,52,0.4184027910232544
1569841600.7570279,53,0.4965277910232544
1569841601.4055088,54,0.4253472089767456
1569841602.0571487,55,0.5034722089767456
1569841602.7061267,56,0.4131944477558136
1569841603.3534243,57,0.5052083134651184
1569841604.0174155,58,0.4322916567325592
1569841604.6643963,59,0.4409722089767456
1569841605.3142092,60,0.5173611044883728
1569841605.9689043,61,0.4322916567325592
1569841606.6196237,62,0.5
1569841607.2645288,63,0.5104166865348816
1569841607.9162927,64,0.5034722089767456
1569841608.5626621,65,0.4357638955116272
1569841609.2064753,66,0.6215277910232544
1569841609.8385656,67,0.4288194477558136
1569841610.4707353,68,0.4809027910232544
1569841611.1018903,69,0.4565972089767456
1569841611.736576,70,0.4583333432674408
1569841612.370573,71,0.5520833134651184
1569841613.0013473,72,0.578125
1569841613.6318054,73,0.5503472089767456
1569841614.265384,74,0.4670138955116272
1569841614.8976016,75,0.4461805522441864
1569841615.5447395,76,0.5052083134651184
1569841616.1917498,77,0.5677083134651184
1569841616.8323126,78,0.4618055522441864
1569841617.477317,79,0.578125
1569841618.1225886,80,0.6510416865348816
1569841618.7683935,81,0.5677083134651184
1569841619.4063108,82,0.5104166865348816
1569841620.0374532,83,0.59375
1569841620.6707118,84,0.6597222089767456
1569841621.3054912,85,0.5017361044883728
1569841621.9441452,86,0.5902777910232544
1569841622.592119,87,0.4965277910232544
1569841623.2390122,88,0.4930555522441864
1569841623.8918087,89,0.5885416865348816
1569841624.5252523,90,0.5190972089767456
1569841625.1574507,91,0.5086805820465088
1569841625.79535,92,0.515625
1569841626.43909,93,0.6076388955116272
1569841627.0811384,94,0.5017361044883728
1569841627.7152834,95,0.6041666865348816
1569841628.3553388,96,0.6145833134651184
1569841628.9875731,97,0.5260416865348816
1569841629.625636,98,0.5868055820465088
1569841630.2752447,99,0.5295138955116272
1569841630.9153385,100,0.5885416865348816
1569841631.5505672,101,0.5138888955116272
1569841632.1802683,102,0.4965277910232544
1569841632.8104496,103,0.5954861044883728
1569841633.4424584,104,0.6006944179534912
1569841634.0924067,105,0.5260416865348816
1569841634.7446141,106,0.5104166865348816
1569841635.3924382,107,0.5954861044883728
1569841636.0331845,108,0.6059027910232544
1569841636.686354,109,0.5954861044883728
1569841637.3439698,110,0.5086805820465088
1569841637.9890575,111,0.5052083134651184
1569841638.6344197,112,0.5989583134651184
1569841639.2924788,113,0.4947916567325592
1569841639.9393086,114,0.6076388955116272
1569841640.5861611,115,0.5920138955116272
1569841641.2224123,116,0.4982638955116272
1569841641.8619456,117,0.5069444179534912
1569841642.5053244,118,0.5138888955116272
1569841643.156316,119,0.5225694179534912
1569841643.8070269,120,0.5347222089767456
1569841644.4622366,121,0.5885416865348816
1569841645.0958931,122,0.5208333134651184
1569841645.7338445,123,0.515625
1569841646.3888228,124,0.5173611044883728
1569841647.0361254,125,0.6701388955116272
1569841647.6825535,126,0.5190972089767456
1569841648.3264322,127,0.5121527910232544
1569841648.9562943,128,0.5434027910232544
1569841649.5910041,129,0.5833333134651184
1569841650.2278576,130,0.625
1569841650.8569918,131,0.6336805820465088
1569841651.5130007,132,0.6215277910232544
1569841652.1511917,133,0.6284722089767456
1569841652.7986064,134,0.5451388955116272
1569841653.4459782,135,0.6875
1569841654.0918841,136,0.5520833134651184
1569841654.7446206,137,0.5451388955116272
1569841655.3863587,138,0.5295138955116272
1569841656.031299,139,0.5416666865348816
1569841656.660724,140,0.6145833134651184
1569841657.2906015,141,0.640625
1569841657.9245164,142,0.5416666865348816
1569841658.5619447,143,0.6267361044883728
1569841659.204893,144,0.5364583134651184
1569841659.8360755,145,0.5642361044883728
1569841660.4666023,146,0.5642361044883728
1569841661.103034,147,0.6319444179534912
1569841661.7374187,148,0.5642361044883728
1569841662.3665159,149,0.6284722089767456
1569841663.001766,150,0.7482638955116272
1569841663.635103,151,0.71875
1569841664.2675564,152,0.6666666865348816
1569841664.9020796,153,0.6684027910232544
1569841665.5447984,154,0.5590277910232544
1569841666.2064915,155,0.6354166865348816
1569841666.8447657,156,0.5729166865348816
1569841667.4797912,157,0.5815972089767456
1569841668.1236656,158,0.6527777910232544
1569841668.755252,159,0.7482638955116272
1569841669.3905659,160,0.5746527910232544
1569841670.0340168,161,0.6840277910232544
1569841670.6823015,162,0.6701388955116272
1569841671.3151913,163,0.7291666865348816
1569841671.9464436,164,0.5607638955116272
1569841672.5817342,165,0.5729166865348816
1569841673.2124505,166,0.5711805820465088
1569841673.8579414,167,0.6857638955116272
1569841674.4955316,168,0.6597222089767456
1569841675.1295292,169,0.5711805820465088
1569841675.761054,170,0.5798611044883728
1569841676.4081705,171,0.6701388955116272
1569841677.0542476,172,0.6059027910232544
1569841677.6927407,173,0.5729166865348816
1569841678.347459,174,0.6805555820465088
1569841678.9860685,175,0.5590277910232544
1569841679.6332977,176,0.6631944179534912
1569841680.2789247,177,0.6857638955116272
1569841680.9168017,178,0.5868055820465088
1569841681.5474172,179,0.6006944179534912
1569841682.180599,180,0.6840277910232544
1569841682.8241906,181,0.5954861044883728
1569841683.461023,182,0.6788194179534912
1569841684.1023612,183,0.6909722089767456
1569841684.7463744,184,0.5815972089767456
1569841685.3908575,185,0.5920138955116272
1569841686.038966,186,0.6892361044883728
1569841686.69287,187,0.6909722089767456
1569841687.3336694,188,0.703125
1569841687.978973,189,0.6041666865348816
1569841688.6341736,190,0.6111111044883728
1569841689.2664118,191,0.671875
1569841689.9073224,192,0.6753472089767456
1569841690.5623908,193,0.7534722089767456
1569841691.207799,194,0.6840277910232544
1569841691.8621967,195,0.6753472089767456
1569841692.505851,196,0.6180555820465088
1569841693.1542156,197,0.6059027910232544
1569841693.806392,198,0.609375
1569841694.4558005,199,0.6805555820465088
