Wall time,Step,Value
1569841539.3202777,0,0.1455032229423523
1569841539.992438,1,0.25517165660858154
1569841540.625223,2,0.25869277119636536
1569841541.2606332,3,0.3397153615951538
1569841541.8957248,4,0.30296361446380615
1569841542.5258586,5,0.35181924700737
1569841543.155729,6,0.3207159638404846
1569841543.780479,7,0.4003814458847046
1569841544.40925,8,0.35027876496315
1569841545.0419147,9,0.36252933740615845
1569841545.6708171,10,0.3380281627178192
1569841546.2998228,11,0.34463027119636536
1569841546.9221272,12,0.3640698492527008
1569841547.549441,13,0.35809126496315
1569841548.174607,14,0.36161237955093384
1569841548.803821,15,0.30479753017425537
1569841549.4285648,16,0.37202903628349304
1569841550.0539157,17,0.37371626496315
1569841550.6808937,18,0.3614656627178192
1569841551.3055737,19,0.24904635548591614
1569841551.9341185,20,0.26742222905158997
1569841552.5531304,21,0.32379695773124695
1569841553.1859193,22,0.3741563856601715
1569841553.8110077,23,0.38765403628349304
1569841554.4359086,24,0.39377933740615845
1569841555.0599682,25,0.40250879526138306
1569841555.6858134,26,0.41629987955093384
1569841556.3137736,27,0.4296141564846039
1569841556.9353921,28,0.4669894278049469
1569841557.5650165,29,0.4431118071079254
1569841558.189454,30,0.4879694879055023
1569841558.8141356,31,0.4443221688270569
1569841559.45547,32,0.4980927109718323
1569841560.0821548,33,0.48507189750671387
1569841560.70578,34,0.5287191867828369
1569841561.338584,35,0.5183025002479553
1569841561.971581,36,0.5261150002479553
1569841562.5997162,37,0.5625733733177185
1569841563.2291956,38,0.5340742468833923
1569841563.8606868,39,0.5399060845375061
1569841564.4865646,40,0.5495525002479553
1569841565.1107576,41,0.5340742468833923
1569841565.7356684,42,0.5449677109718323
1569841566.3637202,43,0.5601159334182739
1569841566.9866219,44,0.5887617468833923
1569841567.6109767,45,0.5663878917694092
1569841568.240925,46,0.5201364159584045
1569841568.865053,47,0.5538439154624939
1569841569.495707,48,0.5345510840415955
1569841570.1742659,49,0.56455397605896
1569841570.8019772,50,0.5933465361595154
1569841571.435439,51,0.5523034334182739
1569841572.0644548,52,0.5503227710723877
1569841572.6957786,53,0.5713028311729431
1569841573.3228757,54,0.5696156024932861
1569841573.9519093,55,0.5662412047386169
1569841574.6115723,56,0.5406763553619385
1569841575.2445447,57,0.5337808132171631
1569841575.8762631,58,0.5346977710723877
1569841576.5037816,59,0.54892897605896
1569841577.147747,60,0.5565947890281677
1569841577.7758226,61,0.5960974097251892
1569841578.410819,62,0.5705325603485107
1569841579.0395784,63,0.6000953912734985
1569841579.6759462,64,0.5933465361595154
1569841580.3121817,65,0.6298048496246338
1569841580.9407797,66,0.6244498491287231
1569841581.5757258,67,0.64113849401474
1569841582.2125986,68,0.6201584339141846
1569841582.8399808,69,0.6367003917694092
1569841583.4665537,70,0.6558465361595154
1569841584.0908592,71,0.637910783290863
1569841584.7154708,72,0.6313453912734985
1569841585.3479667,73,0.66457599401474
1569841585.978018,74,0.61770099401474
1569841586.62027,75,0.6403682231903076
1569841587.2587771,76,0.684785783290863
1569841587.8909538,77,0.672535240650177
1569841588.523561,78,0.6621185541152954
1569841589.1506917,79,0.6774501204490662
1569841589.779252,80,0.6962661147117615
1569841590.4096034,81,0.6722418069839478
1569841591.0344698,82,0.65830397605896
1569841591.6592498,83,0.6748459339141846
1569841592.2858052,84,0.6916813254356384
1569841592.9109676,85,0.6916813254356384
1569841593.53949,86,0.6944321990013123
1569841594.1698,87,0.708223283290863
1569841594.8007793,88,0.716035783290863
1569841595.427823,89,0.716035783290863
1569841596.0667338,90,0.6823283433914185
1569841596.6948862,91,0.7351819276809692
1569841597.3206367,92,0.716035783290863
1569841597.9443057,93,0.6627420783042908
1569841598.571809,94,0.7186399698257446
1569841599.2026186,95,0.6872432231903076
1569841599.8392267,96,0.7074530720710754
1569841600.465885,97,0.6872432231903076
1569841601.0955923,98,0.6952024698257446
1569841601.7197182,99,0.7229313254356384
1569841602.3422234,100,0.6835753917694092
1569841602.9801183,101,0.7027215361595154
1569841603.6054208,102,0.6950557231903076
1569841604.235435,103,0.6812646985054016
1569841604.8697495,104,0.6978066563606262
1569841605.4965272,105,0.7011810541152954
1569841606.120294,106,0.7117444276809692
1569841606.7451828,107,0.6933685541152954
1569841607.3697016,108,0.6967429518699646
1569841607.9962544,109,0.701951265335083
1569841608.62352,110,0.7073063254356384
1569841609.261572,111,0.6697843074798584
1569841609.900359,112,0.7071596384048462
1569841610.5289145,113,0.684785783290863
1569841611.1538055,114,0.7028682231903076
1569841611.8041713,115,0.7170994877815247
1569841612.4615328,116,0.6811179518699646
1569841613.1078708,117,0.6733054518699646
1569841613.7454865,118,0.700410783290863
1569841614.3968675,119,0.6923048496246338
1569841615.0482316,120,0.7308905720710754
1569841615.7264025,121,0.7301203012466431
1569841616.3989995,122,0.7184932231903076
1569841617.0562942,123,0.7048488855361938
1569841617.7214708,124,0.7056191563606262
1569841618.3999798,125,0.6733054518699646
1569841619.0492492,126,0.7044087648391724
1569841619.7026436,127,0.6976599097251892
1569841620.3492699,128,0.686326265335083
1569841620.9978788,129,0.658450722694397
1569841621.6416097,130,0.7144953012466431
1569841622.2862659,131,0.6748459339141846
1569841622.9609451,132,0.6968896985054016
1569841623.6295924,133,0.6778902411460876
1569841624.2946928,134,0.6699310541152954
1569841624.9583313,135,0.6820349097251892
1569841625.6003327,136,0.672535240650177
1569841626.2417953,137,0.6935152411460876
1569841626.884045,138,0.6976599097251892
1569841627.5337446,139,0.6887837648391724
1569841628.1594071,140,0.7126613855361938
1569841628.7884462,141,0.69428551197052
1569841629.4148655,142,0.7168060541152954
1569841630.040765,143,0.6988703012466431
1569841630.6697521,144,0.7123679518699646
1569841631.300979,145,0.6846390962600708
1569841631.9253385,146,0.7151188254356384
1569841632.5516331,147,0.6852626204490662
1569841633.1856756,148,0.6875366568565369
1569841633.818579,149,0.6967429518699646
1569841634.4440272,150,0.7117444276809692
1569841635.0677888,151,0.7001173496246338
1569841635.6985183,152,0.7039319276809692
1569841636.3307686,153,0.6982834339141846
1569841636.964362,154,0.7013277411460876
1569841637.5956976,155,0.7060959339141846
1569841638.2228682,156,0.7230780720710754
1569841638.8488367,157,0.705325722694397
1569841639.47673,158,0.7045554518699646
1569841640.1021445,159,0.6950557231903076
1569841640.7294316,160,0.7168060541152954
1569841641.3638983,161,0.7221611142158508
1569841642.0009248,162,0.7063893675804138
1569841642.6289408,163,0.7448283433914185
1569841643.254193,164,0.7034918069839478
1569841643.8859222,165,0.716035783290863
1569841644.525453,166,0.711597740650177
1569841645.1597815,167,0.7065361142158508
1569841645.7922566,168,0.7134316563606262
1569841646.4217608,169,0.7215375304222107
1569841647.0561566,170,0.70209801197052
1569841647.6840315,171,0.6870965361595154
1569841648.3094544,172,0.7223078012466431
1569841648.9444952,173,0.7022446990013123
1569841649.5798128,174,0.71145099401474
1569841650.2120574,175,0.7126613855361938
1569841650.8389251,176,0.7178696990013123
1569841651.464324,177,0.7308905720710754
1569841652.092117,178,0.7413071990013123
1569841652.7194595,179,0.7246185541152954
1569841653.3466845,180,0.6906176805496216
1569841653.9694927,181,0.7204738855361938
1569841654.6005952,182,0.7125146985054016
1569841655.2335014,183,0.7210974097251892
1569841655.8642025,184,0.7321009635925293
1569841656.4907103,185,0.7203271985054016
1569841657.1245766,186,0.7341182231903076
1569841657.755186,187,0.7074530720710754
1569841658.3820326,188,0.70991051197052
1569841659.0189857,189,0.7246185541152954
1569841659.6544156,190,0.7212441563606262
1569841660.2806027,191,0.7169527411460876
1569841660.9054058,192,0.7299736142158508
1569841661.5267408,193,0.703785240650177
1569841662.1597116,194,0.7544747591018677
1569841662.788506,195,0.7264524698257446
1569841663.4241219,196,0.7073063254356384
1569841664.0558057,197,0.7151188254356384
1569841664.6900046,198,0.7256821990013123
1569841665.3253314,199,0.7377861142158508
