Wall time,Step,Value
1569841418.6637754,0,0.15312500298023224
1569841419.2901108,1,0.2593750059604645
1569841419.8992105,2,0.2239583283662796
1569841420.5206914,3,0.21250000596046448
1569841421.1322422,4,0.21770833432674408
1569841421.7430818,5,0.21562500298023224
1569841422.3526103,6,0.23333333432674408
1569841422.9605083,7,0.25312501192092896
1569841423.5723395,8,0.24270834028720856
1569841424.1830034,9,0.23125000298023224
1569841424.7932363,10,0.2395833283662796
1569841425.40915,11,0.2770833373069763
1569841426.0303106,12,0.3385416567325592
1569841426.6590557,13,0.390625
1569841427.2721941,14,0.4364583194255829
1569841427.8790338,15,0.4166666567325592
1569841428.488946,16,0.4114583432674408
1569841429.1006577,17,0.4364583194255829
1569841429.7081873,18,0.4333333373069763
1569841430.3204074,19,0.41458332538604736
1569841430.923145,20,0.44479167461395264
1569841431.5363147,21,0.4625000059604645
1569841432.1471176,22,0.44062501192092896
1569841432.7571483,23,0.4791666567325592
1569841433.368239,24,0.4572916626930237
1569841433.9809086,25,0.46145832538604736
1569841434.5871253,26,0.4937500059604645
1569841435.2003853,27,0.4854166805744171
1569841435.814573,28,0.4749999940395355
1569841436.4234424,29,0.4906249940395355
1569841437.0331495,30,0.4739583432674408
1569841437.648949,31,0.53125
1569841438.2619565,32,0.5020833611488342
1569841438.8748045,33,0.4885416626930237
1569841439.488637,34,0.5052083134651184
1569841440.100405,35,0.484375
1569841440.709787,36,0.5135416388511658
1569841441.3207467,37,0.5
1569841441.9304583,38,0.5218750238418579
1569841442.5384917,39,0.5104166865348816
1569841443.1520267,40,0.5416666865348816
1569841443.7640154,41,0.5302083492279053
1569841444.3743346,42,0.546875
1569841444.9917967,43,0.518750011920929
1569841445.6044574,44,0.5447916388511658
1569841446.2190185,45,0.5395833253860474
1569841446.8443997,46,0.5479166507720947
1569841447.4675307,47,0.5708333253860474
1569841448.0832193,48,0.5874999761581421
1569841448.695808,49,0.5614583492279053
1569841449.3131256,50,0.5854166746139526
1569841449.9231062,51,0.5791666507720947
1569841450.5409706,52,0.5614583492279053
1569841451.1549053,53,0.5718749761581421
1569841451.7748275,54,0.559374988079071
1569841452.3901498,55,0.5666666626930237
1569841452.9994183,56,0.565625011920929
1569841453.6129172,57,0.5843750238418579
1569841454.2261515,58,0.5895833373069763
1569841454.8423336,59,0.5791666507720947
1569841455.4532752,60,0.574999988079071
1569841456.053174,61,0.590624988079071
1569841456.6525307,62,0.5729166865348816
1569841457.2507656,63,0.578125
1569841457.8468354,64,0.5979166626930237
1569841458.445481,65,0.5552083253860474
1569841459.0508368,66,0.5958333611488342
1569841459.6469119,67,0.5864583253860474
1569841460.2407658,68,0.5718749761581421
1569841460.836844,69,0.5895833373069763
1569841461.4306521,70,0.596875011920929
1569841462.0269253,71,0.574999988079071
1569841462.6283078,72,0.5666666626930237
1569841463.2483745,73,0.590624988079071
1569841463.8582582,74,0.5854166746139526
1569841464.4697578,75,0.6041666865348816
1569841465.0800452,76,0.6000000238418579
1569841465.6875503,77,0.6031249761581421
1569841466.3002472,78,0.596875011920929
1569841466.9248188,79,0.590624988079071
1569841467.5372663,80,0.6020833253860474
1569841468.1391048,81,0.5802083611488342
1569841468.7631855,82,0.5843750238418579
1569841469.3714037,83,0.5802083611488342
1569841469.9776542,84,0.6156250238418579
1569841470.590292,85,0.5791666507720947
1569841471.2109895,86,0.5854166746139526
1569841471.8203056,87,0.6104166507720947
1569841472.4310815,88,0.5989583134651184
1569841473.0447834,89,0.6104166507720947
1569841473.6544585,90,0.609375
1569841474.2688787,91,0.6145833134651184
1569841474.8770127,92,0.6229166388511658
1569841475.477651,93,0.6239583492279053
1569841476.1076653,94,0.6052083373069763
1569841476.7246304,95,0.5874999761581421
1569841477.3381639,96,0.6177083253860474
1569841477.9505517,97,0.6104166507720947
1569841478.5601268,98,0.5625
1569841479.1729527,99,0.5822916626930237
1569841479.7883942,100,0.5854166746139526
1569841480.3988898,101,0.6156250238418579
1569841481.008414,102,0.596875011920929
1569841481.6122587,103,0.6229166388511658
1569841482.211164,104,0.596875011920929
1569841482.811113,105,0.612500011920929
1569841483.40358,106,0.6041666865348816
1569841484.0023396,107,0.6156250238418579
1569841484.6021013,108,0.6083333492279053
1569841485.1988273,109,0.6010416746139526
1569841485.7990844,110,0.5770833492279053
1569841486.4104402,111,0.6270833611488342
1569841487.018926,112,0.6208333373069763
1569841487.6164153,113,0.6291666626930237
1569841488.2157845,114,0.6031249761581421
1569841488.8133788,115,0.6135416626930237
1569841489.407994,116,0.6343749761581421
1569841490.0034745,117,0.6135416626930237
1569841490.605877,118,0.6041666865348816
1569841491.23915,119,0.621874988079071
1569841491.8471,120,0.6031249761581421
1569841492.4722764,121,0.6010416746139526
1569841493.067528,122,0.5677083134651184
1569841493.6687307,123,0.590624988079071
1569841494.268346,124,0.6020833253860474
1569841494.8675237,125,0.6104166507720947
1569841495.4630694,126,0.609375
1569841496.0522494,127,0.6229166388511658
1569841496.6434882,128,0.6031249761581421
1569841497.2380106,129,0.6166666746139526
1569841497.8321552,130,0.6010416746139526
1569841498.4288073,131,0.6104166507720947
1569841499.0283453,132,0.5979166626930237
1569841499.6278198,133,0.606249988079071
1569841500.2222505,134,0.5854166746139526
1569841500.815477,135,0.6020833253860474
1569841501.4125612,136,0.6145833134651184
1569841502.008734,137,0.590624988079071
1569841502.6120307,138,0.6010416746139526
1569841503.2133482,139,0.6156250238418579
1569841503.8122072,140,0.5833333134651184
1569841504.413655,141,0.5958333611488342
1569841505.020251,142,0.5979166626930237
1569841505.628886,143,0.6239583492279053
1569841506.2331321,144,0.6416666507720947
1569841506.8369405,145,0.5979166626930237
1569841507.4332118,146,0.6239583492279053
1569841508.032342,147,0.6104166507720947
1569841508.6276858,148,0.6104166507720947
1569841509.2423975,149,0.6229166388511658
1569841509.8410616,150,0.609375
1569841510.4364114,151,0.6083333492279053
1569841511.036811,152,0.590624988079071
1569841511.6437807,153,0.6468750238418579
1569841512.2417352,154,0.609375
1569841512.8523874,155,0.628125011920929
1569841513.4629316,156,0.5979166626930237
1569841514.0679197,157,0.6145833134651184
1569841514.6722243,158,0.596875011920929
1569841515.2699058,159,0.6208333373069763
1569841515.882592,160,0.6135416626930237
1569841516.510501,161,0.6104166507720947
1569841517.1086943,162,0.606249988079071
1569841517.7120352,163,0.6270833611488342
1569841518.3231153,164,0.612500011920929
1569841518.9229908,165,0.6427083611488342
1569841519.52337,166,0.6333333253860474
1569841520.1215632,167,0.6052083373069763
1569841520.7189386,168,0.6031249761581421
1569841521.318549,169,0.6270833611488342
1569841521.9319055,170,0.5989583134651184
1569841522.5312972,171,0.6177083253860474
1569841523.1276221,172,0.6187499761581421
1569841523.725241,173,0.6104166507720947
1569841524.3242447,174,0.6145833134651184
1569841524.918595,175,0.6322916746139526
1569841525.5211446,176,0.6291666626930237
1569841526.146823,177,0.6052083373069763
1569841526.7537122,178,0.6135416626930237
1569841527.363932,179,0.606249988079071
1569841527.969915,180,0.6197916865348816
1569841528.5803094,181,0.6302083134651184
1569841529.1924574,182,0.621874988079071
1569841529.8026655,183,0.59375
1569841530.4146204,184,0.6229166388511658
1569841531.0301387,185,0.5874999761581421
1569841531.641286,186,0.6166666746139526
1569841532.2500982,187,0.6041666865348816
1569841532.8602822,188,0.6020833253860474
1569841533.470564,189,0.5947916507720947
1569841534.0889199,190,0.6364583373069763
1569841534.6984375,191,0.5885416865348816
1569841535.3043056,192,0.5854166746139526
1569841535.9011896,193,0.6072916388511658
1569841536.5016227,194,0.6166666746139526
1569841537.0965943,195,0.6020833253860474
1569841537.6953914,196,0.5979166626930237
1569841538.293063,197,0.590624988079071
1569841538.917578,198,0.6000000238418579
1569841539.5238013,199,0.6072916388511658
