Wall time,Step,Value
1569841433.4143574,0,0.13124999403953552
1569841434.0317125,1,0.30657050013542175
1569841434.6319776,2,0.31330129504203796
1569841435.2299504,3,0.33028846979141235
1569841435.8212223,4,0.3219551146030426
1569841436.4015727,5,0.31650641560554504
1569841436.987576,6,0.3597756326198578
1569841437.580414,7,0.289903849363327
1569841438.1659234,8,0.34775641560554504
1569841438.7525396,9,0.3282051384449005
1569841439.3401585,10,0.2911858856678009
1569841439.9278307,11,0.28910255432128906
1569841440.51233,12,0.3248397409915924
1569841441.0953298,13,0.30032050609588623
1569841441.6793947,14,0.3764423131942749
1569841442.2701137,15,0.29615384340286255
1569841442.8702555,16,0.307852566242218
1569841443.4561346,17,0.289903849363327
1569841444.0508857,18,0.26907050609588623
1569841444.6375165,19,0.2865384519100189
1569841445.2202759,20,0.23990385234355927
1569841445.8043623,21,0.29903846979141235
1569841446.391669,22,0.321153849363327
1569841446.985346,23,0.41730770468711853
1569841447.572341,24,0.4360576868057251
1569841448.1592553,25,0.43862178921699524
1569841448.747171,26,0.48974359035491943
1569841449.3318968,27,0.4498397409915924
1569841449.9163156,28,0.4573718011379242
1569841450.5012217,29,0.4748397469520569
1569841451.0852273,30,0.4881410300731659
1569841451.6717663,31,0.5209935903549194
1569841452.2613814,32,0.526762843132019
1569841452.8486242,33,0.5006410479545593
1569841453.4321647,34,0.48733973503112793
1569841454.0366018,35,0.5006410479545593
1569841454.6413128,36,0.4972756505012512
1569841455.2408617,37,0.5376602411270142
1569841455.8317776,38,0.5238782167434692
1569841456.418645,39,0.49022436141967773
1569841457.0061238,40,0.5081730484962463
1569841457.5906422,41,0.5097756385803223
1569841458.1723595,42,0.48317307233810425
1569841458.779459,43,0.5181089639663696
1569841459.368297,44,0.4852564036846161
1569841459.9552917,45,0.4503205120563507
1569841460.539528,46,0.47900640964508057
1569841461.154956,47,0.5634615421295166
1569841461.7422225,48,0.5181089639663696
1569841462.328574,49,0.5201923251152039
1569841462.9216821,50,0.558012843132019
1569841463.5075576,51,0.5326923131942749
1569841464.0980139,52,0.5389423370361328
1569841464.6823928,53,0.5705128312110901
1569841465.26992,54,0.5368589758872986
1569841465.8525147,55,0.5073717832565308
1569841466.4375327,56,0.4977564215660095
1569841467.0262022,57,0.5339743494987488
1569841467.6093905,58,0.5709936022758484
1569841468.1972191,59,0.46618589758872986
1569841468.7805982,60,0.5584936141967773
1569841469.3659177,61,0.5011218190193176
1569841469.95046,62,0.5613781809806824
1569841470.537809,63,0.5668269395828247
1569841471.1203196,64,0.5339743494987488
1569841471.7024167,65,0.5152243375778198
1569841472.2865782,66,0.584294855594635
1569841472.8695555,67,0.5931089520454407
1569841473.4603472,68,0.5639423131942749
1569841474.0519276,69,0.6009615659713745
1569841474.6371837,70,0.6001602411270142
1569841475.2359824,71,0.5959935784339905
1569841475.8261018,72,0.5727564096450806
1569841476.4151642,73,0.6126602292060852
1569841477.0004382,74,0.6309294700622559
1569841477.5917778,75,0.579807698726654
1569841478.181024,76,0.5552884340286255
1569841478.767382,77,0.6022436022758484
1569841479.3512585,78,0.593910276889801
1569841479.9367826,79,0.5581730604171753
1569841480.5215719,80,0.6113781929016113
1569841481.1051037,81,0.5923076868057251
1569841481.708729,82,0.615544855594635
1569841482.2969542,83,0.593589723110199
1569841482.8861287,84,0.6546474099159241
1569841483.4704967,85,0.6272435784339905
1569841484.067021,86,0.6442307829856873
1569841484.65974,87,0.6209936141967773
1569841485.2459664,88,0.6488782167434692
1569841485.8310354,89,0.6459935903549194
1569841486.4121108,90,0.6439102292060852
1569841486.9976087,91,0.6501602530479431
1569841487.6016812,92,0.6472756266593933
1569841488.1873171,93,0.6181089878082275
1569841488.7751822,94,0.6975961327552795
1569841489.3609262,95,0.6439102292060852
1569841489.9471996,96,0.6123397350311279
1569841490.530237,97,0.6572115421295166
1569841491.1151977,98,0.6418269276618958
1569841491.7019386,99,0.6647436022758484
1569841492.2824788,100,0.6730769276618958
1569841492.8667245,101,0.6634615659713745
1569841493.4513104,102,0.6089743375778198
1569841494.042311,103,0.6730769276618958
1569841494.6278791,104,0.6772435903549194
1569841495.2362359,105,0.6339743733406067
1569841495.8210385,106,0.638942301273346
1569841496.4068468,107,0.5899038314819336
1569841496.9957194,108,0.5969551205635071
1569841497.5824668,109,0.6822115182876587
1569841498.1686687,110,0.6663461327552795
1569841498.7514052,111,0.6355769038200378
1569841499.3394413,112,0.6668269038200378
1569841499.9503853,113,0.6431089639663696
1569841500.540592,114,0.6676282286643982
1569841501.1294272,115,0.7059294581413269
1569841501.7161927,116,0.6443910002708435
1569841502.3061547,117,0.6431089639663696
1569841502.8961859,118,0.6772435903549194
1569841503.4804482,119,0.6772435903549194
1569841504.0748463,120,0.6535256505012512
1569841504.6619396,121,0.6123397350311279
1569841505.247191,122,0.690544843673706
1569841505.8320973,123,0.6631410121917725
1569841506.4160986,124,0.6855769157409668
1569841507.0015185,125,0.690544843673706
1569841507.5905828,126,0.6681089997291565
1569841508.181435,127,0.6597756147384644
1569841508.776095,128,0.6897435784339905
1569841509.3607996,129,0.7121794819831848
1569841509.9424815,130,0.696794867515564
1569841510.5261612,131,0.7072115540504456
1569841511.119683,132,0.6647436022758484
1569841511.7078009,133,0.709294855594635
1569841512.3085117,134,0.6540064215660095
1569841512.9162416,135,0.687660276889801
1569841513.4976144,136,0.6589743494987488
1569841514.0881352,137,0.6951923370361328
1569841514.6763566,138,0.7259615659713745
1569841515.271412,139,0.7022435665130615
1569841515.855993,140,0.6847756505012512
1569841516.4401474,141,0.7267628312110901
1569841517.0262172,142,0.7113782167434692
1569841517.615995,143,0.6793269515037537
1569841518.2066426,144,0.7001602649688721
1569841518.79622,145,0.6972756385803223
1569841519.3819382,146,0.682692289352417
1569841519.9655874,147,0.6631410121917725
1569841520.5511289,148,0.7650641202926636
1569841521.142414,149,0.7022435665130615
1569841521.73761,150,0.7350961565971375
1569841522.3414805,151,0.7442307472229004
1569841522.9353204,152,0.7043269276618958
1569841523.5365355,153,0.6980769038200378
1569841524.1315923,154,0.682692289352417
1569841524.720638,155,0.7084935903549194
1569841525.3061752,156,0.7350961565971375
1569841525.8905642,157,0.7225961685180664
1569841526.4808042,158,0.6931089758872986
1569841527.0669541,159,0.721794843673706
1569841527.6562011,160,0.7421474456787109
1569841528.2594376,161,0.7551282048225403
1569841528.841266,162,0.7064102292060852
1569841529.4276123,163,0.7155448794364929
1569841530.0160365,164,0.7205128073692322
1569841530.6006618,165,0.6756410002708435
1569841531.1859,166,0.721794843673706
1569841531.7752717,167,0.7084935903549194
1569841532.3607287,168,0.6756410002708435
1569841532.942203,169,0.7392628192901611
1569841533.5251799,170,0.6743589639663696
1569841534.1163251,171,0.7371794581413269
1569841534.6995516,172,0.6831730604171753
1569841535.286399,173,0.7246794700622559
1569841535.8721578,174,0.7230769395828247
1569841536.4627204,175,0.682692289352417
1569841537.0497265,176,0.7084935903549194
1569841537.6472363,177,0.6756410002708435
1569841538.2392807,178,0.7762820720672607
1569841538.8424106,179,0.6947115659713745
1569841539.4318328,180,0.6839743852615356
1569841540.019599,181,0.7322115302085876
1569841540.602451,182,0.6589743494987488
1569841541.1873827,183,0.7309294939041138
1569841541.7750258,184,0.7064102292060852
1569841542.390367,185,0.7434294819831848
1569841542.9722817,186,0.6639423370361328
1569841543.557677,187,0.6673076748847961
1569841544.1463268,188,0.7197115421295166
1569841544.7293863,189,0.7379807829856873
1569841545.3118238,190,0.6743589639663696
1569841545.8973036,191,0.7168269157409668
1569841546.4813306,192,0.7538461685180664
1569841547.0667078,193,0.7168269157409668
1569841547.6594934,194,0.6839743852615356
1569841548.2465668,195,0.7301282286643982
1569841548.8400357,196,0.7056089639663696
1569841549.422772,197,0.7084935903549194
1569841550.012084,198,0.7035256624221802
1569841550.5974047,199,0.6798076629638672
