Wall time,Step,Value
1569841539.8979616,0,0.16286057233810425
1569841540.5774539,1,0.20773236453533173
1569841541.2442517,2,0.20112179219722748
1569841541.9009938,3,0.2393830120563507
1569841542.5456142,4,0.29807692766189575
1569841543.188781,5,0.3275240361690521
1569841543.8360612,6,0.31650641560554504
1569841544.481229,7,0.31370192766189575
1569841545.1262598,8,0.3000801205635071
1569841545.7714047,9,0.32672277092933655
1569841546.4201403,10,0.3411458432674408
1569841547.0654116,11,0.36919069290161133
1569841547.7111652,12,0.33233171701431274
1569841548.3508348,13,0.3467548191547394
1569841548.9959927,14,0.31390222907066345
1569841549.6410155,15,0.3074919879436493
1569841550.291476,16,0.3521634638309479
1569841550.939685,17,0.3693910241127014
1569841551.58996,18,0.41566506028175354
1569841552.2352166,19,0.44350960850715637
1569841552.880499,20,0.47295671701431274
1569841553.5233228,21,0.4763621687889099
1569841554.1685505,22,0.4875801205635071
1569841554.824117,23,0.4611378312110901
1569841555.4710987,24,0.47215545177459717
1569841556.1169431,25,0.5042067170143127
1569841556.7609358,26,0.4915865361690521
1569841557.4096355,27,0.5218349099159241
1569841558.0558867,28,0.4821714758872986
1569841558.6971679,29,0.4927884638309479
1569841559.3369215,30,0.4871794879436493
1569841559.9860046,31,0.5026041865348816
1569841560.6307225,32,0.4837740361690521
1569841561.2871928,33,0.4973958432674408
1569841561.9311287,34,0.4951923191547394
1569841562.5768008,35,0.5176281929016113
1569841563.2265935,36,0.518629789352417
1569841563.868448,37,0.48517629504203796
1569841564.5115771,38,0.5216346383094788
1569841565.1565151,39,0.518629789352417
1569841565.8003628,40,0.5148237347602844
1569841566.4408157,41,0.5020031929016113
1569841567.0842748,42,0.5232371687889099
1569841567.7266934,43,0.5394631624221802
1569841568.3685193,44,0.5356570482254028
1569841569.014253,45,0.5318509340286255
1569841569.6630564,46,0.542067289352417
1569841570.3050582,47,0.5032051205635071
1569841570.945472,48,0.5382612347602844
1569841571.5887709,49,0.5402644276618958
1569841572.2366247,50,0.5228365659713745
1569841572.876508,51,0.5526843070983887
1569841573.5350225,52,0.5482772588729858
1569841574.1784246,53,0.5681089758872986
1569841574.8286178,54,0.5480769276618958
1569841575.4709017,55,0.5502804517745972
1569841576.12733,56,0.5633012652397156
1569841576.7702785,57,0.5450721383094788
1569841577.4095173,58,0.573317289352417
1569841578.0594082,59,0.5741186141967773
1569841578.7010984,60,0.5961538553237915
1569841579.3410053,61,0.5558894276618958
1569841579.9847715,62,0.5777243375778198
1569841580.6304839,63,0.6129807829856873
1569841581.2742412,64,0.6027644276618958
1569841581.915082,65,0.6125801205635071
1569841582.5613031,66,0.6137820482254028
1569841583.2045777,67,0.6272035241127014
1569841583.8482215,68,0.6199919581413269
1569841584.4971054,69,0.5903445482254028
1569841585.1453273,70,0.6498397588729858
1569841585.7894304,71,0.6310096383094788
1569841586.4367692,72,0.6254006624221802
1569841587.0863607,73,0.6292067170143127
1569841587.730813,74,0.6384214758872986
1569841588.3761938,75,0.6550480723381042
1569841589.0211856,76,0.6538461446762085
1569841589.6669006,77,0.6181890964508057
1569841590.3242905,78,0.6328125
1569841590.9667518,79,0.6502403616905212
1569841591.610019,80,0.6644631624221802
1569841592.25872,81,0.6640625
1569841592.9003286,82,0.6482371687889099
1569841593.5414703,83,0.6402243375778198
1569841594.1871,84,0.6506410241127014
1569841594.8303516,85,0.6586538553237915
1569841595.482645,86,0.6658653616905212
1569841596.1270378,87,0.6768830418586731
1569841596.76915,88,0.6542468070983887
1569841597.4113498,89,0.7043269276618958
1569841598.0585563,90,0.6660656929016113
1569841598.7002213,91,0.6638621687889099
1569841599.3617501,92,0.6806890964508057
1569841600.0208704,93,0.6804887652397156
1569841600.6665306,94,0.6694711446762085
1569841601.3287566,95,0.6772836446762085
1569841601.970264,96,0.6810897588729858
1569841602.613076,97,0.6692708134651184
1569841603.251494,98,0.6620593070983887
1569841603.8910956,99,0.6840945482254028
1569841604.5342305,100,0.6620593070983887
1569841605.1788726,101,0.6640625
1569841605.8197844,102,0.6901041865348816
1569841606.4610975,103,0.6778846383094788
1569841607.1047304,104,0.6804887652397156
1569841607.7459137,105,0.6758813858032227
1569841608.3896046,106,0.6856971383094788
1569841609.0346253,107,0.6776843070983887
1569841609.67876,108,0.6883012652397156
1569841610.3195443,109,0.6828926205635071
1569841610.9652705,110,0.6891025900840759
1569841611.6092734,111,0.6840945482254028
1569841612.2651055,112,0.7017227411270142
1569841612.9198003,113,0.6854968070983887
1569841613.5782506,114,0.6720753312110901
1569841614.2354345,115,0.6762820482254028
1569841614.8789823,116,0.6572515964508057
1569841615.5201073,117,0.6590544581413269
1569841616.1635215,118,0.6917067170143127
1569841616.8085701,119,0.6646634340286255
1569841617.461354,120,0.6696714758872986
1569841618.1016397,121,0.6903044581413269
1569841618.7458565,122,0.671875
1569841619.3893206,123,0.6782852411270142
1569841620.0369215,124,0.6782852411270142
1569841620.6817713,125,0.6548477411270142
1569841621.3212306,126,0.6486378312110901
1569841621.9712105,127,0.6854968070983887
1569841622.6188538,128,0.6770833134651184
1569841623.2696917,129,0.6770833134651184
1569841623.9096565,130,0.6518429517745972
1569841624.5503654,131,0.6724759340286255
1569841625.191495,132,0.6438301205635071
1569841625.835346,133,0.6858974099159241
1569841626.475368,134,0.6552484035491943
1569841627.1196532,135,0.6602563858032227
1569841627.7660468,136,0.6816906929016113
1569841628.4214468,137,0.6530448794364929
1569841629.065039,138,0.6628605723381042
1569841629.7196436,139,0.6704727411270142
1569841630.3689353,140,0.6404246687889099
1569841631.019231,141,0.6296073794364929
1569841631.6621463,142,0.6492387652397156
1569841632.3094602,143,0.6466346383094788
1569841632.953482,144,0.6366186141967773
1569841633.5950687,145,0.6430288553237915
1569841634.2365606,146,0.6646634340286255
1569841634.8854659,147,0.6258012652397156
1569841635.5259814,148,0.6290063858032227
1569841636.1701128,149,0.6316105723381042
1569841636.8094451,150,0.6368188858032227
1569841637.4541352,151,0.6470352411270142
1569841638.0959241,152,0.6211938858032227
1569841638.7366917,153,0.6458333134651184
1569841639.3801765,154,0.643629789352417
1569841640.0317948,155,0.6448317170143127
1569841640.6756213,156,0.6290063858032227
1569841641.3215878,157,0.6482371687889099
1569841641.968641,158,0.6428285241127014
1569841642.6093552,159,0.6536458134651184
1569841643.2587945,160,0.6566506624221802
1569841643.9050152,161,0.6526442170143127
1569841644.5459247,162,0.6388221383094788
1569841645.190782,163,0.6550480723381042
1569841645.8431044,164,0.6408253312110901
1569841646.4901657,165,0.6596554517745972
1569841647.1336353,166,0.6414262652397156
1569841647.7747586,167,0.6702724099159241
1569841648.4595015,168,0.6602563858032227
1569841649.1109521,169,0.6672676205635071
1569841649.7598119,170,0.6662660241127014
1569841650.4096453,171,0.6802884340286255
1569841651.0562043,172,0.6746794581413269
1569841651.6967487,173,0.6590544581413269
1569841652.3403807,174,0.7009214758872986
1569841652.9859776,175,0.6854968070983887
1569841653.6297414,176,0.6808894276618958
1569841654.278323,177,0.6881009340286255
1569841654.9241648,178,0.7021234035491943
1569841655.5667152,179,0.6686698794364929
1569841656.2295432,180,0.6762820482254028
1569841656.8718085,181,0.7009214758872986
1569841657.5151672,182,0.6686698794364929
1569841658.1570249,183,0.6640625
1569841658.800005,184,0.6656650900840759
1569841659.4447148,185,0.6646634340286255
1569841660.09042,186,0.6764823794364929
1569841660.7411802,187,0.6945112347602844
1569841661.3864043,188,0.6967147588729858
1569841662.036355,189,0.6794871687889099
1569841662.7105694,190,0.6668669581413269
1569841663.3705397,191,0.6913061141967773
1569841664.0142057,192,0.6666666865348816
1569841664.6568305,193,0.7089343070983887
1569841665.3055866,194,0.6866987347602844
1569841665.9495652,195,0.6977163553237915
1569841666.599739,196,0.6975160241127014
1569841667.245321,197,0.6822916865348816
1569841667.8865726,198,0.6893028616905212
1569841668.528608,199,0.6840945482254028
