Wall time,Step,Value
1569841472.6091502,0,0.2409685254096985
1569841473.3066373,1,0.21459440886974335
1569841473.9850163,2,0.24346187710762024
1569841474.6860723,3,0.20683732628822327
1569841475.390567,4,0.25609487295150757
1569841476.081442,5,0.28014183044433594
1569841476.7656286,6,0.298481822013855
1569841477.4477048,7,0.3219747245311737
1569841478.1278625,8,0.3245234787464142
1569841478.8288825,9,0.34530141949653625
1569841479.515405,10,0.377437949180603
1569841480.1971614,11,0.3506205677986145
1569841480.8762004,12,0.42154255509376526
1569841481.563494,13,0.338098406791687
1569841482.2563224,14,0.38530585169792175
1569841482.9535742,15,0.4081892669200897
1569841483.6324728,16,0.41112589836120605
1569841484.3163357,17,0.4346188008785248
1569841484.9979854,18,0.40874335169792175
1569841485.700381,19,0.4109596610069275
1569841486.4043686,20,0.4214317500591278
1569841487.1016395,21,0.4320146143436432
1569841487.7825727,22,0.437222957611084
1569841488.4905336,23,0.45257091522216797
1569841489.1759036,24,0.44547873735427856
1569841489.855267,25,0.4607158601284027
1569841490.5637522,26,0.4895279109477997
1569841491.25275,27,0.47357046604156494
1569841491.9517064,28,0.4635970890522003
1569841492.669898,29,0.4736813008785248
1569841493.3629556,30,0.49495789408683777
1569841494.05343,31,0.46370789408683777
1569841494.7529435,32,0.46581339836120605
1569841495.4338384,33,0.4662012457847595
1569841496.11195,34,0.4554521143436432
1569841496.8117251,35,0.45295876264572144
1569841497.5094512,36,0.4765070974826813
1569841498.2234335,37,0.47102171182632446
1569841498.9071805,38,0.5159574747085571
1569841499.6026256,39,0.516179084777832
1569841500.2823117,40,0.534186601638794
1569841500.959438,41,0.502437949180603
1569841501.6500385,42,0.48143839836120605
1569841502.3560607,43,0.48160460591316223
1569841503.0413043,44,0.478723406791687
1569841503.7296457,45,0.49722960591316223
1569841504.4307992,46,0.4917442500591278
1569841505.1065261,47,0.49728500843048096
1569841505.7883143,48,0.528812050819397
1569841506.462306,49,0.5234929323196411
1569841507.1483583,50,0.5442154407501221
1569841507.845047,51,0.530972957611084
1569841508.5381727,52,0.5316378474235535
1569841509.2444236,53,0.5338541865348816
1569841509.9403193,54,0.5339095592498779
1569841510.622205,55,0.5526373982429504
1569841511.3058422,56,0.5341312289237976
1569841511.9900517,57,0.5786236524581909
1569841512.67205,58,0.5521387457847595
1569841513.3757725,59,0.5572916865348816
1569841514.0674844,60,0.5892065763473511
1569841514.7516468,61,0.5942486524581909
1569841515.448923,62,0.5967974066734314
1569841516.1458104,63,0.6022273898124695
1569841516.8568163,64,0.5782912373542786
1569841517.5669982,65,0.5862699747085571
1569841518.2464693,66,0.5919215679168701
1569841518.9462988,67,0.5944148898124695
1569841519.664563,68,0.602116584777832
1569841520.3875914,69,0.5809507966041565
1569841521.1211295,70,0.6155252456665039
1569841521.8589022,71,0.601839542388916
1569841522.5744138,72,0.576241135597229
1569841523.2850263,73,0.5967974066734314
1569841524.001717,74,0.5914228558540344
1569841524.7211843,75,0.5911458134651184
1569841525.440004,76,0.6205119490623474
1569841526.1653588,77,0.5944148898124695
1569841526.88458,78,0.59696364402771
1569841527.5906003,79,0.6124778389930725
1569841528.338082,80,0.623116135597229
1569841529.0529437,81,0.6307623982429504
1569841529.7554166,82,0.6309840679168701
1569841530.4566467,83,0.6127548813819885
1569841531.155403,84,0.6100953221321106
1569841531.8568287,85,0.6439494490623474
1569841532.5741084,86,0.5866023898124695
1569841533.2840896,87,0.6098736524581909
1569841534.008218,88,0.6389073729515076
1569841534.7448454,89,0.623116135597229
1569841535.476807,90,0.6410682797431946
1569841536.198219,91,0.6545877456665039
1569841536.9161124,92,0.6126994490623474
1569841537.6152518,93,0.6488807797431946
1569841538.3407013,94,0.6464982032775879
1569841539.061389,95,0.6228945255279541
1569841539.776715,96,0.638464093208313
1569841540.4734251,97,0.6386303305625916
1569841541.1832283,98,0.6523714661598206
1569841541.8736892,99,0.6545323729515076
1569841542.5518951,100,0.6411236524581909
1569841543.2420835,101,0.6625111103057861
1569841543.9384837,102,0.667553186416626
1569841544.622435,103,0.6229498982429504
1569841545.3263001,104,0.6440602540969849
1569841546.0206647,105,0.6412344574928284
1569841546.701907,106,0.6753102540969849
1569841547.3833296,107,0.6538674831390381
1569841548.0663798,108,0.6307623982429504
1569841548.7526197,109,0.675919771194458
1569841549.4548452,110,0.6521497964859009
1569841550.1571329,111,0.6646719574928284
1569841550.8340802,112,0.6416223645210266
1569841551.5168636,113,0.6519836187362671
1569841552.2144752,114,0.6806848645210266
1569841552.9091895,115,0.657302737236023
1569841553.587956,116,0.6645057797431946
1569841554.2961524,117,0.6624002456665039
1569841554.9940257,118,0.6728169322013855
1569841555.69028,119,0.6650598645210266
1569841556.370819,120,0.6177969574928284
1569841557.04939,121,0.6417331695556641
1569841557.7281516,122,0.6595190763473511
1569841558.4077501,123,0.6645611524581909
1569841559.1095293,124,0.6677194237709045
1569841559.7901828,125,0.6674423813819885
1569841560.4685435,126,0.6647828221321106
1569841561.1516829,127,0.6965869069099426
1569841561.8507378,128,0.6833444237709045
1569841562.5614884,129,0.672927737236023
1569841563.2763412,130,0.6859486103057861
1569841563.9695928,131,0.6777482032775879
1569841564.668826,132,0.6884419322013855
1569841565.3733873,133,0.6779698729515076
1569841566.0580235,134,0.6385748982429504
1569841566.754155,135,0.6441711187362671
1569841567.4315004,136,0.7016289830207825
1569841568.1332042,137,0.6728169322013855
1569841568.838115,138,0.6965869069099426
1569841569.5420027,139,0.6725953221321106
1569841570.2811518,140,0.6647273898124695
1569841570.9799795,141,0.649767279624939
1569841571.6796033,142,0.677803635597229
1569841572.3619878,143,0.6672207713127136
1569841573.0594952,144,0.6724844574928284
1569841573.7596955,145,0.693705677986145
1569841574.443588,146,0.709607720375061
1569841575.1493306,147,0.696143627166748
1569841575.8463185,148,0.6991356611251831
1569841576.5424566,149,0.6907690763473511
1569841577.236442,150,0.6884973645210266
1569841577.9263365,151,0.6857269406318665
1569841578.6124744,152,0.6912122964859009
1569841579.2952688,153,0.6857269406318665
1569841580.006027,154,0.669714093208313
1569841580.6900995,155,0.7015736103057861
1569841581.3832955,156,0.6964206695556641
1569841582.0664673,157,0.6855607032775879
1569841582.7753055,158,0.6704344153404236
1569841583.4700897,159,0.6727614998817444
1569841584.1756854,160,0.6730385422706604
1569841584.8583298,161,0.6674423813819885
1569841585.545385,162,0.6674977540969849
1569841586.2323349,163,0.6728723645210266
1569841586.940362,164,0.6989694237709045
1569841587.625413,165,0.6911014914512634
1569841588.3553047,166,0.6800199747085571
1569841589.0819478,167,0.6492131948471069
1569841589.7655494,168,0.6832889914512634
1569841590.4634852,169,0.7014073729515076
1569841591.150601,170,0.672706127166748
1569841591.8315256,171,0.6913785338401794
1569841592.5113277,172,0.691267728805542
1569841593.2002215,173,0.6887189745903015
1569841593.896425,174,0.6701019406318665
1569841594.576846,175,0.6671653389930725
1569841595.2618694,176,0.6647273898124695
1569841595.9652483,177,0.7093861103057861
1569841596.6552727,178,0.677803635597229
1569841597.3500128,179,0.6778590679168701
1569841598.0517077,180,0.6698803305625916
1569841598.7337754,181,0.6861147880554199
1569841599.4562352,182,0.6544215679168701
1569841600.139299,183,0.6858377456665039
1569841600.8253272,184,0.6833997964859009
1569841601.5060081,185,0.6806294322013855
1569841602.1920302,186,0.693982720375061
1569841602.8734875,187,0.6780252456665039
1569841603.561558,188,0.688331127166748
1569841604.2708893,189,0.6729831695556641
1569841604.9774046,190,0.6649489998817444
1569841605.6707246,191,0.6963098645210266
1569841606.3481386,192,0.688331127166748
1569841607.0237036,193,0.6833444237709045
1569841607.7038772,194,0.664893627166748
1569841608.4111536,195,0.6625111103057861
1569841609.093849,196,0.7040114998817444
1569841609.7819445,197,0.6806848645210266
1569841610.4678082,198,0.6673315763473511
1569841611.170132,199,0.6962544322013855
