Wall time,Step,Value
1569841402.1338568,0,0.14624999463558197
1569841402.868769,1,0.3100000023841858
1569841403.5639048,2,0.2887499928474426
1569841404.2594914,3,0.25708332657814026
1569841404.9616868,4,0.2708333432674408
1569841405.653762,5,0.28583332896232605
1569841406.3315787,6,0.2995833456516266
1569841407.001921,7,0.2654166519641876
1569841407.6824996,8,0.28333333134651184
1569841408.3567014,9,0.2795833349227905
1569841409.0390148,10,0.2604166567325592
1569841409.7064316,11,0.2824999988079071
1569841410.385693,12,0.25041666626930237
1569841411.0531058,13,0.2574999928474426
1569841411.7363093,14,0.28999999165534973
1569841412.4049225,15,0.25
1569841413.1219816,16,0.2654166519641876
1569841413.802638,17,0.27166667580604553
1569841414.4732244,18,0.24708333611488342
1569841415.1501093,19,0.23999999463558197
1569841415.8229034,20,0.2620833218097687
1569841416.4861548,21,0.3016666769981384
1569841417.160515,22,0.2904166579246521
1569841417.8386915,23,0.289166659116745
1569841418.5082643,24,0.29374998807907104
1569841419.183993,25,0.2758333384990692
1569841419.851162,26,0.25999999046325684
1569841420.5648346,27,0.2537499964237213
1569841421.2220526,28,0.32499998807907104
1569841421.8946948,29,0.2874999940395355
1569841422.55595,30,0.26124998927116394
1569841423.2162719,31,0.24666666984558105
1569841423.9008803,32,0.26124998927116394
1569841424.5833838,33,0.2691666781902313
1569841425.2638192,34,0.2529166638851166
1569841425.9541376,35,0.2524999976158142
1569841426.6367173,36,0.2941666543483734
1569841427.306194,37,0.22499999403953552
1569841427.9675174,38,0.2841666638851166
1569841428.6373851,39,0.2654166519641876
1569841429.3127263,40,0.24791666865348816
1569841429.9802783,41,0.1912499964237213
1569841430.6774864,42,0.2970833480358124
1569841431.387688,43,0.2887499928474426
1569841432.0630357,44,0.3945833444595337
1569841432.7474022,45,0.37041667103767395
1569841433.4331675,46,0.4216666519641876
1569841434.1404243,47,0.46666666865348816
1569841434.8175383,48,0.4508333206176758
1569841435.4955919,49,0.4300000071525574
1569841436.1858358,50,0.46958333253860474
1569841436.869034,51,0.47749999165534973
1569841437.5450015,52,0.45916667580604553
1569841438.2126825,53,0.4937500059604645
1569841438.8811824,54,0.46791666746139526
1569841439.5628345,55,0.46958333253860474
1569841440.241581,56,0.4595833420753479
1569841440.936831,57,0.4845833480358124
1569841441.6147652,58,0.4658333361148834
1569841442.2990425,59,0.48875001072883606
1569841442.977384,60,0.49291667342185974
1569841443.6540275,61,0.49166667461395264
1569841444.330719,62,0.4866666793823242
1569841445.0016918,63,0.4637500047683716
1569841445.6769402,64,0.4520833194255829
1569841446.3371212,65,0.5070833563804626
1569841446.996121,66,0.5445833206176758
1569841447.6522195,67,0.5216666460037231
1569841448.317413,68,0.5012500286102295
1569841448.9968052,69,0.5395833253860474
1569841449.665135,70,0.5737500190734863
1569841450.3369658,71,0.5391666889190674
1569841451.0213668,72,0.5366666913032532
1569841451.6928794,73,0.5529166460037231
1569841452.363645,74,0.581250011920929
1569841453.028281,75,0.5633333325386047
1569841453.714425,76,0.5579166412353516
1569841454.3911066,77,0.5529166460037231
1569841455.0514374,78,0.5508333444595337
1569841455.7127116,79,0.5616666674613953
1569841456.3944063,80,0.54666668176651
1569841457.0685754,81,0.5770833492279053
1569841457.7586772,82,0.6454166769981384
1569841458.4264069,83,0.5758333206176758
1569841459.0867705,84,0.5804166793823242
1569841459.7423737,85,0.5837500095367432
1569841460.4195037,86,0.5899999737739563
1569841461.0772114,87,0.5849999785423279
1569841461.7458684,88,0.5720833539962769
1569841462.4059885,89,0.5916666388511658
1569841463.0720706,90,0.6020833253860474
1569841463.7469673,91,0.6191666722297668
1569841464.4237523,92,0.6245833039283752
1569841465.0828686,93,0.5824999809265137
1569841465.7470152,94,0.5774999856948853
1569841466.4229045,95,0.5941666960716248
1569841467.1018524,96,0.6379166841506958
1569841467.7732117,97,0.6508333086967468
1569841468.4448256,98,0.596666693687439
1569841469.1468241,99,0.6566666960716248
1569841469.8150227,100,0.6629166603088379
1569841470.493946,101,0.612500011920929
1569841471.176592,102,0.6504166722297668
1569841471.8532667,103,0.6245833039283752
1569841472.517438,104,0.6145833134651184
1569841473.1780307,105,0.6304166913032532
1569841473.8664136,106,0.6208333373069763
1569841474.5506723,107,0.6045833230018616
1569841475.2268035,108,0.5933333039283752
1569841475.8984466,109,0.6066666841506958
1569841476.5703845,110,0.6229166388511658
1569841477.2587569,111,0.643750011920929
1569841477.941762,112,0.6204166412353516
1569841478.633568,113,0.6187499761581421
1569841479.330479,114,0.6449999809265137
1569841480.0669982,115,0.6383333206176758
1569841480.7732923,116,0.6625000238418579
1569841481.4664805,117,0.6683333516120911
1569841482.1970904,118,0.6129166483879089
1569841482.9226606,119,0.6454166769981384
1569841483.6282854,120,0.6604166626930237
1569841484.3369372,121,0.64041668176651
1569841485.0438385,122,0.6329166889190674
1569841485.7386625,123,0.6358333230018616
1569841486.4370198,124,0.6445833444595337
1569841487.122931,125,0.6379166841506958
1569841487.8282704,126,0.6304166913032532
1569841488.5183015,127,0.6200000047683716
1569841489.2611268,128,0.6141666769981384
1569841489.9580455,129,0.6366666555404663
1569841490.6606126,130,0.6112499833106995
1569841491.3827536,131,0.6929166913032532
1569841492.0635855,132,0.6850000023841858
1569841492.738453,133,0.64041668176651
1569841493.4316163,134,0.6158333420753479
1569841494.1157234,135,0.6349999904632568
1569841494.8175905,136,0.590833306312561
1569841495.5247433,137,0.6495833396911621
1569841496.246645,138,0.684166669845581
1569841496.9436855,139,0.6054166555404663
1569841497.6286633,140,0.6520833373069763
1569841498.3202431,141,0.6858333349227905
1569841499.025823,142,0.6150000095367432
1569841499.7248828,143,0.6795833110809326
1569841500.4258277,144,0.6491666436195374
1569841501.1148145,145,0.6783333420753479
1569841501.7979414,146,0.6945833563804626
1569841502.4859242,147,0.6733333468437195
1569841503.1624622,148,0.6854166388511658
1569841503.8650577,149,0.6850000023841858
1569841504.5633047,150,0.6616666913032532
1569841505.2658231,151,0.6695833206176758
1569841505.958945,152,0.6625000238418579
1569841506.6523278,153,0.6945833563804626
1569841507.3499427,154,0.6745833158493042
1569841508.0235515,155,0.6741666793823242
1569841508.687459,156,0.6854166388511658
1569841509.3575418,157,0.675000011920929
1569841510.035101,158,0.6616666913032532
1569841510.7010639,159,0.6608333587646484
1569841511.3890803,160,0.6758333444595337
1569841512.083508,161,0.6741666793823242
1569841512.7521482,162,0.6850000023841858
1569841513.4367194,163,0.6800000071525574
1569841514.1330938,164,0.7270833253860474
1569841514.8167157,165,0.7191666960716248
1569841515.506981,166,0.7250000238418579
1569841516.1885178,167,0.6941666603088379
1569841516.8833995,168,0.6899999976158142
1569841517.5790489,169,0.6949999928474426
1569841518.249588,170,0.6937500238418579
1569841518.9262402,171,0.690833330154419
1569841519.640065,172,0.7099999785423279
1569841520.3099763,173,0.6670833230018616
1569841520.9829884,174,0.7495833039283752
1569841521.6829038,175,0.7200000286102295
1569841522.3705058,176,0.6633333563804626
1569841523.052906,177,0.7054166793823242
1569841523.7220106,178,0.7258333563804626
1569841524.4043055,179,0.6958333253860474
1569841525.102179,180,0.7116666436195374
1569841525.786142,181,0.7037500143051147
1569841526.4500065,182,0.6974999904632568
1569841527.10758,183,0.715833306312561
1569841527.7716236,184,0.6829166412353516
1569841528.4514046,185,0.706250011920929
1569841529.1323462,186,0.7300000190734863
1569841529.810618,187,0.7195833325386047
1569841530.4912665,188,0.7362499833106995
1569841531.1890798,189,0.699999988079071
1569841531.8831007,190,0.7162500023841858
1569841532.5574546,191,0.7083333134651184
1569841533.287638,192,0.7191666960716248
1569841534.0073354,193,0.706250011920929
1569841534.7044854,194,0.7058333158493042
1569841535.389079,195,0.7225000262260437
1569841536.1050553,196,0.7145833373069763
1569841536.8043249,197,0.7149999737739563
1569841537.488199,198,0.721666693687439
1569841538.202452,199,0.7350000143051147
