Wall time,Step,Value
1569840109.1569333,0,0.19534176588058472
1569840109.6719632,1,0.33056336641311646
1569840110.1649642,2,0.3262718617916107
1569840110.6564913,3,0.3437109887599945
1569840111.1574817,4,0.3198736011981964
1569840111.6607397,5,0.3279104232788086
1569840112.1657465,6,0.3655586838722229
1569840112.6768281,7,0.3778870105743408
1569840113.1811638,8,0.3575218617916107
1569840113.690838,9,0.354595810174942
1569840114.1820593,10,0.3749609887599945
1569840114.689032,11,0.36528557538986206
1569840115.1917734,12,0.3575998842716217
1569840115.6969213,13,0.39415574073791504
1569840116.195718,14,0.3313826322555542
1569840116.698021,15,0.37066948413848877
1569840117.2003493,16,0.40191948413848877
1569840117.6975987,17,0.39368757605552673
1569840118.2080715,18,0.3057115972042084
1569840118.712133,19,0.3204197883605957
1569840119.2118053,20,0.3238919973373413
1569840119.7137167,21,0.39953964948654175
1569840120.2121675,22,0.4291510581970215
1569840120.7135918,23,0.4582943320274353
1569840121.2124462,24,0.5021457672119141
1569840121.721497,25,0.48341915011405945
1569840122.2254117,26,0.5440855026245117
1569840122.7299786,27,0.491456001996994
1569840123.2362316,28,0.5221598148345947
1569840123.7411137,29,0.528558075428009
1569840124.2407804,30,0.540886402130127
1569840124.7411408,31,0.5625390410423279
1569840125.245187,32,0.5758817195892334
1569840125.7450378,33,0.5668305158615112
1569840126.2419238,34,0.5969881415367126
1569840126.7482724,35,0.593515932559967
1569840127.2523873,36,0.5924235582351685
1569840127.7580864,37,0.5922284722328186
1569840128.2572443,38,0.5830992460250854
1569840128.760466,39,0.5986267328262329
1569840129.2663805,40,0.6333489418029785
1569840129.7705998,41,0.6255851984024048
1569840130.2651653,42,0.6389278769493103
1569840130.7774613,43,0.644311785697937
1569840131.2806299,44,0.6582006812095642
1569840131.7826302,45,0.6269506812095642
1569840132.2880147,46,0.6338951587677002
1569840132.7952816,47,0.6408395767211914
1569840133.2969837,48,0.6520755290985107
1569840133.7921977,49,0.6603854298591614
1569840134.2910779,50,0.659019947052002
1569840134.7918935,51,0.6568351984024048
1569840135.2961826,52,0.6440386772155762
1569840135.8041034,53,0.6573814153671265
1569840136.307061,54,0.6279650330543518
1569840136.814545,55,0.6413857936859131
1569840137.3170629,56,0.649149477481842
1569840137.8229818,57,0.6416588425636292
1569840138.325591,58,0.6464185118675232
1569840138.8313782,59,0.6362749934196472
1569840139.3400886,60,0.6645989418029785
1569840139.84193,61,0.6659644246101379
1569840140.344594,62,0.6651451587677002
1569840140.846594,63,0.6841447949409485
1569840141.3454046,64,0.6715433597564697
1569840141.8489964,65,0.677941620349884
1569840142.355424,66,0.6737281680107117
1569840142.865344,67,0.689723789691925
1569840143.3711913,68,0.6867977380752563
1569840143.8806086,69,0.7038857936859131
1569840144.382355,70,0.6870708465576172
1569840144.8855443,71,0.7207006812095642
1569840145.3874736,72,0.6961220502853394
1569840145.8886666,73,0.7121956944465637
1569840146.387305,74,0.6974875330924988
1569840146.8917768,75,0.7151217460632324
1569840147.4001427,76,0.7196863293647766
1569840147.8998728,77,0.6985799074172974
1569840148.4047282,78,0.7047050595283508
1569840148.9102778,79,0.7196863293647766
1569840149.4105377,80,0.7180477380752563
1569840149.9138286,81,0.6865246295928955
1569840150.4164112,82,0.7220661640167236
1569840150.930618,83,0.6819600462913513
1569840151.436638,84,0.7038857936859131
1569840151.9351418,85,0.7434456944465637
1569840152.4346821,86,0.7191401124000549
1569840152.9443352,87,0.7258114814758301
1569840153.4467,88,0.7453573942184448
1569840153.9470987,89,0.7095427513122559
1569840154.4499824,90,0.718593955039978
1569840154.9544337,91,0.7148486375808716
1569840155.4570737,92,0.7049781680107117
1569840155.9578137,93,0.7055243253707886
1569840156.4592216,94,0.7119225859642029
1569840156.9647179,95,0.6833255290985107
1569840157.4644167,96,0.711649477481842
1569840157.966459,97,0.6899968981742859
1569840158.47047,98,0.7295567989349365
1569840158.9762821,99,0.7156679034233093
1569840159.4822633,100,0.7482833862304688
1569840159.9807613,101,0.7196863293647766
1569840160.4744399,102,0.7041588425636292
1569840160.9802105,103,0.7148486375808716
1569840161.4808745,104,0.7322097420692444
1569840161.9796066,105,0.7260845899581909
1569840162.4821138,106,0.7041588425636292
1569840162.9866197,107,0.7094647288322449
1569840163.485028,108,0.713834285736084
1569840163.9780917,109,0.7226123809814453
1569840164.4802716,110,0.7509363293647766
1569840164.978159,111,0.7306491732597351
1569840165.4800658,112,0.7330290079116821
1569840165.982327,113,0.7183208465576172
1569840166.4801395,114,0.7130149602890015
1569840166.9868324,115,0.7183208465576172
1569840167.4869606,116,0.6883583068847656
1569840167.9835486,117,0.708996593952179
1569840168.4717488,118,0.7287375330924988
1569840168.9739895,119,0.7509363293647766
1569840169.477018,120,0.7180477380752563
1569840169.9777994,121,0.7555009126663208
1569840170.471211,122,0.7223392724990845
1569840170.9647017,123,0.7872971296310425
1569840171.455428,124,0.7049781680107117
1569840171.9511726,125,0.716214120388031
1569840172.4500988,126,0.6983067989349365
1569840172.9565282,127,0.7434456944465637
1569840173.4572117,128,0.7394272685050964
1569840173.9572005,129,0.7279962301254272
1569840174.462585,130,0.7584269642829895
1569840174.97072,131,0.7605336904525757
1569840175.4648645,132,0.7335752248764038
1569840175.9726114,133,0.7437188029289246
1569840176.4700093,134,0.733302116394043
1569840176.9709985,135,0.7413389682769775
1569840177.4719632,136,0.7341213822364807
1569840177.9745195,137,0.7471910119056702
1569840178.4752755,138,0.747464120388031
1569840178.975655,139,0.7749688029289246
1569840179.475216,140,0.7650983333587646
1569840179.974788,141,0.7148486375808716
1569840180.4763782,142,0.7608067989349365
1569840180.9830177,143,0.742899477481842
1569840181.4790907,144,0.7437188029289246
1569840181.9824157,145,0.7298299074172974
1569840182.4851754,146,0.7196863293647766
1569840182.9818017,147,0.7373205423355103
1569840183.484906,148,0.7012328505516052
1569840183.987191,149,0.767009973526001
1569840184.4928417,150,0.7359550595283508
1569840184.9943662,151,0.7324828505516052
1569840185.4970295,152,0.747464120388031
1569840186.0043304,153,0.7258114814758301
1569840186.5122056,154,0.740246593952179
1569840187.0181317,155,0.7480102777481079
1569840187.5225015,156,0.7108302116394043
1569840188.0225558,157,0.7375936508178711
1569840188.5274556,158,0.7306491732597351
1569840189.036807,159,0.7399734854698181
1569840189.540343,160,0.7480102777481079
1569840190.0419261,161,0.7554228901863098
1569840190.5420282,162,0.7642790079116821
1569840191.0517662,163,0.7720427513122559
1569840191.5513506,164,0.7501170635223389
1569840192.0552135,165,0.7627184987068176
1569840192.5605373,166,0.7648252248764038
1569840193.0732803,167,0.7538623809814453
1569840193.5761423,168,0.7664638161659241
1569840194.0802388,169,0.7605336904525757
1569840194.5790648,170,0.7359550595283508
1569840195.0843766,171,0.7319366335868835
1569840195.5889847,172,0.7170333862304688
1569840196.0964353,173,0.7362281680107117
1569840196.6085675,174,0.7180477380752563
1569840197.1160004,175,0.7255383729934692
1569840197.6200118,176,0.7535892724990845
1569840198.116155,177,0.740519642829895
1569840198.614011,178,0.7434456944465637
1569840199.1202765,179,0.742626428604126
1569840199.6208491,180,0.7255383729934692
1569840200.1240115,181,0.7362281680107117
1569840200.6301332,182,0.7322097420692444
1569840201.1303062,183,0.7416120767593384
1569840201.6346276,184,0.7362281680107117
1569840202.1326716,185,0.7530430555343628
1569840202.6418543,186,0.7576076984405518
1569840203.1449902,187,0.711376428604126
1569840203.6460028,188,0.7760611772537231
1569840204.1475098,189,0.7656444907188416
1569840204.6517575,190,0.7872971296310425
1569840205.151985,191,0.7648252248764038
1569840205.6503599,192,0.7725889682769775
1569840206.1470938,193,0.7613530158996582
1569840206.6466856,194,0.7541354298591614
1569840207.1444423,195,0.7674781680107117
1569840207.654637,196,0.7517555952072144
1569840208.1515076,197,0.7688436508178711
1569840208.6514502,198,0.7485564947128296
1569840209.1576164,199,0.7888576984405518
