Wall time,Step,Value
1569840132.51289,0,0.19843749701976776
1569840133.0465388,1,0.3031249940395355
1569840133.5480542,2,0.2979166805744171
1569840134.053866,3,0.3109374940395355
1569840134.5498128,4,0.2645833194255829
1569840135.070313,5,0.32239583134651184
1569840135.5872538,6,0.3343749940395355
1569840136.0916255,7,0.3630208373069763
1569840136.613067,8,0.3421874940395355
1569840137.1247475,9,0.3395833373069763
1569840137.632747,10,0.35624998807907104
1569840138.1461165,11,0.33020833134651184
1569840138.6554086,12,0.34322917461395264
1569840139.1731303,13,0.3812499940395355
1569840139.672196,14,0.4234375059604645
1569840140.18424,15,0.3630208373069763
1569840140.6964867,16,0.4020833373069763
1569840141.2113013,17,0.4713541567325592
1569840141.7217424,18,0.5260416865348816
1569840142.2322626,19,0.6020833253860474
1569840142.7337523,20,0.5661458373069763
1569840143.2353356,21,0.6083333492279053
1569840143.7497275,22,0.6421874761581421
1569840144.264616,23,0.5276041626930237
1569840144.7690463,24,0.6473958492279053
1569840145.2810123,25,0.6526041626930237
1569840145.7995107,26,0.7708333134651184
1569840146.3082788,27,0.6869791746139526
1569840146.8187518,28,0.6119791865348816
1569840147.3335984,29,0.6682291626930237
1569840147.8424907,30,0.6682291626930237
1569840148.3567884,31,0.715624988079071
1569840148.8715281,32,0.6864583492279053
1569840149.388336,33,0.6468750238418579
1569840149.8997483,34,0.7364583611488342
1569840150.405798,35,0.7046874761581421
1569840150.914647,36,0.6510416865348816
1569840151.4219508,37,0.7364583611488342
1569840151.9259,38,0.6838541626930237
1569840152.4256248,39,0.706250011920929
1569840152.9281235,40,0.6770833134651184
1569840153.446039,41,0.6244791746139526
1569840153.9494736,42,0.6786458492279053
1569840154.456038,43,0.7192708253860474
1569840154.9639,44,0.6666666865348816
1569840155.4715028,45,0.746874988079071
1569840155.9851606,46,0.6812499761581421
1569840156.5137446,47,0.7166666388511658
1569840157.039656,48,0.6416666507720947
1569840157.564485,49,0.721875011920929
1569840158.089262,50,0.6994791626930237
1569840158.5992029,51,0.6901041865348816
1569840159.1176298,52,0.6598958373069763
1569840159.626543,53,0.7463541626930237
1569840160.1491504,54,0.8135416507720947
1569840160.666792,55,0.7401041388511658
1569840161.1802325,56,0.7463541626930237
1569840161.6896174,57,0.7505208253860474
1569840162.2069194,58,0.770312488079071
1569840162.718876,59,0.778124988079071
1569840163.2291074,60,0.7135416865348816
1569840163.7386734,61,0.7583333253860474
1569840164.245567,62,0.7479166388511658
1569840164.751481,63,0.7729166746139526
1569840165.2745886,64,0.7255208492279053
1569840165.7787454,65,0.7333333492279053
1569840166.3047655,66,0.7989583611488342
1569840166.830647,67,0.8083333373069763
1569840167.3593001,68,0.7067708373069763
1569840167.8765042,69,0.768750011920929
1569840168.4065738,70,0.7713541388511658
1569840168.932362,71,0.734375
1569840169.4466588,72,0.7947916388511658
1569840169.9769688,73,0.7223958373069763
1569840170.501862,74,0.734375
1569840171.0412905,75,0.7489583492279053
1569840171.581238,76,0.7885416746139526
1569840172.0974915,77,0.8291666507720947
1569840172.6179688,78,0.7791666388511658
1569840173.154172,79,0.801562488079071
1569840173.698435,80,0.7359374761581421
1569840174.2391047,81,0.7661458253860474
1569840174.786339,82,0.753125011920929
1569840175.3103085,83,0.8239583373069763
1569840175.8320315,84,0.8041666746139526
1569840176.3636146,85,0.7593749761581421
1569840176.9033043,86,0.7817708253860474
1569840177.421266,87,0.71875
1569840177.9471178,88,0.7661458253860474
1569840178.488798,89,0.7421875
1569840179.020645,90,0.809374988079071
1569840179.5418773,91,0.7817708253860474
1569840180.057099,92,0.8223958611488342
1569840180.565661,93,0.75
1569840181.0628612,94,0.8187500238418579
1569840181.5816193,95,0.784375011920929
1569840182.0962818,96,0.7869791388511658
1569840182.6012886,97,0.8187500238418579
1569840183.1060624,98,0.7593749761581421
1569840183.6174257,99,0.7973958253860474
1569840184.1297216,100,0.817187488079071
1569840184.633673,101,0.817187488079071
1569840185.1381295,102,0.8697916865348816
1569840185.6503708,103,0.8145833611488342
1569840186.1514592,104,0.7593749761581421
1569840186.6646392,105,0.807812511920929
1569840187.168718,106,0.7947916388511658
1569840187.68886,107,0.809374988079071
1569840188.2000904,108,0.7723958492279053
1569840188.7039144,109,0.7895833253860474
1569840189.2057326,110,0.7739583253860474
1569840189.7274923,111,0.734375
1569840190.2703383,112,0.8067708611488342
1569840190.7862442,113,0.7749999761581421
1569840191.3194091,114,0.75
1569840191.8569996,115,0.7645833492279053
1569840192.3963618,116,0.8317708373069763
1569840192.9391274,117,0.8223958611488342
1569840193.4769552,118,0.7697916626930237
1569840194.0109391,119,0.7317708134651184
1569840194.5477905,120,0.7265625
1569840195.0888796,121,0.800000011920929
1569840195.624723,122,0.7697916626930237
1569840196.1827435,123,0.7749999761581421
1569840196.7254314,124,0.7369791865348816
1569840197.2614498,125,0.809374988079071
1569840197.7959661,126,0.7473958134651184
1569840198.3219974,127,0.7973958253860474
1569840198.848177,128,0.800000011920929
1569840199.3821328,129,0.7645833492279053
1569840199.9378214,130,0.8067708611488342
1569840200.4908664,131,0.8526041507720947
1569840201.0344067,132,0.7723958492279053
1569840201.5749524,133,0.7947916388511658
1569840202.105197,134,0.8145833611488342
1569840202.6355205,135,0.7802083492279053
1569840203.1605887,136,0.7395833134651184
1569840203.6862993,137,0.7947916388511658
1569840204.1925879,138,0.7895833253860474
1569840204.6988242,139,0.817187488079071
1569840205.20269,140,0.7473958134651184
1569840205.7061636,141,0.7776041626930237
1569840206.2265444,142,0.7395833134651184
1569840206.7354965,143,0.807812511920929
1569840207.2425737,144,0.776562511920929
1569840207.7515051,145,0.800000011920929
1569840208.2587593,146,0.7541666626930237
1569840208.7618148,147,0.8145833611488342
1569840209.2632294,148,0.815625011920929
1569840209.7699008,149,0.7578125
1569840210.2721994,150,0.8052083253860474
1569840210.772289,151,0.792187511920929
1569840211.2821326,152,0.8526041507720947
1569840211.7995355,153,0.7947916388511658
1569840212.314372,154,0.7171875238418579
1569840212.834348,155,0.7645833492279053
1569840213.3521204,156,0.8473958373069763
1569840213.8579988,157,0.8119791746139526
1569840214.375255,158,0.792187511920929
1569840214.8793697,159,0.776562511920929
1569840215.3959315,160,0.7749999761581421
1569840215.902298,161,0.800000011920929
1569840216.420695,162,0.8067708611488342
1569840216.9357865,163,0.8380208611488342
1569840217.4415386,164,0.7828124761581421
1569840217.9602158,165,0.8265625238418579
1569840218.4747057,166,0.824999988079071
1569840218.990897,167,0.7776041626930237
1569840219.4956686,168,0.7671874761581421
1569840220.0087547,169,0.8369791507720947
1569840220.5126083,170,0.809374988079071
1569840221.0252388,171,0.8317708373069763
1569840221.5235844,172,0.8213541507720947
1569840222.0419233,173,0.8645833134651184
1569840222.5470855,174,0.8067708611488342
1569840223.0601797,175,0.8026041388511658
1569840223.5756373,176,0.8343750238418579
1569840224.0921376,177,0.7630208134651184
1569840224.6011887,178,0.7989583611488342
1569840225.1176176,179,0.7567708492279053
1569840225.6255834,180,0.7515624761581421
1569840226.1297495,181,0.7723958492279053
1569840226.6500082,182,0.7749999761581421
1569840227.1566203,183,0.7526041865348816
1569840227.6651814,184,0.8119791746139526
1569840228.1710193,185,0.7791666388511658
1569840228.6756291,186,0.875
1569840229.1831355,187,0.7645833492279053
1569840229.6906893,188,0.7869791388511658
1569840230.200425,189,0.8291666507720947
1569840230.7030265,190,0.8052083253860474
1569840231.2031736,191,0.8369791507720947
1569840231.717971,192,0.7197916507720947
1569840232.225467,193,0.8213541507720947
1569840232.7507863,194,0.8265625238418579
1569840233.2697024,195,0.8369791507720947
1569840233.7948515,196,0.7963541746139526
1569840234.3082955,197,0.7541666626930237
1569840234.8249006,198,0.7895833253860474
1569840235.3401177,199,0.7776041626930237
