Wall time,Step,Value
1569840240.1384223,0,0.16734038293361664
1569840240.6506393,1,0.26964136958122253
1569840241.14777,2,0.24927446246147156
1569840241.64058,3,0.2551824152469635
1569840242.123169,4,0.2795916199684143
1569840242.6032407,5,0.27508291602134705
1569840243.088092,6,0.3004249632358551
1569840243.5733204,7,0.30483001470565796
1569840244.0532446,8,0.28202736377716064
1569840244.5392992,9,0.24429933726787567
1569840245.01978,10,0.3034307658672333
1569840245.5107813,11,0.31825247406959534
1569840245.9918725,12,0.2711442708969116
1569840246.4727871,13,0.34960612654685974
1569840246.9534829,14,0.3560841679573059
1569840247.4338377,15,0.3977508246898651
1569840247.917235,16,0.4617537260055542
1569840248.40326,17,0.4979788661003113
1569840248.885921,18,0.47123757004737854
1569840249.3663425,19,0.5258603096008301
1569840249.8488123,20,0.500518262386322
1569840250.3334846,21,0.45076701045036316
1569840250.813157,22,0.5159100294113159
1569840251.2974253,23,0.531768262386322
1569840251.7790616,24,0.5391790866851807
1569840252.2638564,25,0.5128005743026733
1569840252.7473483,26,0.5466936230659485
1569840253.23313,27,0.5545709133148193
1569840253.7188804,28,0.5361732840538025
1569840254.2026236,29,0.572502076625824
1569840254.6833544,30,0.5709991455078125
1569840255.1679184,31,0.5803793668746948
1569840255.653829,32,0.572502076625824
1569840256.1383169,33,0.5824522972106934
1569840256.6211934,34,0.6197139024734497
1569840257.1023204,35,0.6236525774002075
1569840257.5828693,36,0.6330327391624451
1569840258.0718179,37,0.6186774373054504
1569840258.5540214,38,0.6196103096008301
1569840259.0372572,39,0.6351057291030884
1569840259.5207558,40,0.6708644032478333
1569840260.0032597,41,0.6355721354484558
1569840260.4833636,42,0.6618469953536987
1569840260.966484,43,0.6345356702804565
1569840261.4508612,44,0.6370750665664673
1569840261.9324892,45,0.6683250665664673
1569840262.4137602,46,0.6251554489135742
1569840262.900306,47,0.6687914729118347
1569840263.3835483,48,0.6633499264717102
1569840263.863287,49,0.6450559496879578
1569840264.3425395,50,0.6265547275543213
1569840264.8258903,51,0.6425166130065918
1569840265.3117032,52,0.6419464945793152
1569840265.7937708,53,0.6648527979850769
1569840266.2773037,54,0.6429830193519592
1569840266.7586873,55,0.6926305890083313
1569840267.243689,56,0.6792080998420715
1569840267.7292562,57,0.7030472755432129
1569840268.2150106,58,0.6782752871513367
1569840268.698149,59,0.669827938079834
1569840269.1856623,60,0.6827840209007263
1569840269.6885505,61,0.6827840209007263
1569840270.1738923,62,0.6683250665664673
1569840270.6532693,63,0.6782752871513367
1569840271.132914,64,0.6826803684234619
1569840271.6183531,65,0.6612769365310669
1569840272.10094,66,0.6717972755432129
1569840272.5837228,67,0.6802446246147156
1569840273.0730536,68,0.6687914729118347
1569840273.5613334,69,0.6991086006164551
1569840274.0463998,70,0.6961027979850769
1569840274.5289912,71,0.715536892414093
1569840275.0123205,72,0.6976057291030884
1569840275.4989848,73,0.7075559496879578
1569840275.983479,74,0.7419154047966003
1569840276.468703,75,0.6930969953536987
1569840276.9519112,76,0.701077938079834
1569840277.4377596,77,0.7165733575820923
1569840277.920911,78,0.7358001470565796
1569840278.402935,79,0.7025808691978455
1569840278.9034567,80,0.7124274373054504
1569840279.3837821,81,0.7165733575820923
1569840279.8638666,82,0.7273527979850769
1569840280.3508036,83,0.7393760085105896
1569840280.8337083,84,0.7377694845199585
1569840281.317674,85,0.7492226362228394
1569840281.8020341,86,0.7492226362228394
1569840282.2836297,87,0.7512956261634827
1569840282.7634618,88,0.7577736377716064
1569840283.2527454,89,0.73927241563797
1569840283.7426805,90,0.7234141826629639
1569840284.2280326,91,0.7686567306518555
1569840284.7115412,92,0.7626451253890991
1569840285.198713,93,0.7636815905570984
1569840285.6818664,94,0.7710924744606018
1569840286.166293,95,0.7631115317344666
1569840286.649089,96,0.7756011486053467
1569840287.1322281,97,0.7511919736862183
1569840287.6213121,98,0.7631115317344666
1569840288.1080372,99,0.7894900441169739
1569840288.588703,100,0.7552342414855957
1569840289.0787666,101,0.7626451253890991
1569840289.5675979,102,0.7442474961280823
1569840290.0531795,103,0.7785032987594604
1569840290.5367799,104,0.7680866718292236
1569840291.0258036,105,0.7959680557250977
1569840291.5109806,106,0.7825456261634827
1569840291.9963744,107,0.7938951253890991
1569840292.4824636,108,0.7695895433425903
1569840292.9659648,109,0.7830120325088501
1569840293.4517794,110,0.788919985294342
1569840293.9373457,111,0.7680866718292236
1569840294.421658,112,0.7894900441169739
1569840294.9068153,113,0.7914593815803528
1569840295.3935578,114,0.7536277174949646
1569840295.8758752,115,0.7557006478309631
1569840296.3590415,116,0.7541977763175964
1569840296.8408716,117,0.8108934760093689
1569840297.3221383,118,0.8029125332832336
1569840297.802568,119,0.7869506478309631
1569840298.2838585,120,0.8083540797233582
1569840298.763219,121,0.7914593815803528
1569840299.258816,122,0.7879871726036072
1569840299.7450733,123,0.7840484976768494
1569840300.2265632,124,0.7914593815803528
1569840300.7165015,125,0.77409827709198
1569840301.2024035,126,0.8033789396286011
1569840301.6862304,127,0.7999067306518555
1569840302.1718185,128,0.787520706653595
1569840302.655963,129,0.7745646834373474
1569840303.1488197,130,0.7433146834373474
1569840303.6398704,131,0.767153799533844
1569840304.1264825,132,0.7894900441169739
1569840304.6087296,133,0.7964345216751099
1569840305.097515,134,0.7825456261634827
1569840305.5929337,135,0.7914593815803528
1569840306.0826848,136,0.7820791602134705
1569840306.5726044,137,0.7929622530937195
1569840307.072203,138,0.7865878939628601
1569840307.5627859,139,0.77409827709198
1569840308.0601187,140,0.8038453459739685
1569840308.5466192,141,0.7800062298774719
1569840309.0423822,142,0.7938951253890991
1569840309.5320058,143,0.7775704860687256
1569840310.012577,144,0.7507255673408508
1569840310.499821,145,0.8137956261634827
1569840310.9817128,146,0.8077840209007263
1569840311.461581,147,0.778399646282196
1569840311.947369,148,0.7870543003082275
1569840312.4288323,149,0.7999067306518555
1569840312.9175713,150,0.8148320913314819
1569840313.4037287,151,0.7566335201263428
1569840313.8907712,152,0.7845149040222168
1569840314.3717473,153,0.7546641826629639
1569840314.8558352,154,0.7646144032478333
1569840315.3420238,155,0.7934287190437317
1569840315.828863,156,0.7680866718292236
1569840316.3381789,157,0.8168014287948608
1569840316.8290083,158,0.7919257879257202
1569840317.3411174,159,0.788557231426239
1569840317.8263698,160,0.784981369972229
1569840318.3108408,161,0.7765340209007263
1569840318.7976348,162,0.7899564504623413
1569840319.2809558,163,0.7870543003082275
1569840319.7664738,164,0.7869506478309631
1569840320.2737308,165,0.7938951253890991
1569840320.762593,166,0.794465184211731
1569840321.2474997,167,0.8133291602134705
1569840321.738682,168,0.7795398235321045
1569840322.2591,169,0.7830120325088501
1569840322.743673,170,0.7765340209007263
1569840323.2398062,171,0.7909929752349854
1569840323.7334387,172,0.7606757879257202
1569840324.228521,173,0.7894900441169739
1569840324.7170572,174,0.7854477763175964
1569840325.2011635,175,0.7899564504623413
1569840325.6869593,176,0.7884535789489746
1569840326.171557,177,0.7979373931884766
1569840326.658496,178,0.794465184211731
1569840327.139262,179,0.798403799533844
1569840327.622981,180,0.8059183359146118
1569840328.1032085,181,0.7790733575820923
1569840328.5832415,182,0.8038453459739685
1569840329.0682847,183,0.7760675549507141
1569840329.5516353,184,0.7969009280204773
1569840330.043241,185,0.799440324306488
1569840330.5232413,186,0.7914593815803528
1569840331.00302,187,0.7739946246147156
1569840331.4834108,188,0.7805762887001038
1569840331.9687655,189,0.8242122530937195
1569840332.457699,190,0.7914593815803528
1569840332.9514832,191,0.7914593815803528
1569840333.4326022,192,0.7795398235321045
1569840333.913381,193,0.7949315905570984
1569840334.411528,194,0.7636815905570984
1569840334.89368,195,0.7825456261634827
1569840335.3792884,196,0.7655472755432129
1569840335.870675,197,0.753731369972229
1569840336.3529627,198,0.7646144032478333
1569840336.8387847,199,0.7923921942710876
