Wall time,Step,Value
1569840240.1715622,0,0.14801746606826782
1569840240.6577203,1,0.2499159872531891
1569840241.1280553,2,0.3545866906642914
1569840241.5949786,3,0.3410618305206299
1569840242.0641298,4,0.3266128897666931
1569840242.533619,5,0.26856517791748047
1569840243.0037656,6,0.3109878897666931
1569840243.4627817,7,0.3240087330341339
1569840243.9227042,8,0.31426411867141724
1569840244.383942,9,0.316700279712677
1569840244.85123,10,0.31073588132858276
1569840245.31301,11,0.3261088728904724
1569840245.7726753,12,0.35290658473968506
1569840246.2307663,13,0.3496303856372833
1569840246.6876583,14,0.37424394488334656
1569840247.1480725,15,0.37634408473968506
1569840247.6052375,16,0.3389616906642914
1569840248.0649278,17,0.3453460931777954
1569840248.5252964,18,0.3384576737880707
1569840248.9861295,19,0.33518144488334656
1569840249.4416666,20,0.37373992800712585
1569840249.8973904,21,0.3550907373428345
1569840250.3575833,22,0.3656753897666931
1569840250.8171422,23,0.34198588132858276
1569840251.2733614,24,0.3865927457809448
1569840251.733828,25,0.31384408473968506
1569840252.1882806,26,0.3623991906642914
1569840252.6425002,27,0.3280409872531891
1569840253.1071177,28,0.33350133895874023
1569840253.5629003,29,0.35551074147224426
1569840254.0179312,30,0.34912633895874023
1569840254.4777849,31,0.36424732208251953
1569840254.9430246,32,0.34341397881507874
1569840255.4016545,33,0.36071908473968506
1569840255.8581753,34,0.34702619910240173
1569840256.3129818,35,0.3801243305206299
1569840256.7721708,36,0.31384408473968506
1569840257.2371366,37,0.34702619910240173
1569840257.6932018,38,0.39700940251350403
1569840258.1510723,39,0.42725133895874023
1569840258.6076367,40,0.511424720287323
1569840259.0652747,41,0.5199092626571655
1569840259.5259707,42,0.5135248899459839
1569840259.9852765,43,0.5324260592460632
1569840260.4425783,44,0.5688844323158264
1569840260.8981526,45,0.5779569745063782
1569840261.3597212,46,0.5940020084381104
1569840261.8168435,47,0.5892977118492126
1569840262.2752492,48,0.5572916865348816
1569840262.7329588,49,0.5779569745063782
1569840263.211809,50,0.5935819745063782
1569840263.6671262,51,0.5814852118492126
1569840264.123086,52,0.6184476017951965
1569840264.5781727,53,0.6181955933570862
1569840265.0353475,54,0.5916498899459839
1569840265.5020003,55,0.5852654576301575
1569840265.9580538,56,0.5933299660682678
1569840266.4161332,57,0.5627520084381104
1569840266.8717089,58,0.5904737710952759
1569840267.3304713,59,0.6034946441650391
1569840267.7883182,60,0.6167674660682678
1569840268.245638,61,0.6174395084381104
1569840268.7031884,62,0.5772009491920471
1569840269.156717,63,0.6288642287254333
1569840269.6275592,64,0.5745967626571655
1569840270.0851588,65,0.6456653475761414
1569840270.5417986,66,0.6201276779174805
1569840270.996951,67,0.6321404576301575
1569840271.4526176,68,0.6470934152603149
1569840271.912991,69,0.647849440574646
1569840272.3677967,70,0.6255040168762207
1569840272.8262925,71,0.6361727118492126
1569840273.2877908,72,0.6060987710952759
1569840273.745967,73,0.6392809152603149
1569840274.2041328,74,0.6482694745063782
1569840274.6630816,75,0.6349966526031494
1569840275.1227648,76,0.6210517287254333
1569840275.5783195,77,0.6176915168762207
1569840276.0382252,78,0.6560819745063782
1569840276.4962182,79,0.6309643983840942
1569840276.9564693,80,0.6144153475761414
1569840277.4181898,81,0.6373487710952759
1569840277.875399,82,0.6627184152603149
1569840278.3351226,83,0.6632224321365356
1569840278.7950726,84,0.6757392287254333
1569840279.2539706,85,0.686911940574646
1569840279.712362,86,0.6913642287254333
1569840280.1699772,87,0.688088059425354
1569840280.6268837,88,0.7046371102333069
1569840281.0823393,89,0.7132056355476379
1569840281.5373995,90,0.7022849321365356
1569840282.000722,91,0.6942204236984253
1569840282.461351,92,0.718161940574646
1569840282.92993,93,0.7089213728904724
1569840283.386519,94,0.7195900678634644
1569840283.8431168,95,0.7219421863555908
1569840284.2979705,96,0.7124496102333069
1569840284.7577815,97,0.7268985509872437
1569840285.2153974,98,0.7055611610412598
1569840285.6717656,99,0.7086693644523621
1569840286.1275558,100,0.7041330933570862
1569840286.587437,101,0.733786940574646
1569840287.0431857,102,0.725974440574646
1569840287.5076153,103,0.7043851017951965
1569840287.9706943,104,0.7058131694793701
1569840288.434601,105,0.7252184152603149
1569840288.8906353,106,0.7268985509872437
1569840289.3477159,107,0.7164818644523621
1569840289.8035192,108,0.7074933052062988
1569840290.2605038,109,0.7190860509872437
1569840290.717368,110,0.7378191947937012
1569840291.1777713,111,0.7283266186714172
1569840291.637018,112,0.7340389490127563
1569840292.0951033,113,0.7174059152603149
1569840292.5523443,114,0.7309308052062988
1569840293.0086038,115,0.7242943644523621
1569840293.465346,116,0.7245463728904724
1569840293.9252174,117,0.7190860509872437
1569840294.382245,118,0.7410954236984253
1569840294.8381958,119,0.7102654576301575
1569840295.297836,120,0.7274025678634644
1569840295.7553508,121,0.7323588728904724
1569840296.2123086,122,0.749411940574646
1569840296.6677554,123,0.7275705933570862
1569840297.127049,124,0.7207661271095276
1569840297.583092,125,0.7184139490127563
1569840298.0382476,126,0.7534441947937012
1569840298.4954457,127,0.7105174660682678
1569840298.9560776,128,0.7375671863555908
1569840299.413104,129,0.7231183052062988
1569840299.8681922,130,0.734963059425354
1569840300.3269536,131,0.7453796863555908
1569840300.78526,132,0.7396673560142517
1569840301.2462234,133,0.7321068644523621
1569840301.702454,134,0.7231183052062988
1569840302.172462,135,0.7202621102333069
1569840302.6330373,136,0.7121976017951965
1569840303.0968673,137,0.7112735509872437
1569840303.5600526,138,0.7358871102333069
1569840304.0183895,139,0.7421035170555115
1569840304.476139,140,0.7534441947937012
1569840304.9354851,141,0.7185819745063782
1569840305.3963726,142,0.7242943644523621
1569840305.8561327,143,0.7216901779174805
1569840306.3170922,144,0.7332829236984253
1569840306.7779846,145,0.7328628897666931
1569840307.23609,146,0.7465558052062988
1569840307.697702,147,0.7311828136444092
1569840308.1555717,148,0.7079132795333862
1569840308.6135104,149,0.7378191947937012
1569840309.068181,150,0.7347110509872437
1569840309.5253665,151,0.7453796863555908
1569840309.9829504,152,0.7586525678634644
1569840310.4368947,153,0.7442036271095276
1569840310.893153,154,0.7262264490127563
1569840311.3468423,155,0.7297546863555908
1569840311.8022797,156,0.7352150678634644
1569840312.2661495,157,0.7389953136444092
1569840312.7231545,158,0.7406753897666931
1569840313.1822832,159,0.7638608813285828
1569840313.638354,160,0.7600806355476379
1569840314.1016386,161,0.7652889490127563
1569840314.560573,162,0.7436996102333069
1569840315.0168803,163,0.7444556355476379
1569840315.4749784,164,0.7431955933570862
1569840315.9324675,165,0.7352150678634644
1569840316.388103,166,0.7280746102333069
1569840316.8421712,167,0.7268985509872437
1569840317.3024292,168,0.7384912371635437
1569840317.7569082,169,0.7300066947937012
1569840318.2268703,170,0.7669690847396851
1569840318.685023,171,0.7261424660682678
1569840319.1529846,172,0.7309308052062988
1569840319.6119828,173,0.7422714829444885
1569840320.0707223,174,0.7283266186714172
1569840320.5324125,175,0.7439516186714172
1569840320.9960728,176,0.7387433052062988
1569840321.452373,177,0.7408434152603149
1569840321.927219,178,0.757224440574646
1569840322.4013216,179,0.7436996102333069
1569840322.868801,180,0.7615087628364563
1569840323.3274024,181,0.7399193644523621
1569840323.785688,182,0.7458837628364563
1569840324.2425587,183,0.7387433052062988
1569840324.7017646,184,0.7655410170555115
1569840325.161717,185,0.7373151779174805
1569840325.6175678,186,0.7503360509872437
1569840326.103353,187,0.7487398982048035
1569840326.587638,188,0.7574764490127563
1569840327.0449772,189,0.734963059425354
1569840327.5052946,190,0.7401713728904724
1569840327.9651544,191,0.765036940574646
1569840328.4241178,192,0.7624328136444092
1569840328.9025476,193,0.7375671863555908
1569840329.3561559,194,0.7510920763015747
1569840329.8124945,195,0.7439516186714172
1569840330.267062,196,0.7615087628364563
1569840330.7252786,197,0.7600806355476379
1569840331.1861632,198,0.7615087628364563
1569840331.6513052,199,0.7520161271095276
