Wall time,Step,Value
1569840203.0451424,0,0.18565115332603455
1569840203.5564692,1,0.2636634111404419
1569840204.0573528,2,0.261904776096344
1569840204.5571938,3,0.2723214328289032
1569840205.0520017,4,0.3097041845321655
1569840205.5526059,5,0.3078553378582001
1569840206.0460162,6,0.3122294247150421
1569840206.5337806,7,0.33044731616973877
1569840207.0193121,8,0.3122294247150421
1569840207.505547,9,0.30095598101615906
1569840207.9906826,10,0.3573683202266693
1569840208.475783,11,0.36692821979522705
1569840208.9617593,12,0.36688312888145447
1569840209.44512,13,0.35380592942237854
1569840209.925386,14,0.3712121248245239
1569840210.405923,15,0.37463924288749695
1569840210.8909013,16,0.4397096037864685
1569840211.3708239,17,0.4682990610599518
1569840211.858513,18,0.47700217366218567
1569840212.3459513,19,0.5689935088157654
1569840212.8260782,20,0.5810335278511047
1569840213.3058624,21,0.5516324043273926
1569840213.7884195,22,0.5715638399124146
1569840214.2739422,23,0.5906385183334351
1569840214.7564435,24,0.5932088494300842
1569840215.241395,25,0.5662878751754761
1569840215.7214093,26,0.6123286485671997
1569840216.212781,27,0.5966811180114746
1569840216.7071867,28,0.6071428656578064
1569840217.2025707,29,0.6054292917251587
1569840217.6964011,30,0.6227002143859863
1569840218.1903288,31,0.6088564395904541
1569840218.670967,32,0.6236020922660828
1569840219.1590793,33,0.6218434572219849
1569840219.6400783,34,0.6305014491081238
1569840220.1265316,35,0.6140422224998474
1569840220.6145015,36,0.6357323527336121
1569840221.1000745,37,0.6495310068130493
1569840221.5840237,38,0.6608946323394775
1569840222.0716379,39,0.6591811180114746
1569840222.5584083,40,0.6730700135231018
1569840223.0445495,41,0.6418200135231018
1569840223.529192,42,0.668695867061615
1569840224.019102,43,0.6322150230407715
1569840224.5059261,44,0.6730700135231018
1569840224.994722,45,0.6695977449417114
1569840225.479205,46,0.6920995712280273
1569840225.967864,47,0.6522817611694336
1569840226.4556718,48,0.6782106757164001
1569840226.9414134,49,0.648764431476593
1569840227.4246633,50,0.695571780204773
1569840227.9134848,51,0.6816828846931458
1569840228.4018922,52,0.648764431476593
1569840228.896349,53,0.662563145160675
1569840229.389618,54,0.6530483365058899
1569840229.8742793,55,0.6521915793418884
1569840230.3590984,56,0.6210317611694336
1569840230.844853,57,0.6340187788009644
1569840231.3320398,58,0.6539953351020813
1569840231.8247597,59,0.6253156661987305
1569840232.3105733,60,0.6781655550003052
1569840232.7954261,61,0.6713564395904541
1569840233.2791128,62,0.6782557964324951
1569840233.7664123,63,0.6774441003799438
1569840234.2491868,64,0.6747835278511047
1569840234.7308478,65,0.7059433460235596
1569840235.211588,66,0.6608946323394775
1569840235.7000535,67,0.6807810068130493
1569840236.1952872,68,0.6981872320175171
1569840236.6797059,69,0.6834415793418884
1569840237.1679585,70,0.6938582062721252
1569840237.6560097,71,0.7016594409942627
1569840238.1437712,72,0.713789701461792
1569840238.625265,73,0.7077020406723022
1569840239.1106944,74,0.7328643798828125
1569840239.5945666,75,0.7189754843711853
1569840240.0808957,76,0.7233495712280273
1569840240.5618367,77,0.7319625020027161
1569840241.0546124,78,0.7059884667396545
1569840241.5392659,79,0.7199675440788269
1569840242.0244951,80,0.711264431476593
1569840242.5064476,81,0.7389520406723022
1569840242.989967,82,0.7363816499710083
1569840243.4715333,83,0.7077922224998474
1569840243.9591026,84,0.7484667897224426
1569840244.445359,85,0.7371482849121094
1569840244.9292688,86,0.7328192591667175
1569840245.4145226,87,0.7398087978363037
1569840245.9019842,88,0.7276785969734192
1569840246.3913398,89,0.7476550936698914
1569840246.8753703,90,0.7467532753944397
1569840247.3638587,91,0.7259199023246765
1569840247.8487468,92,0.7441378235816956
1569840248.3307943,93,0.7554112672805786
1569840248.8145847,94,0.726821780204773
1569840249.295742,95,0.7025162577629089
1569840249.7790983,96,0.7440927028656006
1569840250.2646515,97,0.7493686676025391
1569840250.753437,98,0.7441378235816956
1569840251.2360985,99,0.7259650230407715
1569840251.7200198,100,0.7155483365058899
1569840252.2037585,101,0.7605970501899719
1569840252.691376,102,0.7493686676025391
1569840253.1746302,103,0.7441828846931458
1569840253.6607435,104,0.7510822415351868
1569840254.1500108,105,0.7597402334213257
1569840254.6343937,106,0.7649260759353638
1569840255.1207786,107,0.7458964586257935
1569840255.6061447,108,0.733721137046814
1569840256.0899968,109,0.7501803636550903
1569840256.5862236,110,0.7416125535964966
1569840257.07398,111,0.7588383555412292
1569840257.5603936,112,0.7588834762573242
1569840258.0444298,113,0.7389520406723022
1569840258.525369,114,0.7623556852340698
1569840259.0107453,115,0.7658730149269104
1569840259.494556,116,0.7267767190933228
1569840259.9852924,117,0.744994580745697
1569840260.4658563,118,0.7658730149269104
1569840260.9473374,119,0.7415674328804016
1569840261.430134,120,0.7744859457015991
1569840261.911525,121,0.7813853025436401
1569840262.3984907,122,0.7624008059501648
1569840262.8814769,123,0.7614538073539734
1569840263.3643897,124,0.7770111560821533
1569840263.8443465,125,0.8039772510528564
1569840264.3251038,126,0.7702020406723022
1569840264.8058963,127,0.7805284857749939
1569840265.2859697,128,0.7900883555412292
1569840265.7693753,129,0.7640241980552673
1569840266.251986,130,0.7511273622512817
1569840266.741208,131,0.776244580745697
1569840267.224489,132,0.783189058303833
1569840267.7116601,133,0.7710587978363037
1569840268.1951265,134,0.7883748412132263
1569840268.6753478,135,0.7814754843711853
1569840269.1606176,136,0.7822871804237366
1569840269.6646295,137,0.7571699023246765
1569840270.1463377,138,0.7770562767982483
1569840270.6259289,139,0.7719155550003052
1569840271.111626,140,0.7935606241226196
1569840271.5944116,141,0.7761995196342468
1569840272.0778563,142,0.7892767190933228
1569840272.563758,143,0.7771013975143433
1569840273.0509722,144,0.8083513975143433
1569840273.5353873,145,0.8048340678215027
1569840274.0200996,146,0.8091630339622498
1569840274.505753,147,0.7918470501899719
1569840274.996448,148,0.7711039185523987
1569840275.4785585,149,0.796221137046814
1569840275.9696805,150,0.7910804748535156
1569840276.4516585,151,0.8100649118423462
1569840276.934702,152,0.7814303636550903
1569840277.420572,153,0.7728174328804016
1569840277.9111495,154,0.8023087978363037
1569840278.4048789,155,0.783143937587738
1569840278.8957198,156,0.810019850730896
1569840279.3870592,157,0.7666847109794617
1569840279.8759546,158,0.7840006947517395
1569840280.3560467,159,0.7962662577629089
1569840280.83917,160,0.7874729633331299
1569840281.3252552,161,0.8048791289329529
1569840281.8064923,162,0.783189058303833
1569840282.293621,163,0.7987914681434631
1569840282.7809896,164,0.7944625020027161
1569840283.2618606,165,0.7866161465644836
1569840283.7461889,166,0.7892315983772278
1569840284.2311103,167,0.7788600325584412
1569840284.7158058,168,0.7796717286109924
1569840285.201562,169,0.8083062767982483
1569840285.6887252,170,0.8117784857749939
1569840286.1776342,171,0.7788600325584412
1569840286.6662705,172,0.8021734952926636
1569840287.155963,173,0.8101100325584412
1569840287.644737,174,0.8109667897224426
1569840288.1317692,175,0.8005501627922058
1569840288.6162636,176,0.8023087978363037
1569840289.1009462,177,0.8160623908042908
1569840289.585139,178,0.8066378235816956
1569840290.0717218,179,0.8057359457015991
1569840290.5558035,180,0.7927038073539734
1569840291.045828,181,0.8117784857749939
1569840291.530767,182,0.7797167897224426
1569840292.016081,183,0.810019850730896
1569840292.5015998,184,0.821293294429779
1569840292.9878526,185,0.758071780204773
1569840293.4717352,186,0.7987914681434631
1569840293.960335,187,0.7805736064910889
1569840294.45003,188,0.8013618588447571
1569840294.9468596,189,0.8126803636550903
1569840295.4314227,190,0.8065927028656006
1569840295.913637,191,0.7935606241226196
1569840296.4004245,192,0.8092532753944397
1569840296.8888466,193,0.8074495196342468
1569840297.374495,194,0.8187229633331299
1569840297.8597357,195,0.8074495196342468
1569840298.3433318,196,0.7996933460235596
1569840298.829884,197,0.7858044505119324
1569840299.3140666,198,0.8074495196342468
1569840299.795703,199,0.8109217286109924
