Wall time,Step,Value
1569840227.225537,0,0.2143605798482895
1569840227.712134,1,0.3161032497882843
1569840228.1798203,2,0.3542976975440979
1569840228.650991,3,0.34152254462242126
1569840229.1190703,4,0.3729690909385681
1569840229.5933018,5,0.3549528419971466
1569840230.059171,6,0.3786032497882843
1569840230.525035,7,0.3694968521595001
1569840231.0024858,8,0.32632339000701904
1569840231.4730709,9,0.3243579566478729
1569840231.934995,10,0.34302935004234314
1569840232.4019709,11,0.3627489507198334
1569840232.8651822,12,0.33674004673957825
1569840233.3331678,13,0.3577699065208435
1569840233.795459,14,0.32219600677490234
1569840234.2581656,15,0.3501703441143036
1569840234.7137084,16,0.3584250509738922
1569840235.167738,17,0.4007468521595001
1569840235.621481,18,0.47320494055747986
1569840236.077592,19,0.47949424386024475
1569840236.5307238,20,0.5081236958503723
1569840236.9956388,21,0.5122510194778442
1569840237.4535925,22,0.536556601524353
1569840237.907631,23,0.5450078845024109
1569840238.3632405,24,0.5044549107551575
1569840238.8191264,25,0.49751049280166626
1569840239.2764063,26,0.5127096176147461
1569840239.738055,27,0.5372117161750793
1569840240.1955543,28,0.5463181138038635
1569840240.6484776,29,0.5385220050811768
1569840241.1226313,30,0.5378668904304504
1569840241.5896046,31,0.5502489805221558
1569840242.0570538,32,0.5873296856880188
1569840242.5135918,33,0.5491352081298828
1569840242.978924,34,0.5812368988990784
1569840243.4466488,35,0.5615172982215881
1569840243.9113493,36,0.567806601524353
1569840244.3768604,37,0.5504454970359802
1569840244.8381405,38,0.6179245114326477
1569840245.3013208,39,0.5795335173606873
1569840245.764856,40,0.6018736958503723
1569840246.225923,41,0.6081629991531372
1569840246.6931555,42,0.5934224128723145
1569840247.1519191,43,0.6361373066902161
1569840247.6072476,44,0.6563155055046082
1569840248.0585258,45,0.6450471878051758
1569840248.5181036,46,0.6025288105010986
1569840248.9684935,47,0.6354821920394897
1569840249.4269707,48,0.6702044010162354
1569840249.8817945,49,0.6680424809455872
1569840250.3326788,50,0.6367924809455872
1569840250.7880201,51,0.6764937043190002
1569840251.2431974,52,0.6595911979675293
1569840251.6989176,53,0.6764937043190002
1569840252.1515274,54,0.6597877144813538
1569840252.6105094,55,0.6463574171066284
1569840253.0646787,56,0.6812762022018433
1569840253.531438,57,0.5975497961044312
1569840253.9996414,58,0.6617531180381775
1569840254.4721808,59,0.6491745114326477
1569840254.9418242,60,0.6381027102470398
1569840255.4103825,61,0.7118710875511169
1569840255.875679,62,0.6945099830627441
1569840256.3449583,63,0.7001441121101379
1569840256.8166237,64,0.7183569073677063
1569840257.2832851,65,0.6604428887367249
1569840257.7490256,66,0.6840932965278625
1569840258.2150335,67,0.7070885896682739
1569840258.6922126,68,0.6778039932250977
1569840259.1630864,69,0.6986373066902161
1569840259.62824,70,0.6914963126182556
1569840260.0976672,71,0.6840932965278625
1569840260.556646,72,0.7209774851799011
1569840261.0222607,73,0.7244496941566467
1569840261.4819155,74,0.6958202123641968
1569840261.9420164,75,0.7424659132957458
1569840262.4080908,76,0.7363731861114502
1569840262.874969,77,0.7118710875511169
1569840263.3473942,78,0.7439727187156677
1569840263.817059,79,0.6867138147354126
1569840264.2845602,80,0.663718581199646
1569840264.7519038,81,0.6778039932250977
1569840265.2238412,82,0.7348663806915283
1569840265.6913867,83,0.6923480033874512
1569840266.1582935,84,0.7188155055046082
1569840266.6333654,85,0.7315906882286072
1569840267.1014678,86,0.727266788482666
1569840267.5683262,87,0.7112159132957458
1569840268.033741,88,0.7600235939025879
1569840268.4987605,89,0.7396488189697266
1569840268.9632752,90,0.7222877144813538
1569840269.4271517,91,0.7285770177841187
1569840269.886155,92,0.7083988189697266
1569840270.3385751,93,0.7090539932250977
1569840270.7941513,94,0.7376834154129028
1569840271.257305,95,0.6968684196472168
1569840271.7162278,96,0.7027646899223328
1569840272.1684813,97,0.6749868988990784
1569840272.6315303,98,0.7083988189697266
1569840273.097358,99,0.7064334154129028
1569840273.5628266,100,0.709709107875824
1569840274.0272758,101,0.7298873066902161
1569840274.496146,102,0.7348663806915283
1569840274.9771087,103,0.7418107986450195
1569840275.4393141,104,0.7329009175300598
1569840275.900515,105,0.725104808807373
1569840276.3682132,106,0.736831784248352
1569840276.829685,107,0.7175052165985107
1569840277.2950382,108,0.7279219031333923
1569840277.7604172,109,0.7173087000846863
1569840278.2312932,110,0.7006027102470398
1569840278.6950324,111,0.6847484111785889
1569840279.1484373,112,0.7125262022018433
1569840279.601606,113,0.7090539932250977
1569840280.0570056,114,0.6999475955963135
1569840280.5117366,115,0.7543894052505493
1569840280.9754038,116,0.7335560917854309
1569840281.4335709,117,0.7752227187156677
1569840281.9034188,118,0.6999475955963135
1569840282.3735933,119,0.7439727187156677
1569840282.8420978,120,0.7019129991531372
1569840283.3085978,121,0.7494103908538818
1569840283.7770624,122,0.7606787085533142
1569840284.2435338,123,0.7760744094848633
1569840284.7082245,124,0.7773846983909607
1569840285.1635096,125,0.7871462106704712
1569840285.6180944,126,0.7682783007621765
1569840286.0715635,127,0.7695885896682739
1569840286.5287683,128,0.7737159132957458
1569840286.993314,129,0.7600235939025879
1569840287.463069,130,0.7765330076217651
1569840287.9331572,131,0.7841325998306274
1569840288.3973656,132,0.7912735939025879
1569840288.8590508,133,0.7613338828086853
1569840289.3130307,134,0.7808569073677063
1569840289.7730548,135,0.7528825998306274
1569840290.2262316,136,0.8023453950881958
1569840290.6858532,137,0.7884564995765686
1569840291.1551082,138,0.7292321920394897
1569840291.6177912,139,0.7598270177841187
1569840292.08193,140,0.7528825998306274
1569840292.543383,141,0.7969077825546265
1569840293.0076764,142,0.7431210875511169
1569840293.4731877,143,0.7730607986450195
1569840293.9372644,144,0.7667714953422546
1569840294.3903527,145,0.7403039932250977
1569840294.8458514,146,0.7891116142272949
1569840295.3015666,147,0.7988731861114502
1569840295.7585392,148,0.8030005097389221
1569840296.218575,149,0.7689334154129028
1569840296.6879802,150,0.7697851061820984
1569840297.1513367,151,0.8099449872970581
1569840297.6112335,152,0.7687368988990784
1569840298.0664318,153,0.7110193967819214
1569840298.5239387,154,0.7884564995765686
1569840298.9870265,155,0.7932389974594116
1569840299.446381,156,0.7522274851799011
1569840299.9003499,157,0.7591719031333923
1569840300.358104,158,0.8121069073677063
1569840300.8206553,159,0.7689334154129028
1569840301.296679,160,0.756354808807373
1569840301.75585,161,0.7689334154129028
1569840302.2197828,162,0.7973663806915283
1569840302.6863554,163,0.7878013849258423
1569840303.1488962,164,0.7967112064361572
1569840303.6027951,165,0.7919287085533142
1569840304.0571969,166,0.7695885896682739
1569840304.5086734,167,0.7767295837402344
1569840304.9734201,168,0.7967112064361572
1569840305.4285297,169,0.7856394052505493
1569840305.8919094,170,0.7325078845024109
1569840306.3441563,171,0.7862945199012756
1569840306.7980225,172,0.7919287085533142
1569840307.2522135,173,0.7982180118560791
1569840307.7120714,174,0.7737159132957458
1569840308.174047,175,0.7954009175300598
1569840308.6312058,176,0.7687368988990784
1569840309.087174,177,0.7919287085533142
1569840309.546293,178,0.7925838828086853
1569840310.0032833,179,0.7758778929710388
1569840310.4733279,180,0.7938941121101379
1569840310.944081,181,0.78282231092453
1569840311.4136548,182,0.81145179271698
1569840311.883314,183,0.7788915038108826
1569840312.3530977,184,0.8155791163444519
1569840312.8233862,185,0.789766788482666
1569840313.2939837,186,0.7954009175300598
1569840313.7588549,187,0.789766788482666
1569840314.2117612,188,0.8164308071136475
1569840314.6638997,189,0.8225235939025879
1569840315.118541,190,0.8051624894142151
1569840315.5716696,191,0.7886530160903931
1569840316.0257013,192,0.8275026082992554
1569840316.480481,193,0.8190513849258423
1569840316.9382255,194,0.8016902804374695
1569840317.395922,195,0.7906184196472168
1569840317.854141,196,0.8016902804374695
1569840318.3219457,197,0.8433569073677063
1569840318.7847142,198,0.7661163806915283
1569840319.2510877,199,0.7821671962738037
