Wall time,Step,Value
1569840096.0610726,0,0.14422425627708435
1569840096.5337431,1,0.3053014874458313
1569840096.9953067,2,0.3424796760082245
1569840097.458537,3,0.36619240045547485
1569840097.916859,4,0.3737296760082245
1569840098.3804302,5,0.39278456568717957
1569840098.8460546,6,0.3839769661426544
1569840099.3007019,7,0.42649051547050476
1569840099.7672246,8,0.4223407804965973
1569840100.2316382,9,0.4120088219642639
1569840100.691153,10,0.4112465977668762
1569840101.1623769,11,0.41310974955558777
1569840101.634711,12,0.4674796760082245
1569840102.1078715,13,0.4571476876735687
1569840102.581686,14,0.5023712515830994
1569840103.0456219,15,0.5168529748916626
1569840103.509043,16,0.544037938117981
1569840103.9739802,17,0.5904471278190613
1569840104.4406729,18,0.5781673192977905
1569840104.9014513,19,0.6350778937339783
1569840105.3652709,20,0.6443089246749878
1569840105.8280716,21,0.6216971278190613
1569840106.2886689,22,0.6604844331741333
1569840106.763068,23,0.6628556847572327
1569840107.224863,24,0.6362635493278503
1569840107.6909704,25,0.663279116153717
1569840108.148768,26,0.6859756112098694
1569840108.6085992,27,0.6883468627929688
1569840109.0714822,28,0.6725948452949524
1569840109.5310907,29,0.7051998376846313
1569840109.9891477,30,0.7045223712921143
1569840110.454308,31,0.675474226474762
1569840110.9260378,32,0.7091802358627319
1569840111.4106047,33,0.6686145067214966
1569840111.8795664,34,0.7079945802688599
1569840112.3535383,35,0.6802167892456055
1569840112.8379529,36,0.7154471278190613
1569840113.3067575,37,0.6847899556159973
1569840113.77394,38,0.727642297744751
1569840114.243792,39,0.7155318260192871
1569840114.7184174,40,0.7074017524719238
1569840115.1833103,41,0.7062160968780518
1569840115.6433344,42,0.6928353905677795
1569840116.1026053,43,0.7068089246749878
1569840116.5878227,44,0.7224763035774231
1569840117.079776,45,0.6981707215309143
1569840117.5740714,46,0.7323001623153687
1569840118.067737,47,0.720697820186615
1569840118.5543585,48,0.7247628569602966
1569840119.0491233,49,0.7311992049217224
1569840119.5382462,50,0.7138381004333496
1569840120.0343475,51,0.7364498376846313
1569840120.5179183,52,0.7380589246749878
1569840121.0114686,53,0.7283197641372681
1569840121.4958925,54,0.7467818260192871
1569840121.9758525,55,0.7497459053993225
1569840122.4622135,56,0.7368733286857605
1569840122.9428213,57,0.7455962300300598
1569840123.4143486,58,0.734078586101532
1569840123.929157,59,0.7619410753250122
1569840124.4130151,60,0.7368733286857605
1569840124.8946598,61,0.7630420327186584
1569840125.371982,62,0.7259485125541687
1569840125.8536682,63,0.7694783210754395
1569840126.3329656,64,0.747459352016449
1569840126.8002975,65,0.7345867156982422
1569840127.2715542,66,0.764735758304596
1569840127.7409954,67,0.7705792784690857
1569840128.204889,68,0.7891260385513306
1569840128.6625037,69,0.7705792784690857
1569840129.122311,70,0.7671070694923401
1569840129.584499,71,0.7583841681480408
1569840130.044802,72,0.7641429305076599
1569840130.5037348,73,0.7775236964225769
1569840130.9708931,74,0.7485603094100952
1569840131.4309006,75,0.7612635493278503
1569840131.897869,76,0.7827743887901306
1569840132.3634439,77,0.7792174816131592
1569840132.8242147,78,0.7780318260192871
1569840133.2808561,79,0.7606707215309143
1569840133.7469423,80,0.7676998376846313
1569840134.2064767,81,0.7856537699699402
1569840134.6669295,82,0.766514241695404
1569840135.1321666,83,0.7920054197311401
1569840135.599744,84,0.7989498376846313
1569840136.0581884,85,0.7606707215309143
1569840136.5260882,86,0.7764227390289307
1569840136.996487,87,0.7995426654815674
1569840137.4610295,88,0.764735758304596
1569840137.918835,89,0.7775236964225769
1569840138.38073,90,0.7770155668258667
1569840138.845958,91,0.7931910753250122
1569840139.3110027,92,0.7682079672813416
1569840139.788682,93,0.7868394255638123
1569840140.250102,94,0.7891260385513306
1569840140.707743,95,0.7925982475280762
1569840141.1644506,96,0.7844681739807129
1569840141.6283588,97,0.7682079672813416
1569840142.0879257,98,0.7850610017776489
1569840142.5475986,99,0.7809959053993225
1569840143.0067034,100,0.7728658318519592
1569840143.4620335,101,0.7907350659370422
1569840143.9231381,102,0.7560128569602966
1569840144.3859193,103,0.7705792784690857
1569840144.842246,104,0.7781165242195129
1569840145.3045528,105,0.7919207215309143
1569840145.7727323,106,0.7874322533607483
1569840146.2359092,107,0.7763381004333496
1569840146.6951594,108,0.7798103094100952
1569840147.1586208,109,0.7601625919342041
1569840147.6270692,110,0.772357702255249
1569840148.092525,111,0.7716802358627319
1569840148.561488,112,0.7931063771247864
1569840149.027619,113,0.7745596170425415
1569840149.4890642,114,0.7786246538162231
1569840149.9478722,115,0.7954776287078857
1569840150.4067383,116,0.7583841681480408
1569840150.8713436,117,0.772357702255249
1569840151.3382745,118,0.7909044623374939
1569840151.8041961,119,0.7920054197311401
1569840152.2678485,120,0.7868394255638123
1569840152.7271187,121,0.7995426654815674
1569840153.1856668,122,0.7549118995666504
1569840153.6462872,123,0.7670223712921143
1569840154.1110933,124,0.7850610017776489
1569840154.5745203,125,0.7827743887901306
1569840155.0358999,126,0.7745596170425415
1569840155.4952152,127,0.7751524448394775
1569840155.9561753,128,0.7479674816131592
1569840156.4206758,129,0.7635501623153687
1569840156.8887246,130,0.7896341681480408
1569840157.3582642,131,0.7885332107543945
1569840157.8285794,132,0.7693936228752136
1569840158.2935693,133,0.7972561120986938
1569840158.7537024,134,0.772273063659668
1569840159.217481,135,0.7897188067436218
1569840159.6812665,136,0.7891260385513306
1569840160.1476307,137,0.7711721062660217
1569840160.608087,138,0.7781165242195129
1569840161.0781567,139,0.765921413898468
1569840161.5515282,140,0.7874322533607483
1569840162.0236614,141,0.7827743887901306
1569840162.491076,142,0.7909044623374939
1569840162.9565883,143,0.7909044623374939
1569840163.4205816,144,0.7820968627929688
1569840163.878152,145,0.765921413898468
1569840164.349358,146,0.764735758304596
1569840164.8124928,147,0.7786246538162231
1569840165.272563,148,0.7833672165870667
1569840165.7389927,149,0.7624492049217224
1569840166.2098498,150,0.7705792784690857
1569840166.6758354,151,0.772357702255249
1569840167.1498647,152,0.7914972901344299
1569840167.6287842,153,0.7676151990890503
1569840168.1101153,154,0.7850610017776489
1569840168.58429,155,0.7792174816131592
1569840169.0586615,156,0.7815887331962585
1569840169.5286915,157,0.7891260385513306
1569840170.004267,158,0.7885332107543945
1569840170.481471,159,0.7833672165870667
1569840170.9665492,160,0.7734586596488953
1569840171.474467,161,0.7746443152427673
1569840171.945581,162,0.8070799708366394
1569840172.4167173,163,0.7879403829574585
1569840172.8965652,164,0.7757452726364136
1569840173.3776283,165,0.7954776287078857
1569840173.8660588,166,0.7618563771247864
1569840174.3491075,167,0.7711721062660217
1569840174.8212838,168,0.7710874080657959
1569840175.3037305,169,0.766514241695404
1569840175.796743,170,0.7694783210754395
1569840176.2815106,171,0.765921413898468
1569840176.7543364,172,0.7838753461837769
1569840177.2279112,173,0.7728658318519592
1569840177.699369,174,0.7747290134429932
1569840178.17152,175,0.7880250811576843
1569840178.6712713,176,0.7734586596488953
1569840179.138417,177,0.7583841681480408
1569840179.6079934,178,0.7595697641372681
1569840180.067189,179,0.7699864506721497
1569840180.5251555,180,0.7751524448394775
1569840180.9869447,181,0.7769308686256409
1569840181.446153,182,0.7914972901344299
1569840181.9107585,183,0.7763381004333496
1569840182.3736432,184,0.7705792784690857
1569840182.8326256,185,0.7879403829574585
1569840183.3018148,186,0.7896341681480408
1569840183.762196,187,0.7746443152427673
1569840184.2287424,188,0.7873475551605225
1569840184.688596,189,0.778709352016449
1569840185.1469865,190,0.7804031372070312
1569840185.6069038,191,0.7461889982223511
1569840186.0717146,192,0.7705792784690857
1569840186.5369484,193,0.790226936340332
1569840187.0068676,194,0.8064871430397034
1569840187.4653542,195,0.7873475551605225
1569840187.932407,196,0.7705792784690857
1569840188.3937728,197,0.7752371430397034
1569840188.8620913,198,0.7826896905899048
1569840189.3248432,199,0.764735758304596
