Wall time,Step,Value
1569840208.5429733,0,0.11412795633077621
1569840209.0428717,1,0.2699795067310333
1569840209.5279777,2,0.2699795067310333
1569840210.0157125,3,0.28933286666870117
1569840210.502804,4,0.27197176218032837
1569840210.9864933,5,0.2888205945491791
1569840211.4824052,6,0.3270719349384308
1569840211.9753318,7,0.2848929762840271
1569840212.4626617,8,0.33549636602401733
1569840212.9550784,9,0.33498406410217285
1569840213.4408398,10,0.3196152150630951
1569840213.9352775,11,0.34585610032081604
1569840214.4233012,12,0.34841758012771606
1569840214.911971,13,0.31460610032081604
1569840215.3970568,14,0.3682832419872284
1569840215.8776453,15,0.3513775169849396
1569840216.360983,16,0.3335041105747223
1569840216.8453708,17,0.33498406410217285
1569840217.3311713,18,0.3220628499984741
1569840217.8316317,19,0.3990209400653839
1569840218.3164485,20,0.440175324678421
1569840218.8020298,21,0.4932832419872284
1569840219.2965744,22,0.5270377993583679
1569840219.7910397,23,0.5444558262825012
1569840220.285364,24,0.5523679256439209
1569840220.776598,25,0.5265254974365234
1569840221.261172,26,0.5186133980751038
1569840221.7455883,27,0.5965391397476196
1569840222.230257,28,0.6124203205108643
1569840222.7252846,29,0.5478711128234863
1569840223.2122655,30,0.6064435243606567
1569840223.7013612,31,0.6089481115341187
1569840224.1837106,32,0.6297814249992371
1569840224.6823342,33,0.6456625461578369
1569840225.1717062,34,0.6302937269210815
1569840225.6570652,35,0.656591534614563
1569840226.145966,36,0.6421903371810913
1569840226.6364946,37,0.6396858096122742
1569840227.1216133,38,0.6724726557731628
1569840227.6084423,39,0.6401981115341187
1569840228.096587,40,0.6297814249992371
1569840228.5826535,41,0.6531193256378174
1569840229.0729504,42,0.5811133980751038
1569840229.5713928,43,0.5751935243606567
1569840230.0658321,44,0.5443989038467407
1569840230.5553808,45,0.5816256999969482
1569840231.042213,46,0.5890824198722839
1569840231.5317585,47,0.6059312224388123
1569840232.0209777,48,0.6352459192276001
1569840232.5118535,49,0.6317167282104492
1569840233.0052497,50,0.6407103538513184
1569840233.5029194,51,0.6466302275657654
1569840233.998173,52,0.6659836173057556
1569840234.486706,53,0.6814093589782715
1569840234.975758,54,0.6769125461578369
1569840235.4597383,55,0.6789048314094543
1569840235.9601297,56,0.7146516442298889
1569840236.4542196,57,0.6922814249992371
1569840236.9428453,58,0.7215960621833801
1569840237.447822,59,0.7230760455131531
1569840237.9327416,60,0.712147057056427
1569840238.4217134,61,0.7647996544837952
1569840238.9189444,62,0.7270605564117432
1569840239.41802,63,0.7230760455131531
1569840239.931974,64,0.7320127487182617
1569840240.4436212,65,0.750341534614563
1569840240.970541,66,0.7225637435913086
1569840241.487118,67,0.748406171798706
1569840241.9925349,68,0.7692395448684692
1569840242.5128355,69,0.7359972596168518
1569840243.0272107,70,0.7285405397415161
1569840243.5415256,71,0.7404371500015259
1569840244.0525656,72,0.7315004467964172
1569840244.5659912,73,0.7156193256378174
1569840245.0866466,74,0.720116138458252
1569840245.6070216,75,0.7295082211494446
1569840246.119232,76,0.7449339628219604
1569840246.632343,77,0.7493738532066345
1569840247.133653,78,0.744421660900116
1569840247.672493,79,0.7682718634605408
1569840248.1840007,80,0.7523906826972961
1569840248.6961453,81,0.7617827653884888
1569840249.2121816,82,0.7677595615386963
1569840249.7183182,83,0.7459016442298889
1569840250.2357216,84,0.7359972596168518
1569840250.754162,85,0.7439093589782715
1569840251.2637448,86,0.7037226557731628
1569840251.773864,87,0.7275159358978271
1569840252.286753,88,0.7151070237159729
1569840252.7929716,89,0.7682718634605408
1569840253.2961552,90,0.7315004467964172
1569840253.7922156,91,0.7364526391029358
1569840254.2936106,92,0.7359972596168518
1569840254.7890925,93,0.7617827653884888
1569840255.2884865,94,0.7354849576950073
1569840255.791268,95,0.7389571666717529
1569840256.2924783,96,0.7816484570503235
1569840256.7930744,97,0.7384449243545532
1569840257.2868557,98,0.7692395448684692
1569840257.7888803,99,0.7613273859024048
1569840258.2928314,100,0.7682718634605408
1569840258.7891505,101,0.7533583641052246
1569840259.2990236,102,0.7464139461517334
1569840259.8152087,103,0.744421660900116
1569840260.3294396,104,0.7702071666717529
1569840260.8288586,105,0.7577982544898987
1569840261.3337886,106,0.7320127487182617
1569840261.8395984,107,0.7672472596168518
1569840262.3486166,108,0.7588228583335876
1569840262.8741279,109,0.7583105564117432
1569840263.3815901,110,0.751366138458252
1569840263.892039,111,0.8020263910293579
1569840264.4043026,112,0.7548383474349976
1569840264.9189599,113,0.7672472596168518
1569840265.4315464,114,0.7295082211494446
1569840265.948995,115,0.7449339628219604
1569840266.4628189,116,0.7702071666717529
1569840266.9798288,117,0.774647057056427
1569840267.4980016,118,0.7717440724372864
1569840268.008126,119,0.781136155128479
1569840268.5301437,120,0.7995218634605408
1569840269.043809,121,0.7860883474349976
1569840269.5558088,122,0.7920651435852051
1569840270.072178,123,0.7791438698768616
1569840270.5864358,124,0.8044740557670593
1569840271.0991554,125,0.7771516442298889
1569840271.6188731,126,0.7925204634666443
1569840272.136728,127,0.7751593589782715
1569840272.6689253,128,0.8039617538452148
1569840273.1869538,129,0.7984972596168518
1569840273.7034848,130,0.7935450673103333
1569840274.2143004,131,0.8024817705154419
1569840274.7215285,132,0.8128984570503235
1569840275.2364764,133,0.7930327653884888
1569840275.7482824,134,0.8267873525619507
1569840276.2635388,135,0.8198997974395752
1569840276.7787826,136,0.7905851602554321
1569840277.2918963,137,0.7955373525619507
1569840277.8043609,138,0.786600649356842
1569840278.3205624,139,0.7980418801307678
1569840278.8344884,140,0.8238273859024048
1569840279.345,141,0.787056028842926
1569840279.8597786,142,0.8004895448684692
1569840280.370659,143,0.8094262480735779
1569840280.8681564,144,0.8148906826972961
1569840281.3742871,145,0.8010018467903137
1569840281.892694,146,0.7945127487182617
1569840282.4052408,147,0.7965050339698792
1569840282.9239538,148,0.7935450673103333
1569840283.4387782,149,0.7930327653884888
1569840283.9576204,150,0.7910405397415161
1569840284.476208,151,0.781136155128479
1569840284.9885337,152,0.7975295782089233
1569840285.5007858,153,0.7895605564117432
1569840286.0081387,154,0.7846083641052246
1569840286.5191896,155,0.7900728583335876
1569840287.0258331,156,0.818875253200531
1569840287.5265474,157,0.7727117538452148
1569840288.0239854,158,0.8024817705154419
1569840288.5300965,159,0.8029940724372864
1569840289.0296078,160,0.8044740557670593
1569840289.5327277,161,0.8079462647438049
1569840290.0421045,162,0.7980418801307678
1569840290.554014,163,0.7950250506401062
1569840291.0553749,164,0.7776639461517334
1569840291.557783,165,0.7920651435852051
1569840292.0727239,166,0.8024817705154419
1569840292.5822542,167,0.7836406826972961
1569840293.1038187,168,0.7895605564117432
1569840293.6353614,169,0.7925773859024048
1569840294.1598907,170,0.7696949243545532
1569840294.6899304,171,0.8099385499954224
1569840295.1974707,172,0.8173952698707581
1569840295.7245336,173,0.8238273859024048
1569840296.2364464,174,0.8015140891075134
1569840296.7493155,175,0.7860883474349976
1569840297.2611537,176,0.8089139461517334
1569840297.7635036,177,0.7855760455131531
1569840298.2575188,178,0.7617827653884888
1569840298.7679234,179,0.7895605564117432
1569840299.2786884,180,0.811930775642395
1569840299.813464,181,0.8044740557670593
1569840300.3125563,182,0.7940573692321777
1569840300.8168626,183,0.7990095615386963
1569840301.3151925,184,0.8084585666656494
1569840301.815334,185,0.779656171798706
1569840302.3193104,186,0.7543260455131531
1569840302.8270211,187,0.7915528416633606
1569840303.3242133,188,0.787056028842926
1569840303.8225615,189,0.7831284403800964
1569840304.3272796,190,0.7801684737205505
1569840304.8317275,191,0.7836406826972961
1569840305.3374267,192,0.7885928750038147
1569840305.8366656,193,0.7702071666717529
1569840306.336598,194,0.782616138458252
1569840306.831149,195,0.7940004467964172
1569840307.3301659,196,0.78011155128479
1569840307.8342607,197,0.7975295782089233
1569840308.3340871,198,0.7647427320480347
1569840308.8339963,199,0.813410758972168
