Wall time,Step,Value
1569840229.6760476,0,0.16039156913757324
1569840230.17858,1,0.31513553857803345
1569840230.6657581,2,0.39805054664611816
1569840231.1521842,3,0.4132362902164459
1569840231.633774,4,0.40976405143737793
1569840232.1177237,5,0.41541165113449097
1569840232.6106243,6,0.3547523319721222
1569840233.096682,7,0.3825301229953766
1569840233.5914972,8,0.41670849919319153
1569840234.0823205,9,0.3832831382751465
1569840234.566441,10,0.40662649273872375
1569840235.0510957,11,0.3964190185070038
1569840235.535934,12,0.3964190185070038
1569840236.0217497,13,0.3728664517402649
1569840236.5067155,14,0.3921937644481659
1569840236.993762,15,0.3407379388809204
1569840237.4796238,16,0.3975066840648651
1569840237.9644268,17,0.4062918424606323
1569840238.454462,18,0.4868222773075104
1569840238.9364147,19,0.5049363970756531
1569840239.4205227,20,0.5054802298545837
1569840239.9050608,21,0.5274012684822083
1569840240.3901722,22,0.5410810112953186
1569840240.8716278,23,0.5655956864356995
1569840241.356856,24,0.5487784743309021
1569840241.8361828,25,0.5896921157836914
1569840242.317087,26,0.6088939309120178
1569840242.8016677,27,0.6011964678764343
1569840243.2948496,28,0.6070532202720642
1569840243.7765217,29,0.6196452379226685
1569840244.2595756,30,0.6340779662132263
1569840244.7411504,31,0.6623995900154114
1569840245.2237864,32,0.6768323183059692
1569840245.706902,33,0.6647841334342957
1569840246.1895442,34,0.6417754292488098
1569840246.6736927,35,0.6722724437713623
1569840247.1568816,36,0.6923527717590332
1569840247.6445634,37,0.6912650465965271
1569840248.1270893,38,0.7208835482597351
1569840248.613108,39,0.6890897154808044
1569840249.096314,40,0.7086261510848999
1569840249.576701,41,0.7294595241546631
1569840250.06632,42,0.7120984196662903
1569840250.5540378,43,0.742595374584198
1569840251.0370347,44,0.6982095241546631
1569840251.5206294,45,0.7332664132118225
1569840252.006382,46,0.7380355000495911
1569840252.490483,47,0.7367386221885681
1569840252.9758525,48,0.7203397154808044
1569840253.461678,49,0.7471553087234497
1569840253.9440768,50,0.7455237507820129
1569840254.426146,51,0.7219712138175964
1569840254.9068334,52,0.7161144614219666
1569840255.3896914,53,0.7327225804328918
1569840255.8781908,54,0.743892252445221
1569840256.3691475,55,0.749539852142334
1569840256.8519135,56,0.7540997266769409
1569840257.3416905,57,0.7305471897125244
1569840257.8310943,58,0.7468206286430359
1569840258.3273041,59,0.751171350479126
1569840258.8115878,60,0.7289156913757324
1569840259.2975864,61,0.7500836849212646
1569840259.780388,62,0.7455237507820129
1569840260.2638123,63,0.7778614163398743
1569840260.745995,64,0.7559404373168945
1569840261.233138,65,0.7318440675735474
1569840261.717858,66,0.7588688135147095
1569840262.200335,67,0.7402108311653137
1569840262.6812398,68,0.7663571238517761
1569840263.1662147,69,0.7610442042350769
1569840263.6570597,70,0.7687416076660156
1569840264.1438885,71,0.7800368070602417
1569840264.6267247,72,0.7610442042350769
1569840265.114745,73,0.8045515418052673
1569840265.6014483,74,0.768197774887085
1569840266.084359,75,0.782421350479126
1569840266.5712729,76,0.7658132314682007
1569840267.0519292,77,0.7685324549674988
1569840267.5320199,78,0.7784053087234497
1569840268.0163584,79,0.7941348552703857
1569840268.505074,80,0.7650602459907532
1569840268.9866307,81,0.7861027717590332
1569840269.469613,82,0.7679886221885681
1569840269.9529212,83,0.7698293328285217
1569840270.4439435,84,0.784052848815918
1569840270.9270673,85,0.7797021269798279
1569840271.4107127,86,0.7760207653045654
1569840271.8922203,87,0.7842620611190796
1569840272.3769143,88,0.7933818697929382
1569840272.8603115,89,0.8025016784667969
1569840273.351624,90,0.7869812846183777
1569840273.8401408,91,0.7709169983863831
1569840274.3217218,92,0.7818775177001953
1569840274.8035238,93,0.8027108311653137
1569840275.2846854,94,0.7588688135147095
1569840275.7715986,95,0.7933818697929382
1569840276.2561173,96,0.7864373922348022
1569840276.736935,97,0.8163905739784241
1569840277.2256057,98,0.8014140129089355
1569840277.7157521,99,0.7848058938980103
1569840278.1958735,100,0.7663571238517761
1569840278.6815338,101,0.8101991415023804
1569840279.163751,102,0.7992386221885681
1569840279.6496074,103,0.782421350479126
1569840280.136184,104,0.8032546639442444
1569840280.6216323,105,0.7979417443275452
1569840281.1045277,106,0.8027108311653137
1569840281.5912561,107,0.8045515418052673
1569840282.0755446,108,0.8112868070602417
1569840282.564844,109,0.7973979115486145
1569840283.046578,110,0.8037985563278198
1569840283.5365481,111,0.8129183650016785
1569840284.0167696,112,0.8302794694900513
1569840284.5059671,113,0.810742974281311
1569840284.991254,114,0.7928380370140076
1569840285.4761791,115,0.8048862218856812
1569840285.9611316,116,0.8257195353507996
1569840286.4458148,117,0.7968540787696838
1569840286.9255314,118,0.8361362218856812
1569840287.4063404,119,0.8291917443275452
1569840287.890463,120,0.8014140129089355
1569840288.375021,121,0.805095374584198
1569840288.855688,122,0.8326640129089355
1569840289.3457754,123,0.819318950176239
1569840289.8268275,124,0.8281040787696838
1569840290.3089728,125,0.8085675835609436
1569840290.795536,126,0.8332078456878662
1569840291.2762458,127,0.8227911591529846
1569840291.7564158,128,0.8032546639442444
1569840292.239608,129,0.8332078456878662
1569840292.722182,130,0.8085675835609436
1569840293.2127326,131,0.8206157684326172
1569840293.706195,132,0.8511127829551697
1569840294.186404,133,0.8390645980834961
1569840294.6721203,134,0.8244227170944214
1569840295.1554437,135,0.8377677202224731
1569840295.6413708,136,0.8262633681297302
1569840296.1238658,137,0.8147590160369873
1569840296.6058886,138,0.7899096608161926
1569840297.0897214,139,0.8246318697929382
1569840297.5763159,140,0.820950448513031
1569840298.063971,141,0.812374472618103
1569840298.5467525,142,0.8240880370140076
1569840299.0312264,143,0.8147590160369873
1569840299.5210114,144,0.8096553087234497
1569840300.0061467,145,0.8337516784667969
1569840300.4890444,146,0.8366800546646118
1569840300.9716682,147,0.8240880370140076
1569840301.4596522,148,0.8129183650016785
1569840301.94549,149,0.850568950176239
1569840302.4313393,150,0.8339608311653137
1569840302.9117374,151,0.8112868070602417
1569840303.4020848,152,0.8041331768035889
1569840303.890673,153,0.8390645980834961
1569840304.373803,154,0.8003262877464294
1569840304.859642,155,0.7853497266769409
1569840305.343812,156,0.8198627829551697
1569840305.8302326,157,0.8204066157341003
1569840306.3139153,158,0.8246318697929382
1569840306.8005674,159,0.8257195353507996
1569840307.2871506,160,0.8198627829551697
1569840307.7702506,161,0.8441683650016785
1569840308.252203,162,0.8255103826522827
1569840308.7404957,163,0.8182312846183777
1569840309.2238092,164,0.8134621977806091
1569840309.7243369,165,0.8345046639442444
1569840310.2256029,166,0.8359270691871643
1569840310.7106106,167,0.8286479115486145
1569840311.1920738,168,0.8182312846183777
1569840311.6794531,169,0.8329986333847046
1569840312.1617372,170,0.8101991415023804
1569840312.6437566,171,0.8233349919319153
1569840313.1264703,172,0.8078145980834961
1569840313.6153047,173,0.8297356367111206
1569840314.0998397,174,0.8160558938980103
1569840314.5838223,175,0.8575133681297302
1569840315.0696783,176,0.7968540787696838
1569840315.5512736,177,0.8291917443275452
1569840316.0483623,178,0.8294009566307068
1569840316.5349846,179,0.8147590160369873
1569840317.0167327,180,0.8182312846183777
1569840317.5050554,181,0.8406960964202881
1569840317.9945443,182,0.8056392073631287
1569840318.4800313,183,0.8109521269798279
1569840318.9616637,184,0.8302794694900513
1569840319.4518826,185,0.8476405739784241
1569840319.936587,186,0.8206157684326172
1569840320.420655,187,0.8291917443275452
1569840320.905111,188,0.8353831768035889
1569840321.3901124,189,0.819318950176239
1569840321.891657,190,0.8131275177001953
1569840322.377875,191,0.8297356367111206
1569840322.8640385,192,0.8067269325256348
1569840323.3502975,193,0.8262633681297302
1569840323.8459072,194,0.8080237507820129
1569840324.3300755,195,0.8377677202224731
1569840324.8135421,196,0.8118306398391724
1569840325.2950268,197,0.8176873922348022
1569840325.7811854,198,0.8182312846183777
1569840326.2653766,199,0.8291917443275452
