Wall time,Step,Value
1569840126.681089,0,0.127976194024086
1569840127.2227592,1,0.2395833283662796
1569840127.733932,2,0.302827388048172
1569840128.2502496,3,0.285342276096344
1569840128.7763274,4,0.3404017984867096
1569840129.2970357,5,0.3255208432674408
1569840129.811282,6,0.3668154776096344
1569840130.342425,7,0.3656994104385376
1569840130.8905942,8,0.2920386791229248
1569840131.4144013,9,0.4055059552192688
1569840131.9391496,10,0.4921875
1569840132.4480126,11,0.5070684552192688
1569840132.976045,12,0.480654776096344
1569840133.498364,13,0.5126488208770752
1569840134.0431461,14,0.4609375
1569840134.5699265,15,0.46875
1569840135.095356,16,0.4665178656578064
1569840135.6140752,17,0.4858630895614624
1569840136.1420317,18,0.5126488208770752
1569840136.674979,19,0.5412946343421936
1569840137.1980603,20,0.5762648582458496
1569840137.7279897,21,0.5383184552192688
1569840138.2641315,22,0.5572916865348816
1569840138.7914667,23,0.5539434552192688
1569840139.314022,24,0.585565447807312
1569840139.8442035,25,0.5881696343421936
1569840140.3753562,26,0.6205357313156128
1569840140.8952172,27,0.5751488208770752
1569840141.4123526,28,0.5952380895614624
1569840141.9322896,29,0.6037946343421936
1569840142.4490433,30,0.644717276096344
1569840142.9740653,31,0.6063988208770752
1569840143.503853,32,0.6335565447807312
1569840144.0263946,33,0.6696428656578064
1569840144.546857,34,0.7142857313156128
1569840145.0706515,35,0.6581101417541504
1569840145.5989487,36,0.6361607313156128
1569840146.1238542,37,0.6220238208770752
1569840146.6445937,38,0.6659226417541504
1569840147.1593945,39,0.6748511791229248
1569840147.6838055,40,0.6938244104385376
1569840148.223247,41,0.6904761791229248
1569840148.7572377,42,0.6763392686843872
1569840149.2693226,43,0.6688988208770752
1569840149.7885141,44,0.7061011791229248
1569840150.3191874,45,0.7094494104385376
1569840150.8286874,46,0.6919642686843872
1569840151.3429968,47,0.722842276096344
1569840151.8564866,48,0.719122052192688
1569840152.391484,49,0.738467276096344
1569840152.9141588,50,0.7168898582458496
1569840153.4267437,51,0.7488839030265808
1569840153.9367893,52,0.7447916865348816
1569840154.4520018,53,0.7362351417541504
1569840154.9618115,54,0.7258184552192688
1569840155.484781,55,0.7116815447807312
1569840156.0083468,56,0.750372052192688
1569840156.527965,57,0.7157738208770752
1569840157.043882,58,0.7477678656578064
1569840157.57418,59,0.7042410969734192
1569840158.0952404,60,0.7689732313156128
1569840158.6170394,61,0.769345223903656
1569840159.1403537,62,0.758184552192688
1569840159.6651316,63,0.7682291865348816
1569840160.1893299,64,0.7734375
1569840160.7061067,65,0.7593005895614624
1569840161.233309,66,0.784970223903656
1569840161.761263,67,0.7235863208770752
1569840162.2853696,68,0.7570684552192688
1569840162.8021498,69,0.7477678656578064
1569840163.3252017,70,0.750372052192688
1569840163.8489108,71,0.7563244104385376
1569840164.378309,72,0.7645089030265808
1569840164.896415,73,0.7630208134651184
1569840165.419863,74,0.758184552192688
1569840165.927014,75,0.777529776096344
1569840166.432481,76,0.7827380895614624
1569840166.943675,77,0.7823660969734192
1569840167.4522996,78,0.7593005895614624
1569840167.9679086,79,0.7607886791229248
1569840168.4868999,80,0.7786458134651184
1569840168.9986289,81,0.8195684552192688
1569840169.5184004,82,0.7723214030265808
1569840170.0366256,83,0.8158482313156128
1569840170.5614543,84,0.769717276096344
1569840171.07926,85,0.8017113208770752
1569840171.58862,86,0.8158482313156128
1569840172.0971,87,0.7485119104385376
1569840172.6061995,88,0.7875744104385376
1569840173.1195078,89,0.8054315447807312
1569840173.6443017,90,0.784970223903656
1569840174.1619246,91,0.7723214030265808
1569840174.673308,92,0.7790178656578064
1569840175.1918566,93,0.7533482313156128
1569840175.706225,94,0.8102678656578064
1569840176.2224984,95,0.8080357313156128
1569840176.748911,96,0.7864583134651184
1569840177.2692337,97,0.800595223903656
1569840177.7912672,98,0.8046875
1569840178.3077688,99,0.773809552192688
1569840178.828546,100,0.7790178656578064
1569840179.345162,101,0.7901785969734192
1569840179.871249,102,0.7901785969734192
1569840180.3902466,103,0.8031994104385376
1569840180.9017723,104,0.8102678656578064
1569840181.42917,105,0.7786458134651184
1569840181.953209,106,0.8017113208770752
1569840182.4622,107,0.7875744104385376
1569840182.9928758,108,0.7879464030265808
1569840183.5251818,109,0.8095238208770752
1569840184.0486438,110,0.7645089030265808
1569840184.5781057,111,0.8028273582458496
1569840185.0968578,112,0.7979910969734192
1569840185.6167095,113,0.7864583134651184
1569840186.1222794,114,0.8046875
1569840186.6420038,115,0.78125
1569840187.1664238,116,0.8136160969734192
1569840187.6944044,117,0.804315447807312
1569840188.2212894,118,0.7790178656578064
1569840188.7266796,119,0.8028273582458496
1569840189.2457445,120,0.7786458134651184
1569840189.7642362,121,0.777157723903656
1569840190.28679,122,0.792782723903656
1569840190.8064725,123,0.7593005895614624
1569840191.324466,124,0.769717276096344
1569840191.8460917,125,0.7838541865348816
1569840192.3715456,126,0.7890625
1569840192.8942885,127,0.7938988208770752
1569840193.4234433,128,0.7607886791229248
1569840193.9490762,129,0.7938988208770752
1569840194.4668705,130,0.7723214030265808
1569840194.9944763,131,0.7819940447807312
1569840195.502604,132,0.7455357313156128
1569840196.0162492,133,0.7950148582458496
1569840196.5388033,134,0.7749255895614624
1569840197.0751371,135,0.7555803656578064
1569840197.6076965,136,0.8091517686843872
1569840198.138648,137,0.7898065447807312
1569840198.6560233,138,0.8017113208770752
1569840199.1846714,139,0.7938988208770752
1569840199.6969156,140,0.7790178656578064
1569840200.2193232,141,0.7712053656578064
1569840200.7413933,142,0.7764136791229248
1569840201.269723,143,0.7860863208770752
1569840201.7781065,144,0.769717276096344
1569840202.2969368,145,0.765625
1569840202.8181007,146,0.7715773582458496
1569840203.3384707,147,0.8106398582458496
1569840203.8570545,148,0.785342276096344
1569840204.3621168,149,0.7912946343421936
1569840204.87889,150,0.765625
1569840205.3875227,151,0.8028273582458496
1569840205.8966446,152,0.7514880895614624
1569840206.4143486,153,0.8147321343421936
1569840206.9316454,154,0.8028273582458496
1569840207.4576397,155,0.7991071343421936
1569840207.984364,156,0.796502947807312
1569840208.5218222,157,0.7823660969734192
1569840209.0465913,158,0.765997052192688
1569840209.5812943,159,0.7604166865348816
1569840210.1012173,160,0.8147321343421936
1569840210.6492796,161,0.8031994104385376
1569840211.1799495,162,0.8169642686843872
1569840211.7495444,163,0.7942708134651184
1569840212.31786,164,0.7905505895614624
1569840212.8598118,165,0.7726934552192688
1569840213.4072337,166,0.8158482313156128
1569840213.9635446,167,0.7760416865348816
1569840214.5095375,168,0.8080357313156128
1569840215.0531223,169,0.8031994104385376
1569840215.5949323,170,0.8351934552192688
1569840216.1376116,171,0.78125
1569840216.6807466,172,0.7979910969734192
1569840217.2228234,173,0.7976190447807312
1569840217.785907,174,0.7916666865348816
1569840218.3123138,175,0.7440476417541504
1569840218.9063659,176,0.7734375
1569840219.4575822,177,0.7723214030265808
1569840220.0067751,178,0.8069196343421936
1569840220.5390887,179,0.7686011791229248
1569840221.0541875,180,0.7645089030265808
1569840221.590856,181,0.7633928656578064
1569840222.1121507,182,0.7752976417541504
1569840222.6710782,183,0.7723214030265808
1569840223.1952267,184,0.7749255895614624
1569840223.718986,185,0.7898065447807312
1569840224.2379603,186,0.773065447807312
1569840224.7907763,187,0.7942708134651184
1569840225.350622,188,0.8106398582458496
1569840225.8928294,189,0.8028273582458496
1569840226.4352226,190,0.7593005895614624
1569840226.9663277,191,0.8147321343421936
1569840227.5125165,192,0.7522321343421936
1569840228.0523791,193,0.7797619104385376
1569840228.5752518,194,0.8065476417541504
1569840229.1139429,195,0.7979910969734192
1569840229.638287,196,0.7712053656578064
1569840230.1771507,197,0.8210565447807312
1569840230.6982791,198,0.7764136791229248
1569840231.2252312,199,0.7648809552192688
