Wall time,Step,Value
1569840188.5118628,0,0.125
1569840189.0254724,1,0.1848958283662796
1569840189.5182395,2,0.3098958432674408
1569840190.0062733,3,0.2526041567325592
1569840190.5011156,4,0.2942708432674408
1569840190.9873059,5,0.296875
1569840191.4698982,6,0.3567708432674408
1569840191.9768312,7,0.4427083432674408
1569840192.4808395,8,0.3984375
1569840192.9827769,9,0.3411458432674408
1569840193.4817705,10,0.3203125
1569840193.9815123,11,0.3489583432674408
1569840194.4771914,12,0.3854166567325592
1569840194.9727716,13,0.3411458432674408
1569840195.4639902,14,0.359375
1569840195.9615595,15,0.3776041567325592
1569840196.4662285,16,0.3463541567325592
1569840196.96562,17,0.4270833432674408
1569840197.4629104,18,0.4166666567325592
1569840197.9576654,19,0.5052083134651184
1569840198.447574,20,0.5078125
1569840198.9356518,21,0.5364583134651184
1569840199.416659,22,0.4869791567325592
1569840199.8999305,23,0.5859375
1569840200.3846247,24,0.5755208134651184
1569840200.8724296,25,0.5416666865348816
1569840201.3617558,26,0.5442708134651184
1569840201.8623993,27,0.6458333134651184
1569840202.3713007,28,0.5703125
1569840202.8712535,29,0.6744791865348816
1569840203.3717465,30,0.5625
1569840203.8660977,31,0.6875
1569840204.3673036,32,0.6744791865348816
1569840204.865814,33,0.7239583134651184
1569840205.3661008,34,0.6432291865348816
1569840205.862921,35,0.609375
1569840206.361601,36,0.6145833134651184
1569840206.8630202,37,0.6640625
1569840207.3636322,38,0.6510416865348816
1569840207.86177,39,0.7083333134651184
1569840208.3629785,40,0.6536458134651184
1569840208.8630905,41,0.703125
1569840209.3628235,42,0.6614583134651184
1569840209.8657057,43,0.640625
1569840210.3632014,44,0.7291666865348816
1569840210.8667223,45,0.7161458134651184
1569840211.366176,46,0.7213541865348816
1569840211.8697097,47,0.6901041865348816
1569840212.3724656,48,0.6953125
1569840212.8673968,49,0.6927083134651184
1569840213.3674996,50,0.7083333134651184
1569840213.8639908,51,0.7083333134651184
1569840214.3632176,52,0.6796875
1569840214.86347,53,0.6015625
1569840215.3583736,54,0.6953125
1569840215.8526464,55,0.6953125
1569840216.3458087,56,0.7083333134651184
1569840216.8343651,57,0.6848958134651184
1569840217.3220966,58,0.6536458134651184
1569840217.821171,59,0.6875
1569840218.3184152,60,0.6822916865348816
1569840218.8157856,61,0.6875
1569840219.3166027,62,0.7421875
1569840219.8158343,63,0.6848958134651184
1569840220.3161433,64,0.7239583134651184
1569840220.8233395,65,0.6614583134651184
1569840221.318144,66,0.6588541865348816
1569840221.816058,67,0.6666666865348816
1569840222.3230114,68,0.7682291865348816
1569840222.8215241,69,0.6223958134651184
1569840223.3172503,70,0.6875
1569840223.8154914,71,0.7239583134651184
1569840224.314315,72,0.671875
1569840224.8161414,73,0.7057291865348816
1569840225.3158536,74,0.6432291865348816
1569840225.8161557,75,0.7057291865348816
1569840226.3115695,76,0.7109375
1569840226.8061073,77,0.7578125
1569840227.3031178,78,0.703125
1569840227.8057373,79,0.7213541865348816
1569840228.306372,80,0.75
1569840228.8072133,81,0.6432291865348816
1569840229.3028002,82,0.765625
1569840229.8075092,83,0.6953125
1569840230.3060992,84,0.7135416865348816
1569840230.8079894,85,0.7395833134651184
1569840231.3059328,86,0.7135416865348816
1569840231.8075504,87,0.7395833134651184
1569840232.3177576,88,0.78125
1569840232.821418,89,0.7942708134651184
1569840233.3232672,90,0.8072916865348816
1569840233.823069,91,0.6901041865348816
1569840234.3173375,92,0.765625
1569840234.821367,93,0.6614583134651184
1569840235.3175368,94,0.7552083134651184
1569840235.8154762,95,0.6875
1569840236.3157358,96,0.7369791865348816
1569840236.812919,97,0.7421875
1569840237.3129861,98,0.7265625
1569840237.8158305,99,0.7291666865348816
1569840238.311587,100,0.7083333134651184
1569840238.806382,101,0.8046875
1569840239.307601,102,0.7369791865348816
1569840239.8066573,103,0.796875
1569840240.3061757,104,0.7421875
1569840240.803002,105,0.7786458134651184
1569840241.3083801,106,0.7786458134651184
1569840241.8061419,107,0.78125
1569840242.3124924,108,0.78125
1569840242.8161378,109,0.7135416865348816
1569840243.3161514,110,0.8151041865348816
1569840243.815439,111,0.765625
1569840244.3140545,112,0.8020833134651184
1569840244.8220818,113,0.7083333134651184
1569840245.3217213,114,0.734375
1569840245.820043,115,0.6770833134651184
1569840246.3217459,116,0.7057291865348816
1569840246.8213472,117,0.7760416865348816
1569840247.3183496,118,0.8307291865348816
1569840247.8173566,119,0.7161458134651184
1569840248.3191457,120,0.6848958134651184
1569840248.821387,121,0.703125
1569840249.3218377,122,0.8333333134651184
1569840249.8173196,123,0.7369791865348816
1569840250.3165345,124,0.8020833134651184
1569840250.8161283,125,0.7265625
1569840251.3160682,126,0.75
1569840251.808344,127,0.7473958134651184
1569840252.3114362,128,0.7630208134651184
1569840252.8140912,129,0.7526041865348816
1569840253.313108,130,0.671875
1569840253.8115606,131,0.7942708134651184
1569840254.313211,132,0.8046875
1569840254.8115456,133,0.7421875
1569840255.311488,134,0.765625
1569840255.8114793,135,0.7213541865348816
1569840256.311368,136,0.7708333134651184
1569840256.8055308,137,0.8385416865348816
1569840257.30275,138,0.7864583134651184
1569840257.8067336,139,0.765625
1569840258.3083866,140,0.7161458134651184
1569840258.8075852,141,0.7708333134651184
1569840259.3116224,142,0.7265625
1569840259.812669,143,0.7083333134651184
1569840260.3115432,144,0.7734375
1569840260.8126886,145,0.7135416865348816
1569840261.3124213,146,0.6354166865348816
1569840261.8076603,147,0.7838541865348816
1569840262.312066,148,0.8177083134651184
1569840262.8128989,149,0.7005208134651184
1569840263.3118901,150,0.7708333134651184
1569840263.8160949,151,0.8229166865348816
1569840264.3128357,152,0.7369791865348816
1569840264.8114674,153,0.7578125
1569840265.311705,154,0.7942708134651184
1569840265.8173618,155,0.7890625
1569840266.3161488,156,0.6510416865348816
1569840266.8127866,157,0.8020833134651184
1569840267.3129344,158,0.7265625
1569840267.8131971,159,0.8203125
1569840268.3129914,160,0.8098958134651184
1569840268.8084805,161,0.7682291865348816
1569840269.3058589,162,0.7473958134651184
1569840269.8079903,163,0.7552083134651184
1569840270.3022852,164,0.734375
1569840270.7877088,165,0.7786458134651184
1569840271.2765222,166,0.8203125
1569840271.7727811,167,0.78125
1569840272.2783527,168,0.8151041865348816
1569840272.7832804,169,0.8020833134651184
1569840273.28164,170,0.7421875
1569840273.7861075,171,0.6901041865348816
1569840274.2876184,172,0.7213541865348816
1569840274.792907,173,0.7552083134651184
1569840275.2925038,174,0.6901041865348816
1569840275.7962286,175,0.7213541865348816
1569840276.2975073,176,0.7708333134651184
1569840276.7978923,177,0.8072916865348816
1569840277.2977252,178,0.7578125
1569840277.7975175,179,0.8020833134651184
1569840278.3000972,180,0.7630208134651184
1569840278.8031077,181,0.8307291865348816
1569840279.3027313,182,0.7395833134651184
1569840279.80167,183,0.7265625
1569840280.3011608,184,0.6614583134651184
1569840280.797812,185,0.7005208134651184
1569840281.2912228,186,0.7239583134651184
1569840281.783146,187,0.7786458134651184
1569840282.2872183,188,0.7526041865348816
1569840282.7830036,189,0.7395833134651184
1569840283.285694,190,0.7682291865348816
1569840283.783762,191,0.7760416865348816
1569840284.284147,192,0.7786458134651184
1569840284.782984,193,0.6927083134651184
1569840285.2863457,194,0.7083333134651184
1569840285.7865217,195,0.7942708134651184
1569840286.291733,196,0.7057291865348816
1569840286.791706,197,0.7291666865348816
1569840287.2859833,198,0.7786458134651184
1569840287.7875037,199,0.7213541865348816
