Wall time,Step,Value
1569840227.2099445,0,0.1328125
1569840227.7393684,1,0.3020833432674408
1569840228.2517452,2,0.2109375
1569840228.7633455,3,0.4973958432674408
1569840229.264666,4,0.3619791567325592
1569840229.769093,5,0.2760416567325592
1569840230.2691548,6,0.3776041567325592
1569840230.764721,7,0.4088541567325592
1569840231.2780883,8,0.2786458432674408
1569840231.7911627,9,0.2708333432674408
1569840232.3076816,10,0.40625
1569840232.8347995,11,0.28125
1569840233.3535633,12,0.3854166567325592
1569840233.8513155,13,0.5442708134651184
1569840234.363577,14,0.2630208432674408
1569840234.8966908,15,0.2786458432674408
1569840235.4258657,16,0.5260416865348816
1569840235.959521,17,0.2786458432674408
1569840236.4651914,18,0.3802083432674408
1569840236.9879868,19,0.2760416567325592
1569840237.504953,20,0.421875
1569840238.0229626,21,0.2864583432674408
1569840238.5331924,22,0.3880208432674408
1569840239.0547667,23,0.4140625
1569840239.5686061,24,0.3671875
1569840240.092185,25,0.5
1569840240.6090503,26,0.4244791567325592
1569840241.1218283,27,0.4010416567325592
1569840241.6242352,28,0.3932291567325592
1569840242.164725,29,0.4348958432674408
1569840242.6834323,30,0.5755208134651184
1569840243.1992812,31,0.5729166865348816
1569840243.7194245,32,0.4557291567325592
1569840244.234405,33,0.59375
1569840244.738507,34,0.4661458432674408
1569840245.244398,35,0.46875
1569840245.7413018,36,0.6015625
1569840246.2447808,37,0.4739583432674408
1569840246.7454145,38,0.4869791567325592
1569840247.2457852,39,0.6067708134651184
1569840247.7552905,40,0.5885416865348816
1569840248.2676446,41,0.4895833432674408
1569840248.775849,42,0.6197916865348816
1569840249.2833748,43,0.4895833432674408
1569840249.7988734,44,0.4869791567325592
1569840250.3198242,45,0.484375
1569840250.8441582,46,0.4973958432674408
1569840251.3591182,47,0.4895833432674408
1569840251.8751023,48,0.7421875
1569840252.4093952,49,0.5104166865348816
1569840252.9246392,50,0.6432291865348816
1569840253.4324048,51,0.6354166865348816
1569840253.9342518,52,0.640625
1569840254.4364479,53,0.6276041865348816
1569840254.9420025,54,0.7734375
1569840255.4528573,55,0.4973958432674408
1569840255.9540274,56,0.6510416865348816
1569840256.4597492,57,0.6484375
1569840256.9599705,58,0.6354166865348816
1569840257.459732,59,0.5260416865348816
1569840257.960652,60,0.5442708134651184
1569840258.4694295,61,0.6588541865348816
1569840258.9725816,62,0.6640625
1569840259.480021,63,0.5260416865348816
1569840259.9892125,64,0.6458333134651184
1569840260.5006273,65,0.7864583134651184
1569840261.0017624,66,0.5390625
1569840261.5032523,67,0.5338541865348816
1569840262.0071378,68,0.671875
1569840262.5130928,69,0.5234375
1569840263.0162094,70,0.5520833134651184
1569840263.5201008,71,0.5182291865348816
1569840264.0206013,72,0.5442708134651184
1569840264.520006,73,0.5390625
1569840265.023016,74,0.6692708134651184
1569840265.5282955,75,0.6588541865348816
1569840266.0341253,76,0.5520833134651184
1569840266.5353239,77,0.6588541865348816
1569840267.0348618,78,0.6640625
1569840267.5357842,79,0.5598958134651184
1569840268.0364897,80,0.6822916865348816
1569840268.544915,81,0.6822916865348816
1569840269.0448153,82,0.5364583134651184
1569840269.544067,83,0.6822916865348816
1569840270.0493662,84,0.5651041865348816
1569840270.5558305,85,0.6744791865348816
1569840271.0645435,86,0.6666666865348816
1569840271.5705547,87,0.5546875
1569840272.0736895,88,0.6875
1569840272.5792718,89,0.5651041865348816
1569840273.0819697,90,0.5677083134651184
1569840273.581236,91,0.5677083134651184
1569840274.0883713,92,0.5546875
1569840274.5918696,93,0.6901041865348816
1569840275.0984974,94,0.6822916865348816
1569840275.6050248,95,0.7005208134651184
1569840276.1096365,96,0.6927083134651184
1569840276.6132517,97,0.5598958134651184
1569840277.1147342,98,0.6927083134651184
1569840277.6141374,99,0.5546875
1569840278.1210322,100,0.5651041865348816
1569840278.620222,101,0.6901041865348816
1569840279.1222205,102,0.7005208134651184
1569840279.6202807,103,0.6953125
1569840280.1196501,104,0.5625
1569840280.6188757,105,0.8177083134651184
1569840281.124758,106,0.5755208134651184
1569840281.6255584,107,0.5494791865348816
1569840282.1238792,108,0.5625
1569840282.6250193,109,0.5677083134651184
1569840283.1284397,110,0.5651041865348816
1569840283.6255405,111,0.5572916865348816
1569840284.127559,112,0.5807291865348816
1569840284.6245708,113,0.5546875
1569840285.1383364,114,0.5677083134651184
1569840285.6427968,115,0.5885416865348816
1569840286.154267,116,0.6666666865348816
1569840286.6559107,117,0.6979166865348816
1569840287.1585176,118,0.5572916865348816
1569840287.6640458,119,0.5625
1569840288.1583655,120,0.5572916865348816
1569840288.6442106,121,0.578125
1569840289.128941,122,0.5625
1569840289.618284,123,0.6875
1569840290.1090026,124,0.671875
1569840290.5938933,125,0.5807291865348816
1569840291.0884814,126,0.703125
1569840291.5790894,127,0.7942708134651184
1569840292.0636282,128,0.6953125
1569840292.554278,129,0.8098958134651184
1569840293.0479877,130,0.6875
1569840293.5436513,131,0.5598958134651184
1569840294.032278,132,0.5677083134651184
1569840294.5385554,133,0.5677083134651184
1569840295.036695,134,0.6901041865348816
1569840295.5337503,135,0.578125
1569840296.025308,136,0.5598958134651184
1569840296.5143542,137,0.6796875
1569840296.9998531,138,0.671875
1569840297.4924657,139,0.5572916865348816
1569840297.981562,140,0.6848958134651184
1569840298.469186,141,0.5677083134651184
1569840298.9547446,142,0.6770833134651184
1569840299.447891,143,0.5494791865348816
1569840299.9386048,144,0.6848958134651184
1569840300.4326422,145,0.546875
1569840300.9225645,146,0.7057291865348816
1569840301.4267592,147,0.5598958134651184
1569840301.9172995,148,0.59375
1569840302.4109323,149,0.6953125
1569840302.8977773,150,0.5572916865348816
1569840303.389054,151,0.5651041865348816
1569840303.8793108,152,0.5546875
1569840304.369586,153,0.5807291865348816
1569840304.8549714,154,0.6979166865348816
1569840305.3474007,155,0.6875
1569840305.838091,156,0.7005208134651184
1569840306.327825,157,0.5546875
1569840306.824852,158,0.5651041865348816
1569840307.3116076,159,0.6770833134651184
1569840307.7998714,160,0.5651041865348816
1569840308.2884107,161,0.5364583134651184
1569840308.7791202,162,0.828125
1569840309.2728572,163,0.8151041865348816
1569840309.7698255,164,0.5494791865348816
1569840310.2782419,165,0.5651041865348816
1569840310.7641904,166,0.7994791865348816
1569840311.2541788,167,0.5625
1569840311.7437763,168,0.6822916865348816
1569840312.2328153,169,0.8229166865348816
1569840312.722795,170,0.5572916865348816
1569840313.2098703,171,0.6848958134651184
1569840313.6943521,172,0.5572916865348816
1569840314.181907,173,0.5625
1569840314.6716273,174,0.5625
1569840315.177912,175,0.5546875
1569840315.6642292,176,0.6901041865348816
1569840316.157401,177,0.5729166865348816
1569840316.6498187,178,0.53125
1569840317.1394246,179,0.6901041865348816
1569840317.6294894,180,0.5625
1569840318.136966,181,0.546875
1569840318.6589522,182,0.6901041865348816
1569840319.1481876,183,0.5651041865348816
1569840319.6390374,184,0.5651041865348816
1569840320.139734,185,0.5598958134651184
1569840320.6433134,186,0.7083333134651184
1569840321.1397388,187,0.5494791865348816
1569840321.6543367,188,0.5807291865348816
1569840322.1396372,189,0.5677083134651184
1569840322.6289597,190,0.5677083134651184
1569840323.146015,191,0.5520833134651184
1569840323.6388464,192,0.5729166865348816
1569840324.1316895,193,0.6796875
1569840324.62465,194,0.5520833134651184
1569840325.1437073,195,0.5598958134651184
1569840325.6390448,196,0.5338541865348816
1569840326.1395037,197,0.5598958134651184
1569840326.6323225,198,0.5729166865348816
1569840327.1239572,199,0.5520833134651184
