Wall time,Step,Value
1569840113.315463,0,0.1681547611951828
1569840113.807441,1,0.2566964328289032
1569840114.2792373,2,0.2730654776096344
1569840114.7531374,3,0.3645833432674408
1569840115.2305884,4,0.3597470223903656
1569840115.7075336,5,0.4170386791229248
1569840116.1856673,6,0.4304315447807312
1569840116.6591554,7,0.4196428656578064
1569840117.1371856,8,0.3597470223903656
1569840117.6125057,9,0.392485111951828
1569840118.0890932,10,0.3601190447807312
1569840118.561111,11,0.379092276096344
1569840119.0330377,12,0.3883928656578064
1569840119.505687,13,0.3627232015132904
1569840119.9771638,14,0.394345223903656
1569840120.4506924,15,0.3876488208770752
1569840120.9283307,16,0.3917410671710968
1569840121.408782,17,0.3954613208770752
1569840121.8855338,18,0.3928571343421936
1569840122.3585966,19,0.3738839328289032
1569840122.8320096,20,0.3843005895614624
1569840123.3016953,21,0.3962053656578064
1569840123.779199,22,0.369047611951828
1569840124.2548897,23,0.433407723903656
1569840124.72133,24,0.4732142984867096
1569840125.192178,25,0.4929315447807312
1569840125.6614196,26,0.5055803656578064
1569840126.1389022,27,0.5398065447807312
1569840126.613547,28,0.5814732313156128
1569840127.0851293,29,0.5762648582458496
1569840127.5572941,30,0.5632440447807312
1569840128.0287032,31,0.5219494104385376
1569840128.490527,32,0.5877976417541504
1569840128.9523933,33,0.574404776096344
1569840129.417101,34,0.5487351417541504
1569840129.8768659,35,0.5751488208770752
1569840130.3409941,36,0.5528273582458496
1569840130.8058407,37,0.5703125
1569840131.2711825,38,0.5956101417541504
1569840131.7384858,39,0.5710565447807312
1569840132.208287,40,0.570684552192688
1569840132.680576,41,0.5985863208770752
1569840133.1479187,42,0.574032723903656
1569840133.620415,43,0.5952380895614624
1569840134.0876431,44,0.6194196343421936
1569840134.557111,45,0.5993303656578064
1569840135.0185978,46,0.6276041865348816
1569840135.4833875,47,0.636904776096344
1569840135.9462214,48,0.59375
1569840136.4182732,49,0.6499255895614624
1569840136.8941016,50,0.6424851417541504
1569840137.3671281,51,0.5911458134651184
1569840137.8369832,52,0.6238839030265808
1569840138.3078346,53,0.6551339030265808
1569840138.7814953,54,0.6037946343421936
1569840139.247605,55,0.6625744104385376
1569840139.7110817,56,0.6536458134651184
1569840140.17359,57,0.6726190447807312
1569840140.6395328,58,0.6685267686843872
1569840141.1188846,59,0.6629464030265808
1569840141.597691,60,0.6778273582458496
1569840142.0628567,61,0.7094494104385376
1569840142.5336487,62,0.6618303656578064
1569840143.0101054,63,0.6982886791229248
1569840143.4854224,64,0.7131696343421936
1569840143.9521472,65,0.6629464030265808
1569840144.43044,66,0.6845238208770752
1569840144.9026706,67,0.668154776096344
1569840145.371275,68,0.6670386791229248
1569840145.8374703,69,0.6376488208770752
1569840146.3012614,70,0.6458333134651184
1569840146.768735,71,0.609747052192688
1569840147.2310643,72,0.6197916865348816
1569840147.6924143,73,0.6153273582458496
1569840148.1604123,74,0.656622052192688
1569840148.630671,75,0.6655505895614624
1569840149.1086648,76,0.6804315447807312
1569840149.5832844,77,0.7001488208770752
1569840150.0647445,78,0.6934523582458496
1569840150.540124,79,0.6796875
1569840151.0151408,80,0.671875
1569840151.488651,81,0.7012648582458496
1569840151.964593,82,0.707217276096344
1569840152.4372883,83,0.7064732313156128
1569840152.9130852,84,0.7217261791229248
1569840153.3853056,85,0.695684552192688
1569840153.8585382,86,0.734375
1569840154.3374755,87,0.7276785969734192
1569840154.8166058,88,0.7075892686843872
1569840155.2904413,89,0.7217261791229248
1569840155.7750568,90,0.7139136791229248
1569840156.2546933,91,0.7061011791229248
1569840156.7285674,92,0.7247023582458496
1569840157.204304,93,0.7455357313156128
1569840157.673141,94,0.738095223903656
1569840158.143935,95,0.6979166865348816
1569840158.6192148,96,0.7295386791229248
1569840159.0927365,97,0.7332589030265808
1569840159.5644875,98,0.7265625
1569840160.0376763,99,0.7247023582458496
1569840160.508875,100,0.6979166865348816
1569840160.985373,101,0.741815447807312
1569840161.4653823,102,0.7451636791229248
1569840161.9373093,103,0.7038690447807312
1569840162.4078667,104,0.7061011791229248
1569840162.8802412,105,0.714657723903656
1569840163.342485,106,0.7079613208770752
1569840163.8105853,107,0.7247023582458496
1569840164.2722542,108,0.757440447807312
1569840164.7333615,109,0.7116815447807312
1569840165.1976128,110,0.7276785969734192
1569840165.6720219,111,0.7373511791229248
1569840166.144409,112,0.7366071343421936
1569840166.6167176,113,0.6968005895614624
1569840167.083462,114,0.6841517686843872
1569840167.551479,115,0.7291666865348816
1569840168.0265563,116,0.710565447807312
1569840168.4948883,117,0.7295386791229248
1569840168.9586017,118,0.7295386791229248
1569840169.430463,119,0.7090773582458496
1569840169.9083114,120,0.7596726417541504
1569840170.383533,121,0.7220982313156128
1569840170.8592594,122,0.7057291865348816
1569840171.3350809,123,0.742559552192688
1569840171.8072424,124,0.7180059552192688
1569840172.2832348,125,0.753720223903656
1569840172.759005,126,0.7526041865348816
1569840173.2373958,127,0.7403273582458496
1569840173.7092366,128,0.7481398582458496
1569840174.187238,129,0.7406994104385376
1569840174.6791663,130,0.7436755895614624
1569840175.155044,131,0.746279776096344
1569840175.6270535,132,0.7875744104385376
1569840176.1012313,133,0.7611607313156128
1569840176.574399,134,0.7436755895614624
1569840177.0464313,135,0.7726934552192688
1569840177.5187154,136,0.7533482313156128
1569840177.9930408,137,0.758184552192688
1569840178.4622362,138,0.7436755895614624
1569840178.9346066,139,0.7392113208770752
1569840179.401661,140,0.7566964030265808
1569840179.8745728,141,0.7622767686843872
1569840180.341994,142,0.7622767686843872
1569840180.8125105,143,0.7473958134651184
1569840181.2889214,144,0.7745535969734192
1569840181.7633536,145,0.7488839030265808
1569840182.2383397,146,0.7827380895614624
1569840182.7091358,147,0.7626488208770752
1569840183.183573,148,0.7354910969734192
1569840183.6521463,149,0.7429315447807312
1569840184.1301453,150,0.7555803656578064
1569840184.6071694,151,0.7678571343421936
1569840185.0872426,152,0.8080357313156128
1569840185.5644214,153,0.7600446343421936
1569840186.049711,154,0.7585565447807312
1569840186.5328472,155,0.7455357313156128
1569840187.001193,156,0.777157723903656
1569840187.4773479,157,0.7741815447807312
1569840187.9495628,158,0.7678571343421936
1569840188.424763,159,0.754092276096344
1569840188.8984087,160,0.7793898582458496
1569840189.370969,161,0.7998511791229248
1569840189.8429525,162,0.7831101417541504
1569840190.3186548,163,0.7645089030265808
1569840190.7931173,164,0.7723214030265808
1569840191.2692952,165,0.7667410969734192
1569840191.750411,166,0.7559523582458496
1569840192.228591,167,0.7864583134651184
1569840192.7021623,168,0.7838541865348816
1569840193.177207,169,0.7790178656578064
1569840193.6534145,170,0.7875744104385376
1569840194.128837,171,0.7994791865348816
1569840194.6074336,172,0.7994791865348816
1569840195.078512,173,0.7589285969734192
1569840195.553823,174,0.7481398582458496
1569840196.0388517,175,0.781622052192688
1569840196.5130968,176,0.769717276096344
1569840196.991395,177,0.7477678656578064
1569840197.4650066,178,0.7950148582458496
1569840197.9393842,179,0.7633928656578064
1569840198.418343,180,0.777529776096344
1569840198.8893256,181,0.8054315447807312
1569840199.3512607,182,0.7983630895614624
1569840199.8155599,183,0.753720223903656
1569840200.2758174,184,0.7875744104385376
1569840200.7385824,185,0.7868303656578064
1569840201.205895,186,0.7842261791229248
1569840201.6774883,187,0.7901785969734192
1569840202.1519308,188,0.765625
1569840202.6238248,189,0.8035714030265808
1569840203.0870612,190,0.8020833134651184
1569840203.5489933,191,0.8110119104385376
1569840204.013708,192,0.7645089030265808
1569840204.4790914,193,0.7831101417541504
1569840204.9425986,194,0.792782723903656
1569840205.4074972,195,0.7700892686843872
1569840205.8783653,196,0.8002232313156128
1569840206.3468232,197,0.8270089030265808
1569840206.811016,198,0.7857142686843872
1569840207.2732713,199,0.7678571343421936
