Wall time,Step,Value
1569840120.8827584,0,0.2100694477558136
1569840121.3945975,1,0.3107638955116272
1569840121.8810434,2,0.3315972089767456
1569840122.3681026,3,0.2986111044883728
1569840122.8601847,4,0.3142361044883728
1569840123.3434987,5,0.3506944477558136
1569840123.8289385,6,0.3298611044883728
1569840124.3130443,7,0.328125
1569840124.8073423,8,0.2986111044883728
1569840125.2950544,9,0.3246527910232544
1569840125.7875717,10,0.3732638955116272
1569840126.2736127,11,0.3472222089767456
1569840126.7629588,12,0.3385416567325592
1569840127.2472777,13,0.3628472089767456
1569840127.7321618,14,0.3506944477558136
1569840128.2135334,15,0.3142361044883728
1569840128.6989126,16,0.3229166567325592
1569840129.183539,17,0.4270833432674408
1569840129.6725986,18,0.4652777910232544
1569840130.1566725,19,0.5086805820465088
1569840130.6475668,20,0.5486111044883728
1569840131.136745,21,0.5659722089767456
1569840131.6232336,22,0.5364583134651184
1569840132.1077151,23,0.5746527910232544
1569840132.5915635,24,0.5920138955116272
1569840133.0832286,25,0.5850694179534912
1569840133.5709012,26,0.5885416865348816
1569840134.0569048,27,0.59375
1569840134.5500522,28,0.5972222089767456
1569840135.0371523,29,0.6475694179534912
1569840135.5238185,30,0.671875
1569840136.0138462,31,0.6440972089767456
1569840136.498809,32,0.671875
1569840136.9832013,33,0.6440972089767456
1569840137.4703133,34,0.6371527910232544
1569840137.956243,35,0.6267361044883728
1569840138.4485679,36,0.6614583134651184
1569840138.93763,37,0.6614583134651184
1569840139.4257479,38,0.671875
1569840139.9105709,39,0.6753472089767456
1569840140.4086134,40,0.7013888955116272
1569840140.8970113,41,0.6631944179534912
1569840141.3804717,42,0.6979166865348816
1569840141.8696592,43,0.7048611044883728
1569840142.3542368,44,0.6996527910232544
1569840142.8381336,45,0.6909722089767456
1569840143.324131,46,0.6944444179534912
1569840143.8120422,47,0.7204861044883728
1569840144.2935114,48,0.6944444179534912
1569840144.7778885,49,0.6822916865348816
1569840145.263223,50,0.7170138955116272
1569840145.7504437,51,0.7118055820465088
1569840146.2379308,52,0.7326388955116272
1569840146.7256427,53,0.7447916865348816
1569840147.2174761,54,0.703125
1569840147.7034988,55,0.71875
1569840148.1905572,56,0.6996527910232544
1569840148.6765468,57,0.7534722089767456
1569840149.1614106,58,0.765625
1569840149.643337,59,0.7222222089767456
1569840150.1314385,60,0.7309027910232544
1569840150.6169982,61,0.7204861044883728
1569840151.1086974,62,0.7291666865348816
1569840151.5985236,63,0.7274305820465088
1569840152.0892081,64,0.7204861044883728
1569840152.5732503,65,0.7413194179534912
1569840153.0607517,66,0.7326388955116272
1569840153.5485845,67,0.7413194179534912
1569840154.0363274,68,0.7447916865348816
1569840154.5236573,69,0.7413194179534912
1569840155.013458,70,0.7447916865348816
1569840155.49357,71,0.734375
1569840155.9811203,72,0.71875
1569840156.4713366,73,0.7152777910232544
1569840156.957273,74,0.7100694179534912
1569840157.4432442,75,0.7430555820465088
1569840157.9325597,76,0.7378472089767456
1569840158.413296,77,0.75
1569840158.8984303,78,0.71875
1569840159.3862636,79,0.7395833134651184
1569840159.8704498,80,0.7204861044883728
1569840160.3567197,81,0.7222222089767456
1569840160.8519852,82,0.7777777910232544
1569840161.337105,83,0.7638888955116272
1569840161.8228908,84,0.7326388955116272
1569840162.3105602,85,0.7638888955116272
1569840162.8027127,86,0.7378472089767456
1569840163.2881398,87,0.7534722089767456
1569840163.7734482,88,0.7395833134651184
1569840164.2626913,89,0.7395833134651184
1569840164.7532322,90,0.7204861044883728
1569840165.2373352,91,0.7447916865348816
1569840165.7226973,92,0.7291666865348816
1569840166.2086914,93,0.7569444179534912
1569840166.6966846,94,0.734375
1569840167.1835089,95,0.7170138955116272
1569840167.6714847,96,0.7690972089767456
1569840168.153708,97,0.7395833134651184
1569840168.640967,98,0.7100694179534912
1569840169.1261823,99,0.7534722089767456
1569840169.6123657,100,0.7482638955116272
1569840170.0937603,101,0.734375
1569840170.5773494,102,0.75
1569840171.0628288,103,0.7222222089767456
1569840171.5518978,104,0.7361111044883728
1569840172.036205,105,0.7690972089767456
1569840172.5232878,106,0.7256944179534912
1569840173.0103288,107,0.765625
1569840173.4935818,108,0.765625
1569840173.980387,109,0.7395833134651184
1569840174.4632075,110,0.7552083134651184
1569840174.9539921,111,0.7552083134651184
1569840175.4415998,112,0.7482638955116272
1569840175.9266708,113,0.7083333134651184
1569840176.4116437,114,0.7586805820465088
1569840176.8976457,115,0.7534722089767456
1569840177.38173,116,0.75
1569840177.8673918,117,0.7517361044883728
1569840178.3535721,118,0.7604166865348816
1569840178.8411918,119,0.7413194179534912
1569840179.3267102,120,0.7586805820465088
1569840179.8165696,121,0.7465277910232544
1569840180.3003478,122,0.7760416865348816
1569840180.783262,123,0.7708333134651184
1569840181.267553,124,0.7361111044883728
1569840181.7683287,125,0.7934027910232544
1569840182.2528007,126,0.7604166865348816
1569840182.7382145,127,0.7430555820465088
1569840183.2279525,128,0.7777777910232544
1569840183.7186487,129,0.7482638955116272
1569840184.210994,130,0.7395833134651184
1569840184.7012866,131,0.7465277910232544
1569840185.1866734,132,0.7881944179534912
1569840185.6724098,133,0.7829861044883728
1569840186.1562698,134,0.7256944179534912
1569840186.6430495,135,0.7447916865348816
1569840187.1287248,136,0.7638888955116272
1569840187.6170206,137,0.7274305820465088
1569840188.1030803,138,0.7881944179534912
1569840188.588088,139,0.7482638955116272
1569840189.0724938,140,0.7604166865348816
1569840189.5563047,141,0.7690972089767456
1569840190.0414374,142,0.7638888955116272
1569840190.5273213,143,0.7743055820465088
1569840191.015259,144,0.7795138955116272
1569840191.5032146,145,0.7743055820465088
1569840191.9865968,146,0.7638888955116272
1569840192.471885,147,0.7430555820465088
1569840192.9611154,148,0.765625
1569840193.4553518,149,0.7413194179534912
1569840193.9461942,150,0.7673611044883728
1569840194.4331126,151,0.7725694179534912
1569840194.9216177,152,0.7708333134651184
1569840195.406307,153,0.765625
1569840195.890429,154,0.7534722089767456
1569840196.3761613,155,0.7829861044883728
1569840196.8606527,156,0.75
1569840197.3467164,157,0.8038194179534912
1569840197.832835,158,0.7395833134651184
1569840198.3181698,159,0.7118055820465088
1569840198.8066308,160,0.7534722089767456
1569840199.2968159,161,0.7638888955116272
1569840199.786946,162,0.7638888955116272
1569840200.2772663,163,0.7621527910232544
1569840200.7672288,164,0.7690972089767456
1569840201.2531033,165,0.7864583134651184
1569840201.7398305,166,0.765625
1569840202.2371993,167,0.7673611044883728
1569840202.7286851,168,0.7552083134651184
1569840203.217461,169,0.7934027910232544
1569840203.703346,170,0.7760416865348816
1569840204.188711,171,0.7760416865348816
1569840204.6771517,172,0.7690972089767456
1569840205.162742,173,0.78125
1569840205.6463497,174,0.7569444179534912
1569840206.1337507,175,0.7725694179534912
1569840206.6178257,176,0.7552083134651184
1569840207.1077936,177,0.7621527910232544
1569840207.593296,178,0.7708333134651184
1569840208.0763812,179,0.7777777910232544
1569840208.5595202,180,0.7621527910232544
1569840209.0470932,181,0.7638888955116272
1569840209.5309143,182,0.7638888955116272
1569840210.0165644,183,0.7881944179534912
1569840210.5020669,184,0.7586805820465088
1569840210.9866633,185,0.7795138955116272
1569840211.4762864,186,0.75
1569840211.9632597,187,0.7829861044883728
1569840212.4463658,188,0.7743055820465088
1569840212.9318943,189,0.7413194179534912
1569840213.4167142,190,0.7847222089767456
1569840213.9019797,191,0.7708333134651184
1569840214.3885996,192,0.7534722089767456
1569840214.881011,193,0.7569444179534912
1569840215.367863,194,0.7604166865348816
1569840215.857976,195,0.7621527910232544
1569840216.342187,196,0.7604166865348816
1569840216.8232982,197,0.7743055820465088
1569840217.3088222,198,0.765625
1569840217.7983437,199,0.7743055820465088
