Wall time,Step,Value
1569840227.5384831,0,0.2867324650287628
1569840228.044182,1,0.28289473056793213
1569840228.5334408,2,0.2858187258243561
1569840229.0185869,3,0.3252924084663391
1569840229.5052915,4,0.33552631735801697
1569840229.9934804,5,0.3379020392894745
1569840230.4832008,6,0.3634868562221527
1569840230.965991,7,0.37171053886413574
1569840231.458071,8,0.4111842215061188
1569840231.943928,9,0.3888888955116272
1569840232.4258857,10,0.4389619827270508
1569840232.9086657,11,0.4798976480960846
1569840233.387513,12,0.44736841320991516
1569840233.867091,13,0.4460891783237457
1569840234.3584204,14,0.511147677898407
1569840234.848046,15,0.5330774784088135
1569840235.3429925,16,0.49707603454589844
1569840235.8206456,17,0.5296052694320679
1569840236.298151,18,0.5341739654541016
1569840236.7768962,19,0.5261330604553223
1569840237.2573342,20,0.5482456088066101
1569840237.7377121,21,0.5482456088066101
1569840238.217323,22,0.5352704524993896
1569840238.69653,23,0.5950292348861694
1569840239.1778138,24,0.5551900863647461
1569840239.6573093,25,0.5853435397148132
1569840240.1384742,26,0.5794956088066101
1569840240.6218977,27,0.5857090353965759
1569840241.1117659,28,0.5378289222717285
1569840241.5939507,29,0.5818713307380676
1569840242.0884871,30,0.5831505656242371
1569840242.5822423,31,0.5911915302276611
1569840243.0759943,32,0.5888158082962036
1569840243.5663218,33,0.597953200340271
1569840244.0523238,34,0.6100146174430847
1569840244.5324914,35,0.6328582167625427
1569840245.0303562,36,0.5966739654541016
1569840245.5183504,37,0.5933845043182373
1569840246.0116074,38,0.5502558350563049
1569840246.5010622,39,0.6041666865348816
1569840246.9865882,40,0.6328582167625427
1569840247.4673145,41,0.6100146174430847
1569840247.9514925,42,0.6072733998298645
1569840248.4320276,43,0.6061769127845764
1569840248.9184709,44,0.6728801131248474
1569840249.412073,45,0.6480262875556946
1569840249.906697,46,0.6144005656242371
1569840250.4051976,47,0.6352339386940002
1569840250.8989248,48,0.6460160613059998
1569840251.3982735,49,0.6001461744308472
1569840251.88903,50,0.5608552694320679
1569840252.3822136,51,0.573647677898407
1569840252.8734856,52,0.6306651830673218
1569840253.3632395,53,0.6271929740905762
1569840253.8542624,54,0.5922880172729492
1569840254.3518877,55,0.6167762875556946
1569840254.8446586,56,0.6365131735801697
1569840255.3364146,57,0.6955409646034241
1569840255.8291173,58,0.6805555820465088
1569840256.318936,59,0.6734283566474915
1569840256.8079169,60,0.6736111044883728
1569840257.2965083,61,0.6946271657943726
1569840257.790748,62,0.692251443862915
1569840258.2845056,63,0.6968201994895935
1569840258.776591,64,0.7119883298873901
1569840259.266828,65,0.6792762875556946
1569840259.7565722,66,0.6920686960220337
1569840260.2523339,67,0.7176535129547119
1569840260.7434363,68,0.7481725215911865
1569840261.2423022,69,0.699195921421051
1569840261.7367654,70,0.7225877046585083
1569840262.2294052,71,0.6968201994895935
1569840262.7222426,72,0.6920686960220337
1569840263.213334,73,0.7013888955116272
1569840263.70543,74,0.7225877046585083
1569840264.1964502,75,0.7260599136352539
1569840264.692162,76,0.7119883298873901
1569840265.1833677,77,0.723501443862915
1569840265.6769621,78,0.722404956817627
1569840266.1678796,79,0.7213084697723389
1569840266.6629014,80,0.6955409646034241
1569840267.1535392,81,0.7105262875556946
1569840267.6440775,82,0.7165570259094238
1569840268.133718,83,0.7001096606254578
1569840268.627647,84,0.7094298005104065
1569840269.1164017,85,0.722404956817627
1569840269.613001,86,0.7002924084663391
1569840270.1025422,87,0.6931651830673218
1569840270.5835207,88,0.7282529473304749
1569840271.0682218,89,0.7282529473304749
1569840271.5521345,90,0.7108917832374573
1569840272.032166,91,0.7269737124443054
1569840272.5127623,92,0.7540204524993896
1569840272.9917872,93,0.6957237124443054
1569840273.4734037,94,0.7386695742607117
1569840273.955486,95,0.7247806787490845
1569840274.4335577,96,0.7328216433525085
1569840274.9108222,97,0.7165570259094238
1569840275.4062254,98,0.7331871390342712
1569840275.896625,99,0.7141813039779663
1569840276.3880866,100,0.7540204524993896
1569840276.8789103,101,0.7198464870452881
1569840277.3733332,102,0.7421417832374573
1569840277.8680105,103,0.7514619827270508
1569840278.358695,104,0.7492690086364746
1569840278.856523,105,0.7308114171028137
1569840279.352229,106,0.7479897737503052
1569840279.8430974,107,0.7432383298873901
1569840280.3365364,108,0.738852322101593
1569840280.8267763,109,0.723501443862915
1569840281.3326263,110,0.7735745906829834
1569840281.8266656,111,0.7593201994895935
1569840282.3181005,112,0.7397660613059998
1569840282.810839,113,0.7481725215911865
1569840283.3020494,114,0.7596856951713562
1569840283.7924623,115,0.7302631735801697
1569840284.2766817,116,0.7269737124443054
1569840284.7576222,117,0.7256944179534912
1569840285.2466137,118,0.7465277910232544
1569840285.7389994,119,0.7441520690917969
1569840286.2176666,120,0.7481725215911865
1569840286.6929896,121,0.7549341917037964
1569840287.1720982,122,0.7432383298873901
1569840287.6510832,123,0.7317251563072205
1569840288.1326063,124,0.7525584697723389
1569840288.6128252,125,0.7538377046585083
1569840289.0924342,126,0.7631579041481018
1569840289.5719798,127,0.7631579041481018
1569840290.061208,128,0.7503654956817627
1569840290.5533984,129,0.734100878238678
1569840291.0445874,130,0.7596856951713562
1569840291.5389383,131,0.7397660613059998
1569840292.0315788,132,0.7373903393745422
1569840292.5295746,133,0.7081505656242371
1569840293.0283556,134,0.7501827478408813
1569840293.5264647,135,0.7629751563072205
1569840294.014209,136,0.7330043911933899
1569840294.504084,137,0.7711988091468811
1569840295.0065823,138,0.7540204524993896
1569840295.4966688,139,0.730445921421051
1569840295.9921737,140,0.7362938523292542
1569840296.486578,141,0.7573099136352539
1569840296.974137,142,0.745796799659729
1569840297.4571993,143,0.7256944179534912
1569840297.937741,144,0.7642543911933899
1569840298.427723,145,0.7470760345458984
1569840298.9161618,146,0.7814327478408813
1569840299.3986359,147,0.7713815569877625
1569840299.8780737,148,0.7523757219314575
1569840300.356827,149,0.7562134265899658
1569840300.8371112,150,0.7722952961921692
1569840301.3184133,151,0.7631579041481018
1569840301.7984202,152,0.7887426614761353
1569840302.2886794,153,0.7479897737503052
1569840302.7707932,154,0.7605994343757629
1569840303.262083,155,0.7362938523292542
1569840303.7533946,156,0.765350878238678
1569840304.2489998,157,0.7794225215911865
1569840304.748111,158,0.7479897737503052
1569840305.2432024,159,0.7677266001701355
1569840305.7362847,160,0.7573099136352539
1569840306.2216423,161,0.7642543911933899
1569840306.7065074,162,0.7794225215911865
1569840307.1870453,163,0.7549341917037964
1569840307.662482,164,0.7384868264198303
1569840308.1410916,165,0.7631579041481018
1569840308.6230464,166,0.7761330604553223
1569840309.1061916,167,0.734100878238678
1569840309.5824876,168,0.7278874516487122
1569840310.0727818,169,0.7351973652839661
1569840310.5590553,170,0.7819809913635254
1569840311.0381002,171,0.7644371390342712
1569840311.5172524,172,0.7516447305679321
1569840311.9965618,173,0.7887426614761353
1569840312.4728253,174,0.7768640518188477
1569840312.9552908,175,0.7573099136352539
1569840313.4373362,176,0.7852704524993896
1569840313.9125056,177,0.7595029473304749
1569840314.388117,178,0.7710160613059998
1569840314.8712156,179,0.7761330604553223
1569840315.3525035,180,0.7805190086364746
1569840315.8665786,181,0.7492690086364746
1569840316.3431823,182,0.7359283566474915
1569840316.847012,183,0.7404970526695251
1569840317.3626616,184,0.761695921421051
1569840317.8419337,185,0.7759503126144409
1569840318.3467999,186,0.745248556137085
1569840318.8267999,187,0.7595029473304749
1569840319.3123589,188,0.765350878238678
1569840319.8025045,189,0.7711988091468811
1569840320.2826972,190,0.754751443862915
1569840320.7656274,191,0.7584064602851868
1569840321.2570896,192,0.7512792348861694
1569840321.7403378,193,0.7618786692619324
1569840322.2177951,194,0.7432383298873901
1569840322.7010443,195,0.7688230872154236
1569840323.181101,196,0.7724780440330505
1569840323.6631541,197,0.7185672521591187
1569840324.146289,198,0.7679093480110168
1569840324.623134,199,0.770102322101593
