Wall time,Step,Value
1569840218.486837,0,0.1817036271095276
1569840218.986272,1,0.3048555254936218
1569840219.4681418,2,0.31997647881507874
1569840219.956988,3,0.29393482208251953
1569840220.4425411,4,0.28251007199287415
1569840220.9290338,5,0.3181283473968506
1569840221.4273043,6,0.29603493213653564
1569840221.9166446,7,0.32568883895874023
1569840222.4212186,8,0.30124327540397644
1569840222.9374053,9,0.3605510890483856
1569840223.4209354,10,0.3379536271095276
1569840223.9126759,11,0.4045698940753937
1569840224.4058208,12,0.3931451737880707
1569840224.8966203,13,0.4522009491920471
1569840225.390506,14,0.45950940251350403
1569840225.884947,15,0.4824428856372833
1569840226.386643,16,0.5009240508079529
1569840226.8864636,17,0.5082325339317322
1569840227.3871868,18,0.5769489407539368
1569840227.8824968,19,0.5587197542190552
1569840228.375467,20,0.5751007795333862
1569840228.8682976,21,0.5483030676841736
1569840229.3806202,22,0.6206316947937012
1569840229.8808675,23,0.6144153475761414
1569840230.3795335,24,0.5740927457809448
1569840230.8992243,25,0.5610719323158264
1569840231.4039268,26,0.5881216526031494
1569840231.906793,27,0.5766969323158264
1569840232.4182453,28,0.5847614407539368
1569840232.8989115,29,0.6196236610412598
1569840233.3848903,30,0.6193716526031494
1569840233.8701715,31,0.6191196441650391
1569840234.3596454,32,0.6198756694793701
1569840234.838787,33,0.5904737710952759
1569840235.317687,34,0.6219757795333862
1569840235.7946217,35,0.5956821441650391
1569840236.2728367,36,0.6167674660682678
1569840236.7690055,37,0.6430611610412598
1569840237.254105,38,0.6696068644523621
1569840237.7699435,39,0.6899361610412598
1569840238.270718,40,0.6482694745063782
1569840238.785608,41,0.6605342626571655
1569840239.2933435,42,0.6818716526031494
1569840239.811498,43,0.6982526779174805
1569840240.3191922,44,0.7089213728904724
1569840240.827186,45,0.6953964829444885
1569840241.3331494,46,0.7143816947937012
1569840241.8339145,47,0.695900559425354
1569840242.3537927,48,0.7032089829444885
1569840242.860339,49,0.7081653475761414
1569840243.363302,50,0.7058131694793701
1569840243.8605099,51,0.6865759491920471
1569840244.3659663,52,0.6917842626571655
1569840244.8702788,53,0.7084173560142517
1569840245.3786838,54,0.7378191947937012
1569840245.8769674,55,0.7456316947937012
1569840246.3824773,56,0.7164818644523621
1569840246.9013596,57,0.7247983813285828
1569840247.4100688,58,0.7001007795333862
1569840247.9130456,59,0.7195900678634644
1569840248.419466,60,0.7563003897666931
1569840248.9185793,61,0.734963059425354
1569840249.4213367,62,0.7245463728904724
1569840249.9330056,63,0.742775559425354
1569840250.4370644,64,0.7107694745063782
1569840250.9470658,65,0.7133736610412598
1569840251.4462864,66,0.7693212628364563
1569840251.9406724,67,0.742775559425354
1569840252.444508,68,0.7612566947937012
1569840252.9418814,69,0.780493974685669
1569840253.4413364,70,0.7188339829444885
1569840253.9448595,71,0.7318548560142517
1569840254.4390273,72,0.7242943644523621
1569840254.9358718,73,0.7555443644523621
1569840255.429849,74,0.7292506694793701
1569840255.9432478,75,0.7825940847396851
1569840256.4434772,76,0.7448756694793701
1569840256.9580667,77,0.758400559425354
1569840257.4712794,78,0.7633568644523621
1569840257.9894364,79,0.7667170763015747
1569840258.4963715,80,0.7610046863555908
1569840259.018498,81,0.7669690847396851
1569840259.5328875,82,0.7659610509872437
1569840260.0526938,83,0.7289986610412598
1569840260.5621002,84,0.7878023982048035
1569840261.0819545,85,0.7552923560142517
1569840261.6028812,86,0.7557963728904724
1569840262.1234562,87,0.7659610509872437
1569840262.6464841,88,0.7607526779174805
1569840263.156415,89,0.7719253897666931
1569840263.659071,90,0.7797378897666931
1569840264.1714675,91,0.7531921863555908
1569840264.68292,92,0.7638608813285828
1569840265.1942353,93,0.7797378897666931
1569840265.7315876,94,0.7636088728904724
1569840266.2368183,95,0.7529401779174805
1569840266.7383046,96,0.7638608813285828
1569840267.2436378,97,0.7529401779174805
1569840267.7494965,98,0.7337029576301575
1569840268.2551792,99,0.7474798560142517
1569840268.7659233,100,0.7425235509872437
1569840269.2705927,101,0.7766296863555908
1569840269.788735,102,0.7688171863555908
1569840270.302677,103,0.7552923560142517
1569840270.8144634,104,0.7664650678634644
1569840271.323175,105,0.7979670763015747
1569840271.8309407,106,0.7688171863555908
1569840272.3431659,107,0.7745295763015747
1569840272.8492663,108,0.7659610509872437
1569840273.3549042,109,0.7927587628364563
1569840273.8693948,110,0.7607526779174805
1569840274.3793795,111,0.7425235509872437
1569840274.8830285,112,0.758400559425354
1569840275.3901248,113,0.7560483813285828
1569840275.9093187,114,0.7441196441650391
1569840276.420242,115,0.7899025678634644
1569840276.9388192,116,0.7498319745063782
1569840277.4501245,117,0.7453796863555908
1569840277.9659274,118,0.7503360509872437
1569840278.4810498,119,0.7799898982048035
1569840278.989318,120,0.7633568644523621
1569840279.5009525,121,0.7633568644523621
1569840280.0193424,122,0.7337029576301575
1569840280.5139022,123,0.7605006694793701
1569840281.0149922,124,0.7690691947937012
1569840281.5167472,125,0.7448756694793701
1569840282.0219197,126,0.785450279712677
1569840282.5345137,127,0.7828460931777954
1569840283.0405247,128,0.7557963728904724
1569840283.5433302,129,0.7552923560142517
1569840284.0413172,130,0.7607526779174805
1569840284.5530913,131,0.7825940847396851
1569840285.0606072,132,0.7605006694793701
1569840285.5670557,133,0.7773857712745667
1569840286.0700645,134,0.7448756694793701
1569840286.5758083,135,0.7714213728904724
1569840287.0828662,136,0.781838059425354
1569840287.5905416,137,0.7768816947937012
1569840288.0927415,138,0.7631048560142517
1569840288.5875864,139,0.8193044066429138
1569840289.0836833,140,0.7771337628364563
1569840289.5785363,141,0.7602486610412598
1569840290.0681517,142,0.7846941947937012
1569840290.5619886,143,0.7899025678634644
1569840291.058199,144,0.7761256694793701
1569840291.5586166,145,0.8083837628364563
1569840292.043301,146,0.7792338728904724
1569840292.5418317,147,0.7904065847396851
1569840293.0316858,148,0.7820900678634644
1569840293.52893,149,0.7953628897666931
1569840294.02663,150,0.7951108813285828
1569840294.536182,151,0.7683131694793701
1569840295.0281549,152,0.8062835931777954
1569840295.522397,153,0.7794858813285828
1569840296.016212,154,0.7956148982048035
1569840296.5044377,155,0.7901545763015747
1569840296.995915,156,0.8005712628364563
1569840297.4904242,157,0.7953628897666931
1569840297.9886434,158,0.8029233813285828
1569840298.4865987,159,0.8112398982048035
1569840298.9768665,160,0.781838059425354
1569840299.4634213,161,0.7792338728904724
1569840299.94961,162,0.7956148982048035
1569840300.4412727,163,0.7878023982048035
1569840300.9359488,164,0.7605006694793701
1569840301.416251,165,0.7844421863555908
1569840301.9123778,166,0.7851982712745667
1569840302.404005,167,0.7820900678634644
1569840302.8863454,168,0.8250167965888977
1569840303.3679106,169,0.8008232712745667
1569840303.8497982,170,0.8091397881507874
1569840304.3297427,171,0.8060315847396851
1569840304.8114576,172,0.7849462628364563
1569840305.2875433,173,0.8086357712745667
1569840305.7882867,174,0.7977150678634644
1569840306.266648,175,0.8000671863555908
1569840306.7470016,176,0.7680611610412598
1569840307.2296119,177,0.7846941947937012
1569840307.7115345,178,0.8159441947937012
1569840308.1876373,179,0.8003191947937012
1569840308.6678712,180,0.8034273982048035
1569840309.1616738,181,0.7867943644523621
1569840309.6389446,182,0.8432459831237793
1569840310.1261432,183,0.8057795763015747
1569840310.6126616,184,0.7737735509872437
1569840311.0893514,185,0.789650559425354
1569840311.5790863,186,0.8031753897666931
1569840312.0618298,187,0.7870463728904724
1569840312.5514243,188,0.8031753897666931
1569840313.027301,189,0.7789818644523621
1569840313.5048404,190,0.7652049660682678
1569840313.97663,191,0.7678091526031494
1569840314.4519897,192,0.8107358813285828
1569840314.9270554,193,0.7550403475761414
1569840315.4064205,194,0.7841901779174805
1569840315.8839762,195,0.8029233813285828
1569840316.356225,196,0.8026713728904724
1569840316.835519,197,0.8029233813285828
1569840317.3071194,198,0.8325772881507874
1569840317.8561366,199,0.816700279712677
