Wall time,Step,Value
1569840187.0695868,0,0.22679093480110168
1569840187.5768716,1,0.31542396545410156
1569840188.0630429,2,0.36933478713035583
1569840188.5461571,3,0.41027048230171204
1569840189.040907,4,0.38212719559669495
1569840189.5287044,5,0.4066154956817627
1569840190.0262303,6,0.39181286096572876
1569840190.524902,7,0.3718932867050171
1569840191.0273604,8,0.38066521286964417
1569840191.536971,9,0.3781067132949829
1569840192.0484347,10,0.3691520392894745
1569840192.5832832,11,0.3773757219314575
1569840193.0795472,12,0.3622075915336609
1569840193.5787747,13,0.3676900565624237
1569840194.090504,14,0.33625730872154236
1569840194.5868642,15,0.31195175647735596
1569840195.0795054,16,0.33771929144859314
1569840195.5826762,17,0.35891813039779663
1569840196.0911438,18,0.33278509974479675
1569840196.6009686,19,0.3792032301425934
1569840197.0998855,20,0.32931286096572876
1569840197.6159885,21,0.29294589161872864
1569840198.12269,22,0.3607456088066101
1569840198.631295,23,0.2978801131248474
1569840199.130687,24,0.31542396545410156
1569840199.6483324,25,0.33936402201652527
1569840200.1798627,26,0.32584065198898315
1569840200.676799,27,0.34594297409057617
1569840201.1846695,28,0.33972951769828796
1569840201.6769867,29,0.328399121761322
1569840202.1814334,30,0.36476609110832214
1569840202.6863394,31,0.3298611044883728
1569840203.1830792,32,0.31962719559669495
1569840203.6766999,33,0.3527046740055084
1569840204.1734436,34,0.35014620423316956
1569840204.6616259,35,0.33972951769828796
1569840205.1483521,36,0.3221856653690338
1569840205.6419556,37,0.3214546740055084
1569840206.1354566,38,0.3527046740055084
1569840206.6378572,39,0.3388157784938812
1569840207.1340086,40,0.32766813039779663
1569840207.6356382,41,0.3386330306529999
1569840208.1376274,42,0.33351609110832214
1569840208.6362977,43,0.3455774784088135
1569840209.1267047,44,0.3316885828971863
1569840209.6175501,45,0.3441154956817627
1569840210.1121757,46,0.33040934801101685
1569840210.617211,47,0.3406432867050171
1569840211.1106558,48,0.3353435695171356
1569840211.59621,49,0.328399121761322
1569840212.0889802,50,0.33625730872154236
1569840212.580498,51,0.3135964870452881
1569840213.0662303,52,0.3788377046585083
1569840213.5542822,53,0.39290934801101685
1569840214.0387347,54,0.3927266001701355
1569840214.5250094,55,0.4607090651988983
1569840215.0137072,56,0.4694809913635254
1569840215.502119,57,0.4780701696872711
1569840215.9936035,58,0.5069444179534912
1569840216.488689,59,0.5305190086364746
1569840216.9791524,60,0.5469663739204407
1569840217.4680176,61,0.5703582167625427
1569840217.9560757,62,0.594298243522644
1569840218.4410784,63,0.593201756477356
1569840218.934,64,0.6313961744308472
1569840219.421545,65,0.6184210777282715
1569840219.9091158,66,0.6376096606254578
1569840220.3935466,67,0.6193348169326782
1569840220.8927245,68,0.6513158082962036
1569840221.3856983,69,0.6454678177833557
1569840221.8916621,70,0.6239035129547119
1569840222.3820322,71,0.6531432867050171
1569840222.878247,72,0.6186038255691528
1569840223.3617852,73,0.6461988091468811
1569840223.8530982,74,0.6498538255691528
1569840224.346058,75,0.6271929740905762
1569840224.832325,76,0.6803728342056274
1569840225.332529,77,0.6790935397148132
1569840225.8226502,78,0.6558845043182373
1569840226.3116395,79,0.6306651830673218
1569840226.7961657,80,0.6812865734100342
1569840227.285866,81,0.6516813039779663
1569840227.7768812,82,0.6750730872154236
1569840228.2655847,83,0.655701756477356
1569840228.7538767,84,0.6001461744308472
1569840229.2445652,85,0.6822003126144409
1569840229.7350354,86,0.6461988091468811
1569840230.2186327,87,0.6498538255691528
1569840230.7084773,88,0.6482090353965759
1569840231.2011893,89,0.6831140518188477
1569840231.7100165,90,0.6593567132949829
1569840232.2035007,91,0.6313961744308472
1569840232.7037613,92,0.6374269127845764
1569840233.1984327,93,0.6324926614761353
1569840233.6881666,94,0.629751443862915
1569840234.1812067,95,0.656798243522644
1569840234.677779,96,0.656798243522644
1569840235.1727574,97,0.6829313039779663
1569840235.6710749,98,0.6820175647735596
1569840236.161095,99,0.6595394611358643
1569840236.6582544,100,0.6787280440330505
1569840237.156477,101,0.683845043182373
1569840237.6579475,102,0.7118055820465088
1569840238.1557176,103,0.6776315569877625
1569840238.644581,104,0.6944444179534912
1569840239.1415846,105,0.7143640518188477
1569840239.6454086,106,0.6531432867050171
1569840240.205251,107,0.6794590353965759
1569840240.7090049,108,0.6949926614761353
1569840241.2094371,109,0.6864035129547119
1569840241.7150347,110,0.7065058350563049
1569840242.2341013,111,0.7152777910232544
1569840242.744327,112,0.6924341917037964
1569840243.254085,113,0.7134503126144409
1569840243.7483041,114,0.691703200340271
1569840244.2471871,115,0.7021198868751526
1569840244.751094,116,0.6949926614761353
1569840245.2552927,117,0.7008406519889832
1569840245.7619367,118,0.7309941649436951
1569840246.2721093,119,0.7476242780685425
1569840246.8172672,120,0.7108917832374573
1569840247.3463314,121,0.7428728342056274
1569840247.8877861,122,0.7317251563072205
1569840248.3850906,123,0.7222222089767456
1569840248.8809702,124,0.7474415302276611
1569840249.3845088,125,0.7395833134651184
1569840249.879054,126,0.7501827478408813
1569840250.3736923,127,0.7587719559669495
1569840250.8866038,128,0.7428728342056274
1569840251.3923476,129,0.7361111044883728
1569840251.890143,130,0.7116228342056274
1569840252.4195569,131,0.7227704524993896
1569840252.9336782,132,0.7127193212509155
1569840253.4462268,133,0.7324561476707458
1569840253.9554644,134,0.7805190086364746
1569840254.4618545,135,0.7675438523292542
1569840254.969039,136,0.7668128609657288
1569840255.4801786,137,0.7777777910232544
1569840255.988033,138,0.7911184430122375
1569840256.4926772,139,0.7717470526695251
1569840257.0015094,140,0.7638888955116272
1569840257.5227675,141,0.8015350699424744
1569840258.0274506,142,0.7902047038078308
1569840258.541007,143,0.7571271657943726
1569840259.0518682,144,0.7673611044883728
1569840259.5593903,145,0.7761330604553223
1569840260.0866542,146,0.8022660613059998
1569840260.6078796,147,0.7638888955116272
1569840261.1218421,148,0.7821637392044067
1569840261.6269374,149,0.785453200340271
1569840262.139637,150,0.7847222089767456
1569840262.6536036,151,0.7892909646034241
1569840263.1766968,152,0.7783260345458984
1569840263.7031887,153,0.7987938523292542
1569840264.2327964,154,0.8022660613059998
1569840264.7516034,155,0.7989766001701355
1569840265.271632,156,0.7909356951713562
1569840265.7957401,157,0.824195921421051
1569840266.3215914,158,0.7880116701126099
1569840266.8438885,159,0.8020833134651184
1569840267.362303,160,0.777046799659729
1569840267.8805907,161,0.7865496873855591
1569840268.4069571,162,0.8017178177833557
1569840268.9301794,163,0.8084795475006104
1569840269.459598,164,0.8099415302276611
1569840269.9777255,165,0.7900219559669495
1569840270.4966853,166,0.8040935397148132
1569840271.0168674,167,0.7945906519889832
1569840271.5289345,168,0.7671783566474915
1569840272.041752,169,0.8258406519889832
1569840272.559455,170,0.8265716433525085
1569840273.0834389,171,0.801352322101593
1569840273.607257,172,0.8092105388641357
1569840274.1238585,173,0.797149121761322
1569840274.6403148,174,0.7830774784088135
1569840275.1637642,175,0.8004385828971863
1569840275.694694,176,0.8093932867050171
1569840276.2180505,177,0.7902047038078308
1569840276.7335556,178,0.8240131735801697
1569840277.256593,179,0.8344298005104065
1569840277.7780414,180,0.7934941649436951
1569840278.2924185,181,0.808296799659729
1569840278.8140864,182,0.8221856951713562
1569840279.335947,183,0.8110380172729492
1569840279.8558211,184,0.7995248436927795
1569840280.3759067,185,0.8125
1569840280.8862135,186,0.8177996873855591
1569840281.3907967,187,0.8302266001701355
1569840281.9084303,188,0.8099415302276611
1569840282.4355264,189,0.7986111044883728
1569840282.952891,190,0.8039107918739319
1569840283.4738054,191,0.8152412176132202
1569840283.9969208,192,0.8240131735801697
1569840284.515299,193,0.8020833134651184
1569840285.0285344,194,0.8126827478408813
1569840285.558602,195,0.7976973652839661
1569840286.0820165,196,0.8247441649436951
1569840286.6012824,197,0.8207237124443054
1569840287.1123357,198,0.8135964870452881
1569840287.6212614,199,0.8040935397148132
