Wall time,Step,Value
1569840151.0563295,0,0.1654166728258133
1569840151.5800624,1,0.25208333134651184
1569840152.0816302,2,0.2234722226858139
1569840152.585237,3,0.28180554509162903
1569840153.0957465,4,0.26750001311302185
1569840153.599968,5,0.2956944406032562
1569840154.1031365,6,0.28763890266418457
1569840154.619618,7,0.29124999046325684
1569840155.141035,8,0.2951388955116272
1569840155.6487706,9,0.31611111760139465
1569840156.1593065,10,0.3254166543483734
1569840156.657747,11,0.3105555474758148
1569840157.1591382,12,0.32680556178092957
1569840157.6589422,13,0.31708332896232605
1569840158.160778,14,0.28041666746139526
1569840158.668729,15,0.30819445848464966
1569840159.169346,16,0.32152777910232544
1569840159.6739569,17,0.33638888597488403
1569840160.1802282,18,0.332361102104187
1569840160.6931431,19,0.3412500023841858
1569840161.203411,20,0.3199999928474426
1569840161.7090454,21,0.3570833206176758
1569840162.232258,22,0.3223611116409302
1569840162.7504323,23,0.3174999952316284
1569840163.2681558,24,0.3586111068725586
1569840163.7774663,25,0.38527777791023254
1569840164.2795095,26,0.3690277636051178
1569840164.8074272,27,0.38527777791023254
1569840165.3233523,28,0.3759722113609314
1569840165.8402467,29,0.44486111402511597
1569840166.3597758,30,0.42847222089767456
1569840166.875137,31,0.41652777791023254
1569840167.3932803,32,0.4497222304344177
1569840167.913811,33,0.4147222340106964
1569840168.4301171,34,0.4595833420753479
1569840168.9338844,35,0.4738888740539551
1569840169.4503684,36,0.47805556654930115
1569840169.9580276,37,0.4962500035762787
1569840170.4687068,38,0.4734722077846527
1569840170.979328,39,0.4863888919353485
1569840171.4800136,40,0.5348610877990723
1569840171.9861376,41,0.5141666531562805
1569840172.5038195,42,0.5270833373069763
1569840173.017695,43,0.5493055582046509
1569840173.5267427,44,0.5676388740539551
1569840174.0475676,45,0.5849999785423279
1569840174.567363,46,0.601805567741394
1569840175.0806332,47,0.6002777814865112
1569840175.583616,48,0.6299999952316284
1569840176.0845542,49,0.6147222518920898
1569840176.5910354,50,0.6073611378669739
1569840177.09351,51,0.6463888883590698
1569840177.6166475,52,0.6137499809265137
1569840178.1313727,53,0.6479166746139526
1569840178.6336877,54,0.6487500071525574
1569840179.1393976,55,0.651805579662323
1569840179.6407058,56,0.6740278005599976
1569840180.1406875,57,0.6195833086967468
1569840180.6446245,58,0.6537500023841858
1569840181.1491358,59,0.6631944179534912
1569840181.6493537,60,0.6508333086967468
1569840182.158561,61,0.6616666913032532
1569840182.6690223,62,0.6354166865348816
1569840183.1811113,63,0.6631944179534912
1569840183.6935089,64,0.6725000143051147
1569840184.2034347,65,0.667638897895813
1569840184.7236814,66,0.6309722065925598
1569840185.238772,67,0.6737499833106995
1569840185.7488923,68,0.6854166388511658
1569840186.2684228,69,0.6652777791023254
1569840186.7920759,70,0.6631944179534912
1569840187.2995565,71,0.679027795791626
1569840187.8147173,72,0.7008333206176758
1569840188.3260112,73,0.6695833206176758
1569840188.8419728,74,0.6977777481079102
1569840189.35025,75,0.6899999976158142
1569840189.8638115,76,0.6736111044883728
1569840190.3879673,77,0.6879166960716248
1569840190.8895555,78,0.6859722137451172
1569840191.3946497,79,0.7226389050483704
1569840191.8993962,80,0.6899999976158142
1569840192.403765,81,0.6825000047683716
1569840192.9047663,82,0.6780555844306946
1569840193.4177074,83,0.6805555820465088
1569840193.9199636,84,0.6452777981758118
1569840194.422895,85,0.6769444346427917
1569840194.9335787,86,0.6854166388511658
1569840195.443588,87,0.7191666960716248
1569840195.9527788,88,0.7473611235618591
1569840196.463711,89,0.7315278053283691
1569840196.9636643,90,0.7884722352027893
1569840197.4639885,91,0.752916693687439
1569840197.9711406,92,0.7811111211776733
1569840198.4864545,93,0.753333330154419
1569840198.9907694,94,0.7770833373069763
1569840199.5039077,95,0.7711111307144165
1569840200.0347836,96,0.7780555486679077
1569840200.5583224,97,0.7712500095367432
1569840201.0631952,98,0.7720833420753479
1569840201.5906405,99,0.7583333253860474
1569840202.1537511,100,0.7598611116409302
1569840202.6741443,101,0.7786111235618591
1569840203.1834667,102,0.773194432258606
1569840203.7234488,103,0.7761111259460449
1569840204.2620475,104,0.7795833349227905
1569840204.8112051,105,0.7840277552604675
1569840205.3269963,106,0.7469444274902344
1569840205.8530602,107,0.8122222423553467
1569840206.3730488,108,0.7656944394111633
1569840206.9083169,109,0.7766666412353516
1569840207.448737,110,0.7799999713897705
1569840207.9793887,111,0.7656944394111633
1569840208.5090182,112,0.7766666412353516
1569840209.0495498,113,0.7598611116409302
1569840209.5617306,114,0.773194432258606
1569840210.1034563,115,0.7840277552604675
1569840210.6230323,116,0.7820833325386047
1569840211.1532867,117,0.73458331823349
1569840211.6687114,118,0.7662500143051147
1569840212.1840024,119,0.7504166960716248
1569840212.7030725,120,0.789027750492096
1569840213.2177014,121,0.7809722423553467
1569840213.743049,122,0.754444420337677
1569840214.2675042,123,0.7701388597488403
1569840214.7979746,124,0.7925000190734863
1569840215.3269413,125,0.7448611259460449
1569840215.8480623,126,0.7994444370269775
1569840216.3837714,127,0.7519444227218628
1569840216.933076,128,0.7513889074325562
1569840217.455645,129,0.7548611164093018
1569840217.9718184,130,0.7736111283302307
1569840218.4880629,131,0.7720833420753479
1569840219.0220478,132,0.7622222304344177
1569840219.5543623,133,0.7568055391311646
1569840220.0838597,134,0.7672222256660461
1569840220.5927596,135,0.7745833396911621
1569840221.1076958,136,0.7716666460037231
1569840221.6420505,137,0.7755555510520935
1569840222.1623883,138,0.7855555415153503
1569840222.687806,139,0.7791666388511658
1569840223.2310774,140,0.7608333230018616
1569840223.7706923,141,0.7770833373069763
1569840224.3026454,142,0.761805534362793
1569840224.8540702,143,0.7774999737739563
1569840225.3747811,144,0.7581944465637207
1569840225.9032545,145,0.7755555510520935
1569840226.4388652,146,0.7538889050483704
1569840227.0056264,147,0.7538889050483704
1569840227.5389454,148,0.7538889050483704
1569840228.0775394,149,0.7799999713897705
1569840228.610462,150,0.7602777481079102
1569840229.1569476,151,0.745972216129303
1569840229.6877747,152,0.7770833373069763
1569840230.2125504,153,0.7509722113609314
1569840230.7364745,154,0.7894444465637207
1569840231.2628112,155,0.757777750492096
1569840231.7933848,156,0.7712500095367432
1569840232.371692,157,0.7608333230018616
1569840232.9051416,158,0.757361114025116
1569840233.4526336,159,0.7504166960716248
1569840233.9917076,160,0.741944432258606
1569840234.536025,161,0.7583333253860474
1569840235.062098,162,0.7355555295944214
1569840235.5792842,163,0.7434722185134888
1569840236.100135,164,0.7608333230018616
1569840236.6288826,165,0.7376388907432556
1569840237.1525514,166,0.7627778053283691
1569840237.68989,167,0.7444444298744202
1569840238.2123175,168,0.7791666388511658
1569840238.7636998,169,0.7776389122009277
1569840239.292193,170,0.7820833325386047
1569840239.8248734,171,0.7631944417953491
1569840240.3544397,172,0.7593055367469788
1569840240.8850453,173,0.761805534362793
1569840241.4151406,174,0.7538889050483704
1569840241.946642,175,0.7633333206176758
1569840242.4728987,176,0.7720833420753479
1569840243.0239859,177,0.7819444537162781
1569840243.5513673,178,0.7794444561004639
1569840244.0858586,179,0.7602777481079102
1569840244.6283813,180,0.7647222280502319
1569840245.1665533,181,0.7741666436195374
1569840245.699015,182,0.7726389169692993
1569840246.2326694,183,0.741944432258606
1569840246.7850597,184,0.7790277600288391
1569840247.31396,185,0.7795833349227905
1569840247.8432305,186,0.7894444465637207
1569840248.3903997,187,0.7711111307144165
1569840248.9348032,188,0.752916693687439
1569840249.4626749,189,0.7420833110809326
1569840249.9915185,190,0.7716666460037231
1569840250.5181692,191,0.7444444298744202
1569840251.060857,192,0.7695833444595337
1569840251.5897276,193,0.7558333277702332
1569840252.132671,194,0.7879166603088379
1569840252.6751864,195,0.7825000286102295
1569840253.207495,196,0.7361111044883728
1569840253.7374563,197,0.7593055367469788
1569840254.2685814,198,0.7523611187934875
1569840254.7904766,199,0.7512500286102295
