Wall time,Step,Value
1569840105.7358727,0,0.2718749940395355
1569840106.2569618,1,0.2515625059604645
1569840106.7570648,2,0.3895833194255829
1569840107.2574043,3,0.3552083373069763
1569840107.7615166,4,0.31041666865348816
1569840108.2614803,5,0.29374998807907104
1569840108.7618086,6,0.30677083134651184
1569840109.2641945,7,0.31458333134651184
1569840109.7666411,8,0.2645833194255829
1569840110.2670372,9,0.2776041626930237
1569840110.7562172,10,0.3984375
1569840111.2569036,11,0.2958333194255829
1569840111.758467,12,0.3578124940395355
1569840112.2581596,13,0.34322917461395264
1569840112.7557917,14,0.3708333373069763
1569840113.2504807,15,0.3880208432674408
1569840113.7372503,16,0.39270833134651184
1569840114.230801,17,0.4072916805744171
1569840114.7212784,18,0.4281249940395355
1569840115.2103846,19,0.43177083134651184
1569840115.7113726,20,0.5171874761581421
1569840116.2135618,21,0.542187511920929
1569840116.7163894,22,0.6182291507720947
1569840117.2128475,23,0.5458333492279053
1569840117.716624,24,0.5953124761581421
1569840118.216702,25,0.5770833492279053
1569840118.707122,26,0.6151041388511658
1569840119.2092605,27,0.6031249761581421
1569840119.7029195,28,0.637499988079071
1569840120.202118,29,0.6265624761581421
1569840120.7025864,30,0.5541666746139526
1569840121.2053847,31,0.535937488079071
1569840121.7029362,32,0.6463541388511658
1569840122.1980436,33,0.6171875
1569840122.687513,34,0.6567708253860474
1569840123.1829824,35,0.6458333134651184
1569840123.6803815,36,0.6078125238418579
1569840124.184432,37,0.6473958492279053
1569840124.6869986,38,0.6880208253860474
1569840125.1860518,39,0.715624988079071
1569840125.6771324,40,0.707812488079071
1569840126.1762183,41,0.6604166626930237
1569840126.6719193,42,0.6473958492279053
1569840127.178314,43,0.682812511920929
1569840127.6823776,44,0.7052083611488342
1569840128.1844852,45,0.6932291388511658
1569840128.6851175,46,0.5958333611488342
1569840129.1773405,47,0.6536458134651184
1569840129.6808276,48,0.6432291865348816
1569840130.1757312,49,0.7104166746139526
1569840130.6765132,50,0.6458333134651184
1569840131.1774237,51,0.7432291507720947
1569840131.6910293,52,0.7286458611488342
1569840132.1927245,53,0.6854166388511658
1569840132.696589,54,0.7708333134651184
1569840133.1979582,55,0.6880208253860474
1569840133.7065034,56,0.6838541626930237
1569840134.2114584,57,0.6864583492279053
1569840134.7123308,58,0.6916666626930237
1569840135.218237,59,0.6588541865348816
1569840135.7168658,60,0.6614583134651184
1569840136.2164874,61,0.6526041626930237
1569840136.7166948,62,0.6786458492279053
1569840137.221282,63,0.7046874761581421
1569840137.7160032,64,0.6890624761581421
1569840138.2080228,65,0.6932291388511658
1569840138.7055864,66,0.6796875
1569840139.2179646,67,0.6786458492279053
1569840139.7234855,68,0.6848958134651184
1569840140.2261076,69,0.721875011920929
1569840140.7261887,70,0.6640625
1569840141.215776,71,0.714062511920929
1569840141.706873,72,0.7510416507720947
1569840142.1953807,73,0.7416666746139526
1569840142.6847615,74,0.7088541388511658
1569840143.1748934,75,0.7244791388511658
1569840143.6618068,76,0.731249988079071
1569840144.151335,77,0.7458333373069763
1569840144.6552749,78,0.6614583134651184
1569840145.156497,79,0.729687511920929
1569840145.649054,80,0.7166666388511658
1569840146.1411328,81,0.731249988079071
1569840146.6428795,82,0.7046874761581421
1569840147.1405976,83,0.6994791626930237
1569840147.6421292,84,0.6994791626930237
1569840148.1449535,85,0.7572916746139526
1569840148.6470294,86,0.7520833611488342
1569840149.1428602,87,0.6822916865348816
1569840149.6567247,88,0.6677083373069763
1569840150.1534657,89,0.737500011920929
1569840150.6582239,90,0.7255208492279053
1569840151.1582346,91,0.6557291746139526
1569840151.660806,92,0.7885416746139526
1569840152.1607437,93,0.7635416388511658
1569840152.657945,94,0.7729166746139526
1569840153.16066,95,0.729687511920929
1569840153.6503568,96,0.7557291388511658
1569840154.1378772,97,0.762499988079071
1569840154.6225138,98,0.762499988079071
1569840155.1076639,99,0.7177083492279053
1569840155.5969768,100,0.7177083492279053
1569840156.0945888,101,0.768750011920929
1569840156.582234,102,0.7796875238418579
1569840157.067493,103,0.7807291746139526
1569840157.552087,104,0.7927083373069763
1569840158.0405598,105,0.7281249761581421
1569840158.530372,106,0.7755208611488342
1569840159.017248,107,0.778124988079071
1569840159.507121,108,0.7677083611488342
1569840159.9921434,109,0.7979166507720947
1569840160.4816682,110,0.785937488079071
1569840160.970316,111,0.7020833492279053
1569840161.4605222,112,0.737500011920929
1569840161.9586794,113,0.7359374761581421
1569840162.4554222,114,0.7729166746139526
1569840162.952065,115,0.6901041865348816
1569840163.4552155,116,0.7255208492279053
1569840163.9564073,117,0.7979166507720947
1569840164.445697,118,0.7755208611488342
1569840164.9411595,119,0.7401041388511658
1569840165.4315646,120,0.729687511920929
1569840165.921313,121,0.7333333492279053
1569840166.4114435,122,0.7057291865348816
1569840166.9014397,123,0.7005208134651184
1569840167.389374,124,0.6875
1569840167.8778758,125,0.7557291388511658
1569840168.3673277,126,0.7520833611488342
1569840168.8706052,127,0.768750011920929
1569840169.3673298,128,0.7203124761581421
1569840169.8599176,129,0.7427083253860474
1569840170.3523605,130,0.7583333253860474
1569840170.847562,131,0.7885416746139526
1569840171.3394616,132,0.8307291865348816
1569840171.830128,133,0.7203124761581421
1569840172.3178437,134,0.7911458611488342
1569840172.8075705,135,0.8109375238418579
1569840173.2922037,136,0.7755208611488342
1569840173.785623,137,0.753125011920929
1569840174.280284,138,0.7369791865348816
1569840174.771488,139,0.7739583253860474
1569840175.2634895,140,0.7979166507720947
1569840175.7605972,141,0.768750011920929
1569840176.2626588,142,0.7281249761581421
1569840176.7621477,143,0.7807291746139526
1569840177.2603052,144,0.785937488079071
1569840177.7582517,145,0.7635416388511658
1569840178.2566547,146,0.7739583253860474
1569840178.7586002,147,0.7635416388511658
1569840179.266607,148,0.768750011920929
1569840179.757674,149,0.7713541388511658
1569840180.2427268,150,0.7489583492279053
1569840180.7417629,151,0.784375011920929
1569840181.2353752,152,0.7489583492279053
1569840181.7263896,153,0.7489583492279053
1569840182.222222,154,0.7463541626930237
1569840182.7220485,155,0.7817708253860474
1569840183.2268312,156,0.7989583611488342
1569840183.7279527,157,0.7739583253860474
1569840184.2265716,158,0.7713541388511658
1569840184.7280931,159,0.7265625
1569840185.2173212,160,0.7489583492279053
1569840185.7065365,161,0.7385416626930237
1569840186.1921551,162,0.784375011920929
1569840186.6816359,163,0.776562511920929
1569840187.1705368,164,0.7515624761581421
1569840187.6571987,165,0.8265625238418579
1569840188.1469483,166,0.793749988079071
1569840188.6407409,167,0.7791666388511658
1569840189.130227,168,0.8145833611488342
1569840189.6367934,169,0.8291666507720947
1569840190.1250842,170,0.7885416746139526
1569840190.6172664,171,0.7171875238418579
1569840191.1060371,172,0.776562511920929
1569840191.5919454,173,0.817187488079071
1569840192.08622,174,0.8291666507720947
1569840192.5720696,175,0.8265625238418579
1569840193.0615795,176,0.8161458373069763
1569840193.5518007,177,0.8119791746139526
1569840194.041404,178,0.8041666746139526
1569840194.5470083,179,0.8067708611488342
1569840195.0489862,180,0.7276041507720947
1569840195.5549,181,0.768750011920929
1569840196.0586267,182,0.8119791746139526
1569840196.5622826,183,0.7895833253860474
1569840197.063229,184,0.84375
1569840197.563368,185,0.7749999761581421
1569840198.0626693,186,0.7776041626930237
1569840198.563164,187,0.792187511920929
1569840199.059225,188,0.7093750238418579
1569840199.5723577,189,0.792187511920929
1569840200.0768864,190,0.8291666507720947
1569840200.5819228,191,0.8067708611488342
1569840201.0873845,192,0.7869791388511658
1569840201.5877748,193,0.7895833253860474
1569840202.0827959,194,0.776562511920929
1569840202.5879292,195,0.8369791507720947
1569840203.0868511,196,0.768750011920929
1569840203.5876803,197,0.8395833373069763
1569840204.083196,198,0.8489583134651184
1569840204.5816722,199,0.7817708253860474
