Wall time,Step,Value
1569840229.62944,0,0.1015625
1569840230.118543,1,0.2682291567325592
1569840230.5909715,2,0.2734375
1569840231.0637255,3,0.2369791716337204
1569840231.5377364,4,0.2734375
1569840232.014404,5,0.2916666567325592
1569840232.4820604,6,0.2083333283662796
1569840232.9540343,7,0.2760416567325592
1569840233.4301276,8,0.2526041567325592
1569840233.9097278,9,0.3307291567325592
1569840234.385957,10,0.2890625
1569840234.859642,11,0.3333333432674408
1569840235.3323927,12,0.3385416567325592
1569840235.811548,13,0.2942708432674408
1569840236.2854743,14,0.2682291567325592
1569840236.7696495,15,0.2838541567325592
1569840237.2400653,16,0.3411458432674408
1569840237.7154477,17,0.2552083432674408
1569840238.194088,18,0.3489583432674408
1569840238.665406,19,0.3046875
1569840239.1407056,20,0.28125
1569840239.6146853,21,0.3333333432674408
1569840240.0841093,22,0.3333333432674408
1569840240.5571787,23,0.2864583432674408
1569840241.0404503,24,0.3619791567325592
1569840241.5167015,25,0.5130208134651184
1569840241.9939418,26,0.4479166567325592
1569840242.4667506,27,0.4375
1569840242.9436953,28,0.4244791567325592
1569840243.4209018,29,0.4973958432674408
1569840243.894109,30,0.4635416567325592
1569840244.3664863,31,0.4713541567325592
1569840244.8466318,32,0.5833333134651184
1569840245.3265042,33,0.4921875
1569840245.8045182,34,0.5182291865348816
1569840246.280745,35,0.6223958134651184
1569840246.753046,36,0.5052083134651184
1569840247.3236942,37,0.4921875
1569840247.8001547,38,0.4817708432674408
1569840248.276217,39,0.453125
1569840248.7524643,40,0.5859375
1569840249.2259238,41,0.4921875
1569840249.6972597,42,0.5052083134651184
1569840250.1788704,43,0.5234375
1569840250.6554875,44,0.6354166865348816
1569840251.1378872,45,0.5833333134651184
1569840251.6134276,46,0.5260416865348816
1569840252.0993989,47,0.5703125
1569840252.5709946,48,0.5234375
1569840253.0458052,49,0.4973958432674408
1569840253.5125952,50,0.5885416865348816
1569840253.9820487,51,0.5442708134651184
1569840254.4434884,52,0.6197916865348816
1569840254.9178848,53,0.640625
1569840255.3937755,54,0.6119791865348816
1569840255.8656168,55,0.5286458134651184
1569840256.337587,56,0.5598958134651184
1569840256.8053005,57,0.53125
1569840257.2737844,58,0.6119791865348816
1569840257.749178,59,0.6536458134651184
1569840258.22841,60,0.5625
1569840258.7158256,61,0.6119791865348816
1569840259.1900108,62,0.6119791865348816
1569840259.6622474,63,0.6848958134651184
1569840260.13655,64,0.6145833134651184
1569840260.6113062,65,0.5885416865348816
1569840261.0905638,66,0.6744791865348816
1569840261.5703084,67,0.4765625
1569840262.0487733,68,0.6302083134651184
1569840262.519596,69,0.546875
1569840262.993707,70,0.6484375
1569840263.4656212,71,0.6796875
1569840263.9357972,72,0.6796875
1569840264.4116344,73,0.6484375
1569840264.883744,74,0.734375
1569840265.3485444,75,0.6276041865348816
1569840265.8144562,76,0.7005208134651184
1569840266.2817461,77,0.6041666865348816
1569840266.7541633,78,0.6380208134651184
1569840267.2301188,79,0.7291666865348816
1569840267.7059894,80,0.5416666865348816
1569840268.1856508,81,0.6744791865348816
1569840268.6553934,82,0.6614583134651184
1569840269.1269443,83,0.7265625
1569840269.6082566,84,0.7552083134651184
1569840270.0923982,85,0.7213541865348816
1569840270.5704334,86,0.6901041865348816
1569840271.047264,87,0.734375
1569840271.5156844,88,0.6953125
1569840271.9936373,89,0.734375
1569840272.4656134,90,0.6848958134651184
1569840272.9388418,91,0.7265625
1569840273.4254236,92,0.6875
1569840273.90572,93,0.7057291865348816
1569840274.3813653,94,0.7005208134651184
1569840274.8571415,95,0.6770833134651184
1569840275.33121,96,0.6848958134651184
1569840275.8069274,97,0.6901041865348816
1569840276.2822652,98,0.6380208134651184
1569840276.7599354,99,0.7994791865348816
1569840277.2258704,100,0.7421875
1569840277.6920354,101,0.8072916865348816
1569840278.1561902,102,0.7135416865348816
1569840278.6267083,103,0.7239583134651184
1569840279.1118727,104,0.6666666865348816
1569840279.5856085,105,0.7005208134651184
1569840280.064998,106,0.7317708134651184
1569840280.5376978,107,0.75
1569840281.0132973,108,0.6848958134651184
1569840281.49051,109,0.7395833134651184
1569840281.9688215,110,0.6354166865348816
1569840282.444655,111,0.6666666865348816
1569840282.921331,112,0.7526041865348816
1569840283.4060802,113,0.6614583134651184
1569840283.8888607,114,0.7135416865348816
1569840284.3635693,115,0.734375
1569840284.844153,116,0.6848958134651184
1569840285.3169403,117,0.6875
1569840285.7882931,118,0.7890625
1569840286.2614193,119,0.6901041865348816
1569840286.7368736,120,0.7682291865348816
1569840287.2077863,121,0.6744791865348816
1569840287.6727839,122,0.7369791865348816
1569840288.1481638,123,0.7109375
1569840288.6139576,124,0.7395833134651184
1569840289.0900958,125,0.7213541865348816
1569840289.5602741,126,0.640625
1569840290.0379815,127,0.7760416865348816
1569840290.5084662,128,0.7526041865348816
1569840290.9794943,129,0.8046875
1569840291.4519987,130,0.7395833134651184
1569840291.9242105,131,0.8125
1569840292.399562,132,0.7890625
1569840292.8773646,133,0.7708333134651184
1569840293.3551023,134,0.7838541865348816
1569840293.8256903,135,0.6328125
1569840294.2997968,136,0.7447916865348816
1569840294.7748225,137,0.7708333134651184
1569840295.247029,138,0.84375
1569840295.7197015,139,0.7395833134651184
1569840296.188454,140,0.7161458134651184
1569840296.660189,141,0.7395833134651184
1569840297.1339943,142,0.7317708134651184
1569840297.6132894,143,0.7109375
1569840298.0787735,144,0.7630208134651184
1569840298.5652153,145,0.6979166865348816
1569840299.0360832,146,0.7135416865348816
1569840299.5006118,147,0.7786458134651184
1569840299.973577,148,0.7317708134651184
1569840300.4444559,149,0.7109375
1569840300.917252,150,0.7109375
1569840301.3893774,151,0.703125
1569840301.8610253,152,0.7786458134651184
1569840302.333451,153,0.7057291865348816
1569840302.8069375,154,0.7734375
1569840303.2877223,155,0.6927083134651184
1569840303.7573962,156,0.7291666865348816
1569840304.2296078,157,0.7109375
1569840304.701719,158,0.7526041865348816
1569840305.1758268,159,0.7057291865348816
1569840305.6477442,160,0.6979166865348816
1569840306.1252568,161,0.7734375
1569840306.59536,162,0.7291666865348816
1569840307.0678337,163,0.7786458134651184
1569840307.543603,164,0.7291666865348816
1569840308.0226264,165,0.765625
1569840308.4955597,166,0.7057291865348816
1569840308.9698532,167,0.6901041865348816
1569840309.4477375,168,0.7109375
1569840309.9215074,169,0.6979166865348816
1569840310.3984213,170,0.75
1569840310.874944,171,0.7552083134651184
1569840311.3506124,172,0.703125
1569840311.8206081,173,0.6744791865348816
1569840312.2936852,174,0.7604166865348816
1569840312.768182,175,0.7473958134651184
1569840313.243707,176,0.8072916865348816
1569840313.7130666,177,0.6796875
1569840314.1884267,178,0.6848958134651184
1569840314.657717,179,0.7838541865348816
1569840315.137166,180,0.8020833134651184
1569840315.6301363,181,0.7135416865348816
1569840316.1085966,182,0.7161458134651184
1569840316.6152887,183,0.7578125
1569840317.0871363,184,0.6588541865348816
1569840317.559802,185,0.6875
1569840318.0285964,186,0.8411458134651184
1569840318.4951525,187,0.7239583134651184
1569840318.975411,188,0.7369791865348816
1569840319.4473972,189,0.7552083134651184
1569840319.9233022,190,0.7838541865348816
1569840320.4005282,191,0.7239583134651184
1569840320.8773942,192,0.7682291865348816
1569840321.3560686,193,0.78125
1569840321.8294387,194,0.7760416865348816
1569840322.30087,195,0.7083333134651184
1569840322.7720497,196,0.7864583134651184
1569840323.2439795,197,0.8255208134651184
1569840323.7103508,198,0.8151041865348816
1569840324.1792252,199,0.8255208134651184
