Wall time,Step,Value
1569841178.8542986,0,0.32654762268066406
1569841179.7263207,1,0.31976190209388733
1569841180.5792072,2,0.34613096714019775
1569841181.4363391,3,0.31458333134651184
1569841182.2869544,4,0.32482144236564636
1569841183.1306753,5,0.31482142210006714
1569841183.9704742,6,0.320416659116745
1569841184.8347735,7,0.36988094449043274
1569841185.6873095,8,0.3494642972946167
1569841186.5247216,9,0.337797611951828
1569841187.3768492,10,0.33500000834465027
1569841188.2284281,11,0.30589285492897034
1569841189.0809991,12,0.3439880907535553
1569841189.92577,13,0.34119048714637756
1569841190.7712243,14,0.3378571569919586
1569841191.6162617,15,0.3391071557998657
1569841192.4613755,16,0.32380953431129456
1569841193.3015342,17,0.33267858624458313
1569841194.1766827,18,0.3159523904323578
1569841195.021278,19,0.3194047510623932
1569841195.8662124,20,0.349702388048172
1569841196.7199402,21,0.41428571939468384
1569841197.5705812,22,0.46416667103767395
1569841198.4184322,23,0.4724404811859131
1569841199.2609653,24,0.4902976155281067
1569841200.105813,25,0.5192261934280396
1569841200.9660947,26,0.49267858266830444
1569841201.8151846,27,0.49541667103767395
1569841202.6760967,28,0.505476176738739
1569841203.5193074,29,0.49392858147621155
1569841204.3675025,30,0.5366666913032532
1569841205.219542,31,0.509940505027771
1569841206.0716548,32,0.5194643139839172
1569841206.9300396,33,0.5170833468437195
1569841207.7813487,34,0.5171428322792053
1569841208.6330469,35,0.5572023987770081
1569841209.4869514,36,0.559583306312561
1569841210.3376498,37,0.5610714554786682
1569841211.1972153,38,0.5135118961334229
1569841212.0474186,39,0.5480952262878418
1569841212.9125984,40,0.5536309480667114
1569841213.768151,41,0.5942261815071106
1569841214.6173606,42,0.5676190257072449
1569841215.4681797,43,0.5892857313156128
1569841216.3195682,44,0.5797023773193359
1569841217.1763453,45,0.5827381014823914
1569841218.0207858,46,0.5602381229400635
1569841218.8729138,47,0.5719047784805298
1569841219.7204878,48,0.5848809480667114
1569841220.567633,49,0.583809494972229
1569841221.4175026,50,0.590416669845581
1569841222.271261,51,0.5948809385299683
1569841223.1348624,52,0.5899404883384705
1569841223.989438,53,0.5823809504508972
1569841224.8517957,54,0.5793452262878418
1569841225.698018,55,0.5776190757751465
1569841226.5455124,56,0.566428542137146
1569841227.387273,57,0.5751190185546875
1569841228.2372496,58,0.5869643092155457
1569841229.079929,59,0.6069047451019287
1569841229.9277554,60,0.602559506893158
1569841230.78176,61,0.6369642615318298
1569841231.6391683,62,0.6054166555404663
1569841232.4953895,63,0.6382142901420593
1569841233.350008,64,0.6107738018035889
1569841234.2022643,65,0.6082738041877747
1569841235.0494194,66,0.6428571343421936
1569841235.8978102,67,0.628928542137146
1569841236.7466137,68,0.626547634601593
1569841237.5919547,69,0.621666669845581
1569841238.4454482,70,0.6519047617912292
1569841239.293404,71,0.6197023987770081
1569841240.147148,72,0.6108333468437195
1569841240.9971313,73,0.6235714554786682
1569841241.854552,74,0.6186309456825256
1569841242.7038932,75,0.6224404573440552
1569841243.560268,76,0.6165476441383362
1569841244.4098442,77,0.602321445941925
1569841245.2654347,78,0.6092857122421265
1569841246.116264,79,0.6207737922668457
1569841246.9668152,80,0.6270833611488342
1569841247.8177397,81,0.6375595331192017
1569841248.667258,82,0.6211904883384705
1569841249.5178497,83,0.6125594973564148
1569841250.3852758,84,0.6193452477455139
1569841251.2329607,85,0.6254761815071106
1569841252.0873876,86,0.620119035243988
1569841252.9480078,87,0.6190476417541504
1569841253.8023226,88,0.619940459728241
1569841254.6395047,89,0.6422023773193359
1569841255.485976,90,0.6464880704879761
1569841256.3393054,91,0.6473214030265808
1569841257.1857345,92,0.6329166889190674
1569841258.0404239,93,0.633571445941925
1569841258.8972192,94,0.6386904716491699
1569841259.751486,95,0.6405357122421265
1569841260.5992885,96,0.6431547403335571
1569841261.4624426,97,0.633571445941925
1569841262.3074143,98,0.6426190733909607
1569841263.1649835,99,0.6411904692649841
1569841264.0151086,100,0.6352381110191345
1569841264.8713717,101,0.6407738327980042
1569841265.7217271,102,0.6474999785423279
1569841266.5613377,103,0.6292262077331543
1569841267.4011598,104,0.6216071248054504
1569841268.2466385,105,0.6383928656578064
1569841269.1046925,106,0.6420238018035889
1569841269.971878,107,0.6202976107597351
1569841270.8180802,108,0.6310714483261108
1569841271.66136,109,0.6061309576034546
1569841272.5138361,110,0.6191071271896362
1569841273.3649108,111,0.6217857003211975
1569841274.2148857,112,0.6188690662384033
1569841275.0697403,113,0.6390476226806641
1569841275.9194121,114,0.6286309361457825
1569841276.7566297,115,0.6348214149475098
1569841277.5841365,116,0.6233333349227905
1569841278.426302,117,0.6323214173316956
1569841279.2755506,118,0.6352975964546204
1569841280.1251404,119,0.633392870426178
1569841280.9727755,120,0.6282737851142883
1569841281.8207748,121,0.6441071629524231
1569841282.6602707,122,0.6436904668807983
1569841283.4916713,123,0.6390476226806641
1569841284.3268864,124,0.6454166769981384
1569841285.1753194,125,0.64041668176651
1569841286.0163193,126,0.651190459728241
1569841286.8559813,127,0.6616071462631226
1569841287.685074,128,0.6543452143669128
1569841288.5108852,129,0.6511309742927551
1569841289.352122,130,0.6492857336997986
1569841290.1768534,131,0.6647619009017944
1569841291.0113075,132,0.6592261791229248
1569841291.8443048,133,0.6432738304138184
1569841292.686187,134,0.648809552192688
1569841293.5340438,135,0.657619059085846
1569841294.3723934,136,0.6677380800247192
1569841295.2137487,137,0.6666666865348816
1569841296.046092,138,0.6545833349227905
1569841296.9492977,139,0.6623809337615967
1569841297.7994812,140,0.6785714030265808
1569841298.6431623,141,0.6607738137245178
1569841299.485114,142,0.6605356931686401
1569841300.333193,143,0.6764881014823914
1569841301.176335,144,0.6598809361457825
1569841302.0284119,145,0.6798809766769409
1569841302.880969,146,0.6577380895614624
1569841303.7227464,147,0.6585714221000671
1569841304.5698848,148,0.6502976417541504
1569841305.4213214,149,0.655654788017273
1569841306.2559628,150,0.6554166674613953
1569841307.0906315,151,0.6760714054107666
1569841307.9245462,152,0.6666666865348816
1569841308.7717729,153,0.643928587436676
1569841309.6221883,154,0.6747024059295654
1569841310.4716814,155,0.6454761624336243
1569841311.3231354,156,0.6660119295120239
1569841312.161578,157,0.6619642972946167
1569841313.0109313,158,0.6764285564422607
1569841313.8575573,159,0.654702365398407
1569841314.7033572,160,0.6708928346633911
1569841315.5516965,161,0.6715475916862488
1569841316.4004323,162,0.6598809361457825
1569841317.247429,163,0.6668452620506287
1569841318.1014354,164,0.65625
1569841318.9537072,165,0.6702380776405334
1569841319.7963555,166,0.6560714244842529
1569841320.6476424,167,0.6352975964546204
1569841321.4958704,168,0.658214271068573
1569841322.3511488,169,0.6688095331192017
1569841323.2072346,170,0.6779166460037231
1569841324.0608292,171,0.663095235824585
1569841324.9072382,172,0.6766666769981384
1569841325.7626922,173,0.6636309623718262
1569841326.6101258,174,0.6601190567016602
1569841327.461475,175,0.6738690733909607
1569841328.310857,176,0.6749404668807983
1569841329.1618166,177,0.6594047546386719
1569841330.0052826,178,0.6624404788017273
1569841330.8564868,179,0.6626190543174744
1569841331.7020752,180,0.6584523916244507
1569841332.552147,181,0.6482142806053162
1569841333.4070926,182,0.6723809242248535
1569841334.2560344,183,0.651369035243988
1569841335.11664,184,0.6620237827301025
1569841335.9661686,185,0.6802976131439209
1569841336.8117511,186,0.6738690733909607
1569841337.6571603,187,0.6594642996788025
1569841338.510895,188,0.668749988079071
1569841339.3570714,189,0.6716071367263794
1569841340.2099218,190,0.668154776096344
1569841341.0631802,191,0.6641666889190674
1569841341.9115014,192,0.6745238304138184
1569841342.7656958,193,0.6626190543174744
1569841343.6180851,194,0.6722024083137512
1569841344.4636636,195,0.6569047570228577
1569841345.3185976,196,0.6592261791229248
1569841346.1625478,197,0.6857737898826599
1569841346.9951096,198,0.6876785755157471
1569841347.8383179,199,0.6773214340209961
