Wall time,Step,Value
1569841180.5749762,0,0.22565260529518127
1569841181.4741611,1,0.28348812460899353
1569841182.3626294,2,0.27242302894592285
1569841183.228312,3,0.3276020884513855
1569841184.096521,4,0.2799113094806671
1569841184.9636812,5,0.31848224997520447
1569841185.8357515,6,0.3421393930912018
1569841186.6988006,7,0.3588520884513855
1569841187.5611825,8,0.3414909541606903
1569841188.4243712,9,0.3310742974281311
1569841189.2867985,10,0.33849984407424927
1569841190.1470459,11,0.34186747670173645
1569841191.0114677,12,0.3561956286430359
1569841191.8816228,13,0.30112114548683167
1569841192.749885,14,0.32184991240501404
1569841193.6117473,15,0.3820699453353882
1569841194.4757342,16,0.45542585849761963
1569841195.3520894,17,0.4995398223400116
1569841196.2313077,18,0.5529199838638306
1569841197.0944228,19,0.5576472282409668
1569841197.957569,20,0.532421350479126
1569841198.817825,21,0.5609521269798279
1569841199.6818838,22,0.5350778102874756
1569841200.5487607,23,0.5604710578918457
1569841201.4175782,24,0.5663278102874756
1569841202.283477,25,0.5779367685317993
1569841203.1456509,26,0.5414783954620361
1569841204.0172474,27,0.5649682283401489
1569841204.8955066,28,0.5509747266769409
1569841205.7620652,29,0.5381735563278198
1569841206.646538,30,0.5605756640434265
1569841207.5212858,31,0.5187416076660156
1569841208.3985934,32,0.5267737507820129
1569841209.2681649,33,0.5261253118515015
1569841210.1430728,34,0.5153321623802185
1569841211.0110466,35,0.5500543713569641
1569841211.8887768,36,0.5250376462936401
1569841212.751645,37,0.5585675835609436
1569841213.6334345,38,0.5417503118515015
1569841214.497395,39,0.5477744340896606
1569841215.372149,40,0.5695281028747559
1569841216.24198,41,0.5791290402412415
1569841217.1113946,42,0.5546143054962158
1569841217.9863799,43,0.5906333923339844
1569841218.8618448,44,0.5972012877464294
1569841219.7280767,45,0.5365419983863831
1569841220.591466,46,0.6021377444267273
1569841221.452022,47,0.5955697894096375
1569841222.3188736,48,0.6143950819969177
1569841223.1832232,49,0.6065303087234497
1569841224.0421042,50,0.6356676816940308
1569841224.9133282,51,0.6593248248100281
1569841225.791637,52,0.6793423891067505
1569841226.6727316,53,0.6871025562286377
1569841227.5441234,54,0.6932312846183777
1569841228.4187443,55,0.6945908665657043
1569841229.2951047,56,0.6952393054962158
1569841230.1619422,57,0.687374472618103
1569841231.0244322,58,0.6896544694900513
1569841231.8974288,59,0.6876464486122131
1569841232.7587934,60,0.6682772636413574
1569841233.6229813,61,0.6866633296012878
1569841234.4888623,62,0.693503201007843
1569841235.347608,63,0.6755982041358948
1569841236.2186694,64,0.6868306398391724
1569841237.086809,65,0.6753262877464294
1569841237.9548483,66,0.6900309324264526
1569841238.8215559,67,0.6983349919319153
1569841239.6989782,68,0.674677848815918
1569841240.570935,69,0.6773343086242676
1569841241.437376,70,0.698878824710846
1569841242.3209295,71,0.6996946334838867
1569841243.1910841,72,0.6871025562286377
1569841244.0572977,73,0.677878201007843
1569841244.9268079,74,0.6896544694900513
1569841245.7914739,75,0.6833584308624268
1569841246.6619859,76,0.6821661591529846
1569841247.5319917,77,0.6847180128097534
1569841248.401616,78,0.7023510932922363
1569841249.2731218,79,0.6797816157341003
1569841250.147518,80,0.7143365144729614
1569841251.021609,81,0.6782546639442444
1569841251.8972712,82,0.7009914517402649
1569841252.7631512,83,0.7151522636413574
1569841253.6286957,84,0.6965988874435425
1569841254.5065622,85,0.7083123922348022
1569841255.368324,86,0.7151522636413574
1569841256.2529018,87,0.7171602845191956
1569841257.1256247,88,0.7064717411994934
1569841257.9917521,89,0.7417377829551697
1569841258.8589175,90,0.7310491800308228
1569841259.7278833,91,0.7289365530014038
1569841260.5917828,92,0.7206325531005859
1569841261.4687634,93,0.7139599919319153
1569841262.3297439,94,0.7131442427635193
1569841263.207364,95,0.7172648906707764
1569841264.0817423,96,0.720151424407959
1569841264.945033,97,0.7260081768035889
1569841265.8054976,98,0.7376171350479126
1569841266.6870852,99,0.7406501173973083
1569841267.5519912,100,0.7294804453849792
1569841268.4114294,101,0.7254643440246582
1569841269.2893567,102,0.730128824710846
1569841270.1572776,103,0.7135835289955139
1569841271.0272577,104,0.7214483022689819
1569841271.8965313,105,0.7211763858795166
1569841272.7636962,106,0.7280162572860718
1569841273.6335092,107,0.7336010932922363
1569841274.4986851,108,0.7434738874435425
1569841275.3622563,109,0.7304007411003113
1569841276.233824,110,0.7219921350479126
1569841277.0958502,111,0.7378890514373779
1569841277.9623506,112,0.7501464486122131
1569841278.8379304,113,0.7368013858795166
1569841279.7134092,114,0.7356091141700745
1569841280.572063,115,0.7382655739784241
1569841281.431875,116,0.7264893054962158
1569841282.29198,117,0.7477619051933289
1569841283.1790035,118,0.7433692812919617
1569841284.0569012,119,0.7305053472518921
1569841284.9231346,120,0.742009699344635
1569841285.7875073,121,0.741193950176239
1569841286.6658094,122,0.7369686961174011
1569841287.5306034,123,0.7462977170944214
1569841288.3921406,124,0.7304007411003113
1569841289.2581446,125,0.7479292154312134
1569841290.1176887,126,0.7209044694900513
1569841290.9880068,127,0.7400016784667969
1569841291.8597589,128,0.7241047620773315
1569841292.72979,129,0.7278488874435425
1569841293.5935755,130,0.7433692812919617
1569841294.4622254,131,0.7509621977806091
1569841295.323067,132,0.7285600900650024
1569841296.1896315,133,0.7369686961174011
1569841297.0523286,134,0.7295849919319153
1569841297.9186952,135,0.7305053472518921
1569841298.7799013,136,0.7388094067573547
1569841299.6417363,137,0.7315930128097534
1569841300.5173302,138,0.717704176902771
1569841301.3820803,139,0.7391859292984009
1569841302.2488832,140,0.71368807554245
1569841303.11122,141,0.7261127829551697
1569841303.977268,142,0.7309446334838867
1569841304.8408206,143,0.7424489855766296
1569841305.7020285,144,0.7389140129089355
1569841306.5720637,145,0.7261127829551697
1569841307.438418,146,0.7289365530014038
1569841308.30884,147,0.7168883681297302
1569841309.1936264,148,0.7359856367111206
1569841310.0573652,149,0.7174322009086609
1569841310.922596,150,0.7393532395362854
1569841311.787233,151,0.7258408665657043
1569841312.6640854,152,0.712872326374054
1569841313.5322447,153,0.7173276543617249
1569841314.4000208,154,0.7376171350479126
1569841315.2638216,155,0.7249205112457275
1569841316.1435242,156,0.7241047620773315
1569841317.0121267,157,0.7419050931930542
1569841317.8837535,158,0.7440177202224731
1569841318.7509747,159,0.7300242781639099
1569841319.6188672,160,0.7295849919319153
1569841320.4919698,161,0.7332245707511902
1569841321.357137,162,0.7102158665657043
1569841322.2215555,163,0.7183525562286377
1569841323.0840826,164,0.7131442427635193
1569841323.9539485,165,0.7364248633384705
1569841324.8200479,166,0.7266566157341003
1569841325.6886456,167,0.7038152813911438
1569841326.5572069,168,0.7197121977806091
1569841327.4245102,169,0.7410893440246582
1569841328.2945304,170,0.7229124903678894
1569841329.1585977,171,0.7219921350479126
1569841330.0355835,172,0.7150477170944214
1569841330.908427,173,0.7142319083213806
1569841331.773501,174,0.717704176902771
1569841332.642116,175,0.7266566157341003
1569841333.510296,176,0.7135835289955139
1569841334.3759618,177,0.7289365530014038
1569841335.240437,178,0.7402735948562622
1569841336.1088536,179,0.7036479115486145
1569841336.9863522,180,0.7188964486122131
1569841337.8434603,181,0.7206325531005859
1569841338.717569,182,0.7295849919319153
1569841339.5888326,183,0.7277442812919617
1569841340.4597375,184,0.7084797620773315
1569841341.3300903,185,0.7079359292984009
1569841342.201935,186,0.7070155739784241
1569841343.0735414,187,0.7241047620773315
1569841343.943239,188,0.7098393440246582
1569841344.8169355,189,0.7047356367111206
1569841345.6863964,190,0.7133115530014038
1569841346.5579844,191,0.7151522636413574
1569841347.4274676,192,0.7059906125068665
1569841348.3136578,193,0.7018072009086609
1569841349.1884167,194,0.7188964486122131
1569841350.0538626,195,0.7103204727172852
1569841350.9234772,196,0.7310491800308228
1569841351.7887135,197,0.7219921350479126
1569841352.6500685,198,0.7142319083213806
1569841353.521084,199,0.7283927202224731
