Wall time,Step,Value
1569841184.5396812,0,0.2589080333709717
1569841185.5415041,1,0.33081895112991333
1569841186.5338662,2,0.31515803933143616
1569841187.5194488,3,0.34295976161956787
1569841188.4991913,4,0.3570402264595032
1569841189.4705796,5,0.4069683849811554
1569841190.4663057,6,0.44109195470809937
1569841191.4435458,7,0.4859195351600647
1569841192.4221847,8,0.4857040345668793
1569841193.4187298,9,0.5081896781921387
1569841194.3866487,10,0.49116379022598267
1569841195.366286,11,0.5055316090583801
1569841196.3752286,12,0.5009338855743408
1569841197.3687253,13,0.513002872467041
1569841198.3669512,14,0.49317529797554016
1569841199.3699985,15,0.4755028784275055
1569841200.3610368,16,0.4535919427871704
1569841201.349612,17,0.5011494159698486
1569841202.3200443,18,0.5155172348022461
1569841203.2931192,19,0.49425286054611206
1569841204.266705,20,0.5122126340866089
1569841205.245759,21,0.53074711561203
1569841206.2627652,22,0.5286638140678406
1569841207.2686675,23,0.5167385339736938
1569841208.2750733,24,0.5255746841430664
1569841209.290539,25,0.5111350417137146
1569841210.2635684,26,0.5088362097740173
1569841211.2618918,27,0.5067528486251831
1569841212.251353,28,0.49281609058380127
1569841213.2258568,29,0.5421695113182068
1569841214.2082875,30,0.5261494517326355
1569841215.2135036,31,0.5123563408851624
1569841216.1894133,32,0.5247126221656799
1569841217.1795685,33,0.5265804529190063
1569841218.1560054,34,0.545976996421814
1569841219.131237,35,0.5764367580413818
1569841220.1091993,36,0.5522270202636719
1569841221.105393,37,0.5612068772315979
1569841222.1014433,38,0.5176005959510803
1569841223.092185,39,0.5588362216949463
1569841224.0622663,40,0.5630747079849243
1569841225.0408566,41,0.5328304767608643
1569841226.0120218,42,0.5498563051223755
1569841226.9899983,43,0.5930315852165222
1569841227.9897366,44,0.556034505367279
1569841228.9871168,45,0.5765804648399353
1569841230.019051,46,0.5779454112052917
1569841230.9935093,47,0.5668103694915771
1569841231.9900393,48,0.5578304529190063
1569841232.9809692,49,0.580747127532959
1569841233.9761415,50,0.5499281883239746
1569841234.966932,51,0.5876436829566956
1569841235.9537892,52,0.5788792967796326
1569841236.9553237,53,0.5968390703201294
1569841237.9519827,54,0.606249988079071
1569841238.9530647,55,0.5947557687759399
1569841239.942862,56,0.5846982598304749
1569841240.9233854,57,0.6117815971374512
1569841241.8998682,58,0.6086925268173218
1569841242.8704689,59,0.5974856615066528
1569841243.8370557,60,0.6030890941619873
1569841244.8110237,61,0.5999281406402588
1569841245.7839825,62,0.6141523122787476
1569841246.7892694,63,0.6287356615066528
1569841247.7805972,64,0.6312500238418579
1569841248.755975,65,0.6241379380226135
1569841249.755777,66,0.6356321573257446
1569841250.728352,67,0.623275876045227
1569841251.7196846,68,0.6441091895103455
1569841252.6896415,69,0.6114224195480347
1569841253.6822789,70,0.6308189630508423
1569841254.6604805,71,0.6393678188323975
1569841255.6453545,72,0.6579023003578186
1569841256.6363037,73,0.6344109177589417
1569841257.6348252,74,0.6470546126365662
1569841258.6250598,75,0.6585488319396973
1569841259.6090848,76,0.6370689868927002
1569841260.5799031,77,0.6533045768737793
1569841261.5560715,78,0.6431034207344055
1569841262.5320442,79,0.6530891060829163
1569841263.5326471,80,0.6333333253860474
1569841264.531722,81,0.6495689749717712
1569841265.5266938,82,0.638505756855011
1569841266.5162027,83,0.6301724314689636
1569841267.5173373,84,0.6533045768737793
1569841268.5057325,85,0.6443965435028076
1569841269.4781733,86,0.6408045887947083
1569841270.4495242,87,0.6466953754425049
1569841271.459608,88,0.6581178307533264
1569841272.431236,89,0.6683189868927002
1569841273.4089613,90,0.6777299046516418
1569841274.3794346,91,0.6637930870056152
1569841275.3648496,92,0.6345546245574951
1569841276.3577218,93,0.6683189868927002
1569841277.3290343,94,0.6691810488700867
1569841278.3109038,95,0.6658046245574951
1569841279.3040867,96,0.6585488319396973
1569841280.2960014,97,0.6589798927307129
1569841281.2732952,98,0.6762930750846863
1569841282.2663226,99,0.6641523241996765
1569841283.2397342,100,0.7119252681732178
1569841284.216494,101,0.6745689511299133
1569841285.2131078,102,0.6793822050094604
1569841286.2187243,103,0.652729868888855
1569841287.213346,104,0.6829741597175598
1569841288.2047424,105,0.6841953992843628
1569841289.1762483,106,0.6854166388511658
1569841290.1862454,107,0.6802442669868469
1569841291.1689928,108,0.6558189392089844
1569841292.14132,109,0.6867097616195679
1569841293.1098924,110,0.6572557687759399
1569841294.0906951,111,0.6893678307533264
1569841295.0618024,112,0.7056753039360046
1569841296.0363688,113,0.6987787485122681
1569841297.0252256,114,0.699999988079071
1569841298.0037193,115,0.673275887966156
1569841298.992835,116,0.6973419785499573
1569841299.960548,117,0.6854166388511658
1569841300.959949,118,0.681034505367279
1569841301.929092,119,0.6981321573257446
1569841302.8996933,120,0.7077586054801941
1569841303.9085073,121,0.691523015499115
1569841304.8766227,122,0.6941810250282288
1569841305.8567114,123,0.7035201191902161
1569841306.8517847,124,0.7037356495857239
1569841307.8262043,125,0.7000718116760254
1569841308.8014064,126,0.6743534207344055
1569841309.7669425,127,0.6676723957061768
1569841310.7626667,128,0.6995689868927002
1569841311.7536566,129,0.708764374256134
1569841312.7491066,130,0.7002155184745789
1569841313.730013,131,0.6954023241996765
1569841314.6996822,132,0.7022988796234131
1569841315.703247,133,0.708764374256134
1569841316.6896667,134,0.691020131111145
1569841317.6850615,135,0.708764374256134
1569841318.6553876,136,0.6954023241996765
1569841319.6366916,137,0.7056753039360046
1569841320.6426163,138,0.7048132419586182
1569841321.6318734,139,0.6841235756874084
1569841322.5970712,140,0.7076867818832397
1569841323.5948672,141,0.6897988319396973
1569841324.594989,142,0.7119252681732178
1569841325.5762455,143,0.6937500238418579
1569841326.60263,144,0.7027298808097839
1569841327.5727453,145,0.6906608939170837
1569841328.5433245,146,0.7150143384933472
1569841329.5280533,147,0.7102011442184448
1569841330.5280054,148,0.7025143504142761
1569841331.527822,149,0.692744255065918
1569841332.5113847,150,0.7176724076271057
1569841333.5148466,151,0.6981321573257446
1569841334.5066104,152,0.6937500238418579
1569841335.480848,153,0.7079023122787476
1569841336.44956,154,0.7064655423164368
1569841337.444194,155,0.7169540524482727
1569841338.433607,156,0.7022988796234131
1569841339.4365819,157,0.7098419666290283
1569841340.4429371,158,0.7075430750846863
1569841341.4474154,159,0.7169540524482727
1569841342.4211564,160,0.7200431227684021
1569841343.4194458,161,0.7091953754425049
1569841344.3957114,162,0.7106322050094604
1569841345.3709261,163,0.7179597616195679
1569841346.3678572,164,0.7010775804519653
1569841347.3625789,165,0.7244253158569336
1569841348.3390954,166,0.7131465673446655
1569841349.3372025,167,0.7071120738983154
1569841350.3329575,168,0.6872844696044922
1569841351.3238978,169,0.7058908343315125
1569841352.3161693,170,0.7048132419586182
1569841353.3090296,171,0.6904454231262207
1569841354.3014257,172,0.7216954231262207
1569841355.281242,173,0.7135775685310364
1569841356.2957027,174,0.7071120738983154
1569841357.3633761,175,0.6975574493408203
1569841358.4064531,176,0.7100574970245361
1569841359.461351,177,0.7039511203765869
1569841360.518921,178,0.7071120738983154
1569841361.5322316,179,0.7083333134651184
1569841362.5604498,180,0.7098419666290283
1569841363.5705116,181,0.7179597616195679
1569841364.5635824,182,0.7083333134651184
1569841365.629923,183,0.7158764600753784
1569841366.6322634,184,0.7089799046516418
1569841367.6248786,185,0.7210488319396973
1569841368.6121917,186,0.6983476877212524
1569841369.6044233,187,0.7073276042938232
1569841370.6082485,188,0.7085488438606262
1569841371.5918906,189,0.7096264362335205
1569841372.571763,190,0.6900143623352051
1569841373.5476596,191,0.7114942669868469
1569841374.5549817,192,0.7147988677024841
1569841375.536857,193,0.7523707151412964
1569841376.546076,194,0.6979885101318359
1569841377.569344,195,0.7022988796234131
1569841378.5794652,196,0.7185344696044922
1569841379.584801,197,0.7112787365913391
1569841380.5918303,198,0.7004310488700867
1569841381.6177247,199,0.7158764600753784
