Wall time,Step,Value
1569841172.9953692,0,0.23558272421360016
1569841173.9896748,1,0.2619263231754303
1569841174.966108,2,0.3163496255874634
1569841175.9555202,3,0.3253321349620819
1569841176.9493346,4,0.32737016677856445
1569841177.9392233,5,0.32563406229019165
1569841178.9154902,6,0.34208938479423523
1569841179.8960307,7,0.2949124276638031
1569841180.9830978,8,0.3226902186870575
1569841181.9566004,9,0.32676631212234497
1569841182.9597101,10,0.3444293439388275
1569841183.9688606,11,0.3097071349620819
1569841184.9911523,12,0.30306461453437805
1569841186.002923,13,0.32910627126693726
1569841186.999499,14,0.31982186436653137
1569841188.0368488,15,0.30563104152679443
1569841189.051687,16,0.29461050033569336
1569841190.059798,17,0.29287439584732056
1569841191.0797539,18,0.3319746255874634
1569841192.11089,19,0.3079710006713867
1569841193.1321468,20,0.3494112193584442
1569841194.1686406,21,0.28479769825935364
1569841195.1781764,22,0.32389795780181885
1569841196.18044,23,0.2995169162750244
1569841197.1899343,24,0.31083938479423523
1569841198.2809565,25,0.3201237916946411
1569841199.3682067,26,0.3475996255874634
1569841200.3457882,27,0.33371075987815857
1569841201.330511,28,0.31083938479423523
1569841202.3101532,29,0.3860960006713867
1569841203.303559,30,0.376283198595047
1569841204.285911,31,0.3878321349620819
1569841205.269544,32,0.4190821349620819
1569841206.260506,33,0.4248943328857422
1569841207.3764944,34,0.46799516677856445
1569841208.4615848,35,0.47380736470222473
1569841209.476759,36,0.47056159377098083
1569841210.4893944,37,0.49811291694641113
1569841211.5044367,38,0.5169082283973694
1569841212.4871645,39,0.48626208305358887
1569841213.5055485,40,0.5209842920303345
1569841214.5025399,41,0.49901872873306274
1569841215.486419,42,0.5100392699241638
1569841216.541021,43,0.48362016677856445
1569841217.6558456,44,0.49864131212234497
1569841218.7289984,45,0.4908665418624878
1569841219.713347,46,0.5360808968544006
1569841220.6964312,47,0.5569142699241638
1569841221.669803,48,0.520380437374115
1569841222.64352,49,0.4926026463508606
1569841223.6403172,50,0.4960748851299286
1569841224.6202688,51,0.5560084581375122
1569841225.6122782,52,0.4919987916946411
1569841226.6955736,53,0.525286853313446
1569841227.8080819,54,0.5180404782295227
1569841228.8073585,55,0.5933725833892822
1569841229.8037271,56,0.5632548332214355
1569841230.777371,57,0.5545742511749268
1569841231.759181,58,0.5588768124580383
1569841232.7527914,59,0.5542723536491394
1569841233.748184,60,0.5400815010070801
1569841234.7476168,61,0.5664251446723938
1569841235.8440077,62,0.6234903335571289
1569841236.9259539,63,0.5875604152679443
1569841237.9083543,64,0.5765398740768433
1569841238.886586,65,0.5710296034812927
1569841239.8843167,66,0.5930706262588501
1569841240.8527067,67,0.6280947923660278
1569841241.8538043,68,0.6150362491607666
1569841242.8235526,69,0.6144323945045471
1569841243.8091393,70,0.6312651038169861
1569841244.911789,71,0.6480223536491394
1569841245.9964342,72,0.6524003744125366
1569841246.985345,73,0.6454558968544006
1569841247.9925416,74,0.664553165435791
1569841248.9899714,75,0.6312651038169861
1569841249.992113,76,0.6393417716026306
1569841250.9907517,77,0.6570048332214355
1569841251.9907057,78,0.6535326242446899
1569841252.9982939,79,0.6500604152679443
1569841254.0062654,80,0.6741394996643066
1569841255.1028244,81,0.6520984172821045
1569841256.146135,82,0.6535326242446899
1569841257.1208146,83,0.6480223536491394
1569841258.0965474,84,0.6213768124580383
1569841259.0910676,85,0.6590428948402405
1569841260.088129,86,0.6714975833892822
1569841261.0619528,87,0.6776117086410522
1569841262.063548,88,0.6651570200920105
1569841263.1075597,89,0.6662892699241638
1569841264.22086,90,0.6558725833892822
1569841265.2917285,91,0.6680253744125366
1569841266.2655377,92,0.6601751446723938
1569841267.2455227,93,0.6570048332214355
1569841268.2209516,94,0.6677234172821045
1569841269.195896,95,0.6526268124580383
1569841270.169942,96,0.657608687877655
1569841271.151428,97,0.6871225833892822
1569841272.138032,98,0.6749697923660278
1569841273.2298381,99,0.6677234172821045
1569841274.3176837,100,0.6630434989929199
1569841275.3005314,101,0.664553165435791
1569841276.2806647,102,0.6749697923660278
1569841277.2979438,103,0.6587409377098083
1569841278.297403,104,0.6874245405197144
1569841279.2912173,105,0.6685537695884705
1569841280.2691917,106,0.7033514380455017
1569841281.246428,107,0.6920289993286133
1569841282.3454463,108,0.6896889805793762
1569841283.4283159,109,0.6998792290687561
1569841284.4056482,110,0.6899909377098083
1569841285.3966663,111,0.7238828539848328
1569841286.3887901,112,0.7204106450080872
1569841287.4055922,113,0.7062197923660278
1569841288.420603,114,0.6818387508392334
1569841289.409365,115,0.7111262083053589
1569841290.4414334,116,0.7238828539848328
1569841291.6043258,117,0.7276570200920105
1569841292.7827482,118,0.7079558968544006
1569841293.8191986,119,0.6723278760910034
1569841294.872465,120,0.6784420013427734
1569841295.9212556,121,0.7210144996643066
1569841296.9704454,122,0.7073520421981812
1569841297.9828475,123,0.6986715197563171
1569841298.9992123,124,0.6456823945045471
1569841299.9945164,125,0.6792723536491394
1569841301.0988371,126,0.6986715197563171
1569841302.2218337,127,0.7093901038169861
1569841303.2788239,128,0.7158061861991882
1569841304.2950342,129,0.715202271938324
1569841305.300687,130,0.7145984172821045
1569841306.3423548,131,0.7508302927017212
1569841307.3777008,132,0.7241848111152649
1569841308.4051464,133,0.7389794588088989
1569841309.4517443,134,0.7102203965187073
1569841310.54654,135,0.7059178948402405
1569841311.6797113,136,0.6899909377098083
1569841312.8128362,137,0.7035778760910034
1569841313.8070235,138,0.7459239363670349
1569841314.8246164,139,0.6948973536491394
1569841315.7983718,140,0.7287892699241638
1569841316.7761018,141,0.730827271938324
1569841317.7766242,142,0.7215428948402405
1569841318.7823322,143,0.7250151038169861
1569841319.7873423,144,0.7273550629615784
1569841320.8939545,145,0.7380736470222473
1569841321.8927262,146,0.7336956262588501
1569841322.8599782,147,0.7125604152679443
1569841323.8625078,148,0.7207125425338745
1569841324.8592856,149,0.7349033951759338
1569841325.868453,150,0.7024456262588501
1569841326.8478935,151,0.7169383764266968
1569841327.8400536,152,0.7001056671142578
1569841328.8265333,153,0.6989734172821045
1569841329.9372563,154,0.7238828539848328
1569841331.0423853,155,0.7346014380455017
1569841332.0178292,156,0.7081823945045471
1569841332.9976745,157,0.6998037695884705
1569841333.997828,158,0.7001056671142578
1569841334.9923499,159,0.727053165435791
1569841335.9866803,160,0.72214674949646
1569841336.9905965,161,0.7134661674499512
1569841337.9667053,162,0.7038798332214355
1569841339.072327,163,0.741847813129425
1569841340.1654875,164,0.7259209156036377
1569841341.2012918,165,0.7041817903518677
1569841342.200845,166,0.7305253744125366
1569841343.2030315,167,0.7073520421981812
1569841344.1729603,168,0.7145984172821045
1569841345.1617098,169,0.7195048332214355
1569841346.1445856,170,0.72214674949646
1569841347.1430314,171,0.6676479578018188
1569841348.2162986,172,0.6873490214347839
1569841349.3051288,173,0.72214674949646
1569841350.3334348,174,0.73777174949646
1569841351.3353844,175,0.7059178948402405
1569841352.3310702,176,0.7346014380455017
1569841353.3038394,177,0.7235808968544006
1569841354.2793622,178,0.7198067903518677
1569841355.2562406,179,0.6896889805793762
1569841356.2463856,180,0.7035778760910034
1569841357.2936742,181,0.7339975833892822
1569841358.3704026,182,0.6960296034812927
1569841359.453089,183,0.7227506041526794
1569841360.4442747,184,0.7577747702598572
1569841361.4169927,185,0.7155042290687561
1569841362.4005542,186,0.730827271938324
1569841363.4050255,187,0.7070501446723938
1569841364.4050643,188,0.7305253744125366
1569841365.3760073,189,0.7273550629615784
1569841366.3559499,190,0.7293931245803833
1569841367.4657934,191,0.6972373127937317
1569841368.5404773,192,0.7287892699241638
1569841369.5267975,193,0.7007095217704773
1569841370.5362468,194,0.713994562625885
1569841371.5140014,195,0.7180706262588501
1569841372.4891222,196,0.7186745405197144
1569841373.4661531,197,0.7024456262588501
1569841374.4621665,198,0.6893870830535889
1569841375.4576237,199,0.7041817903518677
