Wall time,Step,Value
1569841378.7303507,0,0.22607821226119995
1569841379.5834675,1,0.3320358097553253
1569841380.418499,2,0.37044957280158997
1569841381.245034,3,0.35127922892570496
1569841382.0731611,4,0.37404969334602356
1569841382.8980784,5,0.3842836320400238
1569841383.7093656,6,0.36516812443733215
1569841384.5137503,7,0.38095760345458984
1569841385.3280516,8,0.3773757219314575
1569841386.1329553,9,0.3740314245223999
1569841386.938064,10,0.3703216314315796
1569841387.7637346,11,0.4086805582046509
1569841388.593233,12,0.41571637988090515
1569841389.410884,13,0.4625365436077118
1569841390.2171178,14,0.4400402009487152
1569841391.0231254,15,0.47119882702827454
1569841391.83253,16,0.48002558946609497
1569841392.63802,17,0.5077667832374573
1569841393.442734,18,0.535581111907959
1569841394.2556815,19,0.5443896055221558
1569841395.0589995,20,0.5234649181365967
1569841395.8711329,21,0.519974410533905
1569841396.678405,22,0.5687134265899658
1569841397.4863458,23,0.570376455783844
1569841398.288956,24,0.5949561595916748
1569841399.099926,25,0.5842836499214172
1569841399.9035592,26,0.5913925170898438
1569841400.722289,27,0.601772665977478
1569841401.5580115,28,0.6120613813400269
1569841402.3722582,29,0.5914291143417358
1569841403.1768641,30,0.6087719202041626
1569841403.9961271,31,0.6191703081130981
1569841404.8076763,32,0.6018275022506714
1569841405.6227436,33,0.6313048005104065
1569841406.4255865,34,0.6105263233184814
1569841407.2311733,35,0.5982638597488403
1569841408.0338187,36,0.6191337704658508
1569841408.84153,37,0.6329495906829834
1569841409.6511102,38,0.6434941291809082
1569841410.4637458,39,0.6503472328186035
1569841411.288902,40,0.6191520690917969
1569841412.1032293,41,0.6192799806594849
1569841412.912495,42,0.6433662176132202
1569841413.7257588,43,0.6417580246925354
1569841414.5312862,44,0.6331871151924133
1569841415.3332453,45,0.6418311595916748
1569841416.1373472,46,0.6468932628631592
1569841416.9385777,47,0.6659904718399048
1569841417.74331,48,0.6417763233184814
1569841418.5486379,49,0.6330957412719727
1569841419.3523633,50,0.6573647856712341
1569841420.1775396,51,0.655701756477356
1569841421.0018466,52,0.6435124278068542
1569841421.8346303,53,0.6695906519889832
1569841422.6652558,54,0.6453033685684204
1569841423.498785,55,0.6503289341926575
1569841424.3243256,56,0.657328188419342
1569841425.1382523,57,0.6295321583747864
1569841425.966621,58,0.6590460538864136
1569841426.7731335,59,0.6556103825569153
1569841427.5960746,60,0.6991227865219116
1569841428.4035184,61,0.6330775022506714
1569841429.2194054,62,0.6243969202041626
1569841430.0385036,63,0.6798245906829834
1569841430.8713984,64,0.652302622795105
1569841431.7113185,65,0.6539838910102844
1569841432.5405438,66,0.6643823385238647
1569841433.3593216,67,0.6782346367835999
1569841434.1715653,68,0.6747441291809082
1569841434.9820454,69,0.6818713545799255
1569841435.7867005,70,0.6676900386810303
1569841436.5916495,71,0.676480233669281
1569841437.4068868,72,0.6851608157157898
1569841438.2164683,73,0.6904239654541016
1569841439.025582,74,0.6608369946479797
1569841439.8298795,75,0.6678727865219116
1569841440.6394434,76,0.6382492780685425
1569841441.4585876,77,0.6382492780685425
1569841442.286753,78,0.6799707412719727
1569841443.11287,79,0.6886513233184814
1569841443.941135,80,0.6695541143417358
1569841444.7698383,81,0.6730993986129761
1569841445.6010838,82,0.6695175170898438
1569841446.4176958,83,0.699177622795105
1569841447.2434752,84,0.6974232196807861
1569841448.0585582,85,0.6957419514656067
1569841448.8743694,86,0.6816337704658508
1569841449.6978414,87,0.7095394730567932
1569841450.5238814,88,0.6834795475006104
1569841451.3473976,89,0.6921418309211731
1569841452.170961,90,0.6661549806594849
1569841453.0094433,91,0.671345055103302
1569841453.843453,92,0.655573844909668
1569841454.654207,93,0.6957967877388
1569841455.4620302,94,0.6920504570007324
1569841456.2945912,95,0.6938413977622986
1569841457.1297212,96,0.7163377404212952
1569841457.9677243,97,0.6765350699424744
1569841458.8001199,98,0.6695906519889832
1569841459.6341965,99,0.7026315927505493
1569841460.4709537,100,0.6764071583747864
1569841461.3111162,101,0.6852704882621765
1569841462.1284628,102,0.7027595043182373
1569841462.9879627,103,0.6713998317718506
1569841463.8033595,104,0.70272296667099
1569841464.6296563,105,0.6939144730567932
1569841465.474705,106,0.6800438761711121
1569841466.287316,107,0.6730993986129761
1569841467.0963757,108,0.6921600699424744
1569841467.8989236,109,0.6921966671943665
1569841468.7090845,110,0.683406412601471
1569841469.518142,111,0.6851791143417358
1569841470.33226,112,0.699031412601471
1569841471.1411123,113,0.676480233669281
1569841471.9530854,114,0.6747807264328003
1569841472.7641716,115,0.6748355031013489
1569841473.5776193,116,0.6833698749542236
1569841474.388931,117,0.6990131735801697
1569841475.1980658,118,0.7112938761711121
1569841476.0093799,119,0.6887243986129761
1569841476.8253741,120,0.6746710538864136
1569841477.6540565,121,0.7008041143417358
1569841478.4798033,122,0.6766082048416138
1569841479.295191,123,0.7043128609657288
1569841480.1011446,124,0.6817434430122375
1569841480.911813,125,0.7078399062156677
1569841481.7380128,126,0.718201756477356
1569841482.545379,127,0.692105233669281
1569841483.351603,128,0.6920686960220337
1569841484.1565998,129,0.699195921421051
1569841484.9658074,130,0.6870248317718506
1569841485.7764642,131,0.6800438761711121
1569841486.6082356,132,0.6817799806594849
1569841487.4396448,133,0.6834795475006104
1569841488.2557158,134,0.6853435635566711
1569841489.0891428,135,0.6955592036247253
1569841489.8989565,136,0.6940423846244812
1569841490.7017503,137,0.667781412601471
1569841491.5119276,138,0.6746527552604675
1569841492.3333323,139,0.6764619946479797
1569841493.1599836,140,0.7060855031013489
1569841493.9820275,141,0.6817799806594849
1569841494.8098626,142,0.683424711227417
1569841495.6242206,143,0.667781412601471
1569841496.4448898,144,0.6956688761711121
1569841497.2726772,145,0.6765533685684204
1569841498.1030462,146,0.6973866820335388
1569841498.9326026,147,0.7200475335121155
1569841499.7609887,148,0.6956688761711121
1569841500.5889277,149,0.6956323385238647
1569841501.4021964,150,0.702704668045044
1569841502.2085571,151,0.692123532295227
1569841503.0181394,152,0.6955592036247253
1569841503.8438132,153,0.6730080246925354
1569841504.6696837,154,0.6905336380004883
1569841505.483218,155,0.671454668045044
1569841506.3123782,156,0.6886147856712341
1569841507.1433372,157,0.699049711227417
1569841507.9724815,158,0.6973684430122375
1569841508.7833085,159,0.6868786811828613
1569841509.5931642,160,0.676498532295227
1569841510.4033213,161,0.6817982196807861
1569841511.2154756,162,0.6800073385238647
1569841512.027591,163,0.702704668045044
1569841512.8413875,164,0.695650577545166
1569841513.6642756,165,0.6974232196807861
1569841514.4967215,166,0.7112390398979187
1569841515.324822,167,0.6695723533630371
1569841516.1499834,168,0.7026681303977966
1569841516.9782145,169,0.6886695623397827
1569841517.8037694,170,0.7060855031013489
1569841518.6224275,171,0.7059758901596069
1569841519.443052,172,0.7112573385238647
1569841520.2805228,173,0.7077668309211731
1569841521.1110957,174,0.7042580246925354
1569841521.9409928,175,0.7009320259094238
1569841522.7530172,176,0.6888706088066101
1569841523.5936103,177,0.7061768770217896
1569841524.4288113,178,0.7218201756477356
1569841525.2503562,179,0.6816703081130981
1569841526.0579882,180,0.6921600699424744
1569841526.860837,181,0.6938048005104065
1569841527.6720533,182,0.6851973533630371
1569841528.4777298,183,0.7061038017272949
1569841529.2815745,184,0.7095029354095459
1569841530.0882742,185,0.7163925170898438
1569841530.8935604,186,0.7251461744308472
1569841531.719489,187,0.7148757576942444
1569841532.5430825,188,0.7216008901596069
1569841533.3480134,189,0.7008771896362305
1569841534.1618307,190,0.7043859362602234
1569841534.9718065,191,0.707748532295227
1569841535.7809162,192,0.7075840830802917
1569841536.5897908,193,0.7078947424888611
1569841537.416572,194,0.721747100353241
1569841538.2445707,195,0.7200657725334167
1569841539.0612748,196,0.7078033685684204
1569841539.8653245,197,0.7129386067390442
1569841540.6698756,198,0.7286184430122375
1569841541.4820297,199,0.7043493986129761
