Wall time,Step,Value
1569841315.461977,0,0.38448581099510193
1569841316.2763302,1,0.3474290668964386
1569841317.0712607,2,0.3429964482784271
1569841317.8722398,3,0.3202570974826813
1569841318.671455,4,0.32433509826660156
1569841319.4719646,5,0.3201684355735779
1569841320.2622545,6,0.31755319237709045
1569841321.0596602,7,0.3430851101875305
1569841321.852048,8,0.33240246772766113
1569841322.665836,9,0.3408244550228119
1569841323.4680755,10,0.3583776652812958
1569841324.261803,11,0.34543439745903015
1569841325.060207,12,0.3261524736881256
1569841325.8542747,13,0.30722516775131226
1569841326.6526375,14,0.3409131169319153
1569841327.4540894,15,0.30359041690826416
1569841328.257591,16,0.31799644231796265
1569841329.0653195,17,0.3261524736881256
1569841329.8620687,18,0.2992464601993561
1569841330.6617131,19,0.3579343855381012
1569841331.4602456,20,0.30757978558540344
1569841332.25671,21,0.4477836787700653
1569841333.060991,22,0.39109042286872864
1569841333.8624585,23,0.40159574151039124
1569841334.6576889,24,0.4375443160533905
1569841335.4576337,25,0.4055851101875305
1569841336.2515779,26,0.4436170160770416
1569841337.052623,27,0.4517730474472046
1569841337.8480422,28,0.46001774072647095
1569841338.6420958,29,0.4414450228214264
1569841339.436459,30,0.4686170220375061
1569841340.2351198,31,0.49769502878189087
1569841341.0322032,32,0.4898936152458191
1569841341.8325982,33,0.44552305340766907
1569841342.6374009,34,0.4751329720020294
1569841343.4339767,35,0.5059397220611572
1569841344.2368352,36,0.4786790907382965
1569841345.034008,37,0.47061169147491455
1569841345.838101,38,0.4852837026119232
1569841346.628237,39,0.4940602779388428
1569841347.4395983,40,0.5085549354553223
1569841348.2498097,41,0.5337322950363159
1569841349.0570586,42,0.525132954120636
1569841349.871674,43,0.4961436092853546
1569841350.6670196,44,0.48129433393478394
1569841351.4824386,45,0.4998670220375061
1569841352.2722456,46,0.51742023229599
1569841353.0659862,47,0.49507978558540344
1569841353.85814,48,0.5084663033485413
1569841354.6523955,49,0.46409574151039124
1569841355.4548254,50,0.49787235260009766
1569841356.2571707,51,0.5027482509613037
1569841357.0552254,52,0.48745566606521606
1569841357.857644,53,0.43882977962493896
1569841358.647987,54,0.4897163212299347
1569841359.4472833,55,0.4579344093799591
1569841360.245327,56,0.46028369665145874
1569841361.0450861,57,0.46418440341949463
1569841361.8506284,58,0.4682624042034149
1569841362.6418133,59,0.4999556839466095
1569841363.431936,60,0.5646276473999023
1569841364.2261674,61,0.5918883085250854
1569841365.0222287,62,0.5752216577529907
1569841365.8153093,63,0.5984042286872864
1569841366.6097653,64,0.6003989577293396
1569841367.405178,65,0.602482259273529
1569841368.201821,66,0.587632954120636
1569841368.9976053,67,0.6070922017097473
1569841369.801571,68,0.6046542525291443
1569841370.621818,69,0.6253989338874817
1569841371.4182456,70,0.6318262219429016
1569841372.2120903,71,0.6070922017097473
1569841373.011153,72,0.6297429203987122
1569841373.8133364,73,0.6175975203514099
1569841374.6110404,74,0.6106383204460144
1569841375.402212,75,0.6169769763946533
1569841376.2219965,76,0.6295655965805054
1569841377.0103686,77,0.6295655965805054
1569841377.8374276,78,0.6168882846832275
1569841378.6529195,79,0.6377216577529907
1569841379.4558272,80,0.6504876017570496
1569841380.2944446,81,0.6335549354553223
1569841381.165152,82,0.6674202084541321
1569841382.0193565,83,0.6507535576820374
1569841382.8670456,84,0.6462322473526001
1569841383.6992917,85,0.6442375779151917
1569841384.5424116,86,0.6635195016860962
1569841385.3721027,87,0.6805408000946045
1569841386.2078624,88,0.6633421778678894
1569841387.053995,89,0.6758422255516052
1569841387.9223995,90,0.6814716458320618
1569841388.753965,91,0.6695922017097473
1569841389.6079414,92,0.6695035696029663
1569841390.4857368,93,0.6630762219429016
1569841391.3432484,94,0.6859042644500732
1569841392.205834,95,0.6882535219192505
1569841393.0459223,96,0.6903368830680847
1569841393.9090407,97,0.7005762457847595
1569841394.7620504,98,0.6775709390640259
1569841395.5946803,99,0.7134308218955994
1569841396.4452658,100,0.7092641592025757
1569841397.3004746,101,0.723847508430481
1569841398.1220763,102,0.6945921778678894
1569841398.9447465,103,0.6819148659706116
1569841399.7679324,104,0.7280141711235046
1569841400.597168,105,0.7347961068153381
1569841401.4072237,106,0.683643639087677
1569841402.2355182,107,0.7072694897651672
1569841403.0611064,108,0.7236701846122742
1569841403.9123406,109,0.7306294441223145
1569841404.7376387,110,0.7281914949417114
1569841405.5582914,111,0.7261081337928772
1569841406.3840075,112,0.7305407524108887
1569841407.1904392,113,0.7132535576820374
1569841407.9916856,114,0.7154255509376526
1569841408.797642,115,0.7254875898361206
1569841409.601012,116,0.7366134524345398
1569841410.429225,117,0.7297428846359253
1569841411.2385523,118,0.7278369069099426
1569841412.0321586,119,0.7366134524345398
1569841412.8475864,120,0.7175975441932678
1569841413.6629128,121,0.7280141711235046
1569841414.4777684,122,0.7446808218955994
1569841415.2747736,123,0.7321808338165283
1569841416.077138,124,0.7196808457374573
1569841416.877959,125,0.7172428965568542
1569841417.691543,126,0.7342641949653625
1569841418.4968164,127,0.7213209271430969
1569841419.3170874,128,0.7176861763000488
1569841420.1111813,129,0.7640514373779297
1569841420.9178562,130,0.7300975322723389
1569841421.7169216,131,0.7342641949653625
1569841422.5163596,132,0.7385194897651672
1569841423.324596,133,0.7346187829971313
1569841424.1224868,134,0.7110815644264221
1569841424.9319682,135,0.7448581457138062
1569841425.736291,136,0.7300975322723389
1569841426.5553336,137,0.7089095711708069
1569841427.352671,138,0.7427748441696167
1569841428.1473782,139,0.7253989577293396
1569841428.9400282,140,0.7085549831390381
1569841429.7381914,141,0.757535457611084
1569841430.5677881,142,0.7492907643318176
1569841431.3869367,143,0.7384308576583862
1569841432.1968737,144,0.7528368830680847
1569841433.0226774,145,0.7614361643791199
1569841433.8436308,146,0.7212322950363159
1569841434.6629462,147,0.7556294202804565
1569841435.4847448,148,0.7509308457374573
1569841436.3023474,149,0.7556294202804565
1569841437.102294,150,0.769946813583374
1569841437.9112177,151,0.7656028270721436
1569841438.7181818,152,0.7678634524345398
1569841439.5262487,153,0.7612588405609131
1569841440.3279555,154,0.7636967897415161
1569841441.1312857,155,0.7552748322486877
1569841441.9355078,156,0.7615247964859009
1569841442.7385826,157,0.7509308457374573
1569841443.536203,158,0.7236701846122742
1569841444.327581,159,0.7617021203041077
1569841445.1277957,160,0.7447695136070251
1569841445.9221013,161,0.7299202084541321
1569841446.7181509,162,0.7402482032775879
1569841447.5084853,163,0.7382535338401794
1569841448.3102875,164,0.770035445690155
1569841449.110663,165,0.73617023229599
1569841449.9174993,166,0.7404255270957947
1569841450.7258499,167,0.7596188187599182
1569841451.5243764,168,0.7678634524345398
1569841452.332164,169,0.7508422136306763
1569841453.1387672,170,0.7637854814529419
1569841453.9324625,171,0.7510194778442383
1569841454.7371275,172,0.7360815405845642
1569841455.5361452,173,0.7681294083595276
1569841456.3382413,174,0.7401595711708069
1569841457.1463706,175,0.7657801508903503
1569841457.9509428,176,0.755097508430481
1569841458.7517834,177,0.7555407881736755
1569841459.5480733,178,0.7364361882209778
1569841460.3519387,179,0.723847508430481
1569841461.1481853,180,0.733909547328949
1569841461.940995,181,0.7616134881973267
1569841462.7353737,182,0.7638741135597229
1569841463.53338,183,0.757624089717865
1569841464.3317578,184,0.7382535338401794
1569841465.136541,185,0.7678634524345398
1569841465.9449792,186,0.7383422255516052
1569841466.748308,187,0.7341755032539368
1569841467.54587,188,0.7597074508666992
1569841468.3424318,189,0.7510194778442383
1569841469.1413386,190,0.7342641949653625
1569841469.9471655,191,0.7660461068153381
1569841470.7608516,192,0.7444148659706116
1569841471.5616934,193,0.7403368949890137
1569841472.358269,194,0.7805407643318176
1569841473.1606085,195,0.7385194897651672
1569841473.9695241,196,0.7278369069099426
1569841474.762034,197,0.7595301270484924
1569841475.5601804,198,0.7509308457374573
1569841476.3515832,199,0.7470301389694214
