Wall time,Step,Value
1569841349.0151668,0,0.3273809552192688
1569841349.8700771,1,0.4012896716594696
1569841350.7109249,2,0.38955026865005493
1569841351.5528932,3,0.389384925365448
1569841352.385208,4,0.39302247762680054
1569841353.2055488,5,0.38855820894241333
1569841354.0330386,6,0.39252644777297974
1569841354.857385,7,0.3442460298538208
1569841355.6752865,8,0.33845898509025574
1569841356.495241,9,0.37070104479789734
1569841357.3144243,10,0.383432537317276
1569841358.1374671,11,0.36888226866722107
1569841358.956176,12,0.37681877613067627
1569841359.7729747,13,0.33300265669822693
1569841360.5932484,14,0.34441137313842773
1569841361.4109817,15,0.32820767164230347
1569841362.2290204,16,0.37466931343078613
1569841363.0454304,17,0.37516534328460693
1569841363.8676138,18,0.3804563581943512
1569841364.685284,19,0.37731480598449707
1569841365.504083,20,0.37516534328460693
1569841366.328603,21,0.3824404776096344
1569841367.1498098,22,0.41335979104042053
1569841367.9705114,23,0.45403438806533813
1569841368.7943761,24,0.4429563581943512
1569841369.618465,25,0.4841269850730896
1569841370.4362025,26,0.47238755226135254
1569841371.259966,27,0.4474206268787384
1569841372.0754743,28,0.47304895520210266
1569841372.9174364,29,0.43584656715393066
1569841373.754154,30,0.49090608954429626
1569841374.5754082,31,0.4652777910232544
1569841375.3952053,32,0.49735450744628906
1569841376.2196567,33,0.5079365372657776
1569841377.0414085,34,0.49289020895957947
1569841377.8654222,35,0.5081018805503845
1569841378.698619,36,0.5249669551849365
1569841379.5191116,37,0.5279431343078613
1569841380.3426502,38,0.474702388048172
1569841381.1679087,39,0.5128968358039856
1569841381.9961188,40,0.5363756418228149
1569841382.8364158,41,0.4905754029750824
1569841383.6865804,42,0.5072751045227051
1569841384.5097384,43,0.4955357015132904
1569841385.3284624,44,0.47800925374031067
1569841386.1542447,45,0.5333994626998901
1569841386.9729774,46,0.5186838507652283
1569841387.789802,47,0.5196759104728699
1569841388.614302,48,0.4980158805847168
1569841389.4390545,49,0.4995039701461792
1569841390.2689981,50,0.4841269850730896
1569841391.1029773,51,0.5145502686500549
1569841391.930118,52,0.5324074029922485
1569841392.7714674,53,0.5282738208770752
1569841393.5931242,54,0.5013227462768555
1569841394.4152288,55,0.47189152240753174
1569841395.2355967,56,0.5249669551849365
1569841396.077535,57,0.5370370149612427
1569841396.8988688,58,0.49669313430786133
1569841397.71858,59,0.5127314925193787
1569841398.5784202,60,0.5449735522270203
1569841399.3997035,61,0.5309193134307861
1569841400.2203436,62,0.6010251045227051
1569841401.0445147,63,0.5772156119346619
1569841401.8633208,64,0.6119378209114075
1569841402.680662,65,0.6152446866035461
1569841403.4995642,66,0.629960298538208
1569841404.3487062,67,0.6180555820465088
1569841405.1799018,68,0.6405423283576965
1569841406.0026188,69,0.6314483880996704
1569841406.825044,70,0.6403769850730896
1569841407.6411467,71,0.6570767164230347
1569841408.4704967,72,0.6335979104042053
1569841409.2973924,73,0.663855791091919
1569841410.1192403,74,0.6322751045227051
1569841410.9585254,75,0.6499669551849365
1569841411.7749152,76,0.6420304179191589
1569841412.5999246,77,0.6440145373344421
1569841413.4204295,78,0.6803902387619019
1569841414.2458436,79,0.6747685074806213
1569841415.0610888,80,0.6727843880653381
1569841415.87972,81,0.6694775223731995
1569841416.6992972,82,0.6620370149612427
1569841417.5232291,83,0.6779100298881531
1569841418.345643,84,0.680059552192688
1569841419.1659725,85,0.6704695820808411
1569841419.9858305,86,0.6727843880653381
1569841420.8051348,87,0.6732804179191589
1569841421.6204789,88,0.6686508059501648
1569841422.4447823,89,0.6808862686157227
1569841423.26692,90,0.6769179701805115
1569841424.0862107,91,0.7116402387619019
1569841424.9030945,92,0.6883267164230347
1569841425.7252169,93,0.689980149269104
1569841426.5432348,94,0.6828703880310059
1569841427.3612072,95,0.6913028955459595
1569841428.1806376,96,0.689980149269104
1569841429.0011923,97,0.7121362686157227
1569841429.81862,98,0.6881613731384277
1569841430.6376538,99,0.695105791091919
1569841431.4597652,100,0.6934523582458496
1569841432.276721,101,0.721230149269104
1569841433.0932121,102,0.6865079402923584
1569841433.919736,103,0.6962632536888123
1569841434.7415428,104,0.7099867463111877
1569841435.5632813,105,0.6828703880310059
1569841436.384401,106,0.7106481194496155
1569841437.2032034,107,0.7213954925537109
1569841438.0226686,108,0.7091600298881531
1569841438.8404639,109,0.6835317611694336
1569841439.6708887,110,0.7152777910232544
1569841440.4930015,111,0.7121362686157227
1569841441.315265,112,0.6919642686843872
1569841442.1356194,113,0.7013888955116272
1569841442.9598672,114,0.6860119104385376
1569841443.780608,115,0.7033730149269104
1569841444.6004224,116,0.6807209253311157
1569841445.4333756,117,0.7015542387962341
1569841446.256462,118,0.7081679701805115
1569841447.0721302,119,0.6865079402923584
1569841447.8858204,120,0.7278439402580261
1569841448.699478,121,0.7099867463111877
1569841449.5387766,122,0.7144510746002197
1569841450.3653462,123,0.7129629850387573
1569841451.1821785,124,0.6625330448150635
1569841452.002205,125,0.6721230149269104
1569841452.8252807,126,0.7227182388305664
1569841453.6561697,127,0.7182539701461792
1569841454.4745545,128,0.7204034328460693
1569841455.2895765,129,0.6946097612380981
1569841456.1083186,130,0.7053571343421936
1569841456.925823,131,0.7294973731040955
1569841457.7447486,132,0.7053571343421936
1569841458.5604548,133,0.7204034328460693
1569841459.380728,134,0.7096560597419739
1569841460.1974936,135,0.7333002686500549
1569841461.017781,136,0.7099867463111877
1569841461.8342698,137,0.6919642686843872
1569841462.6557567,138,0.7240409851074219
1569841463.4732585,139,0.6838624477386475
1569841464.3031197,140,0.704365074634552
1569841465.1203191,141,0.6865079402923584
1569841465.9429064,142,0.7013888955116272
1569841466.773648,143,0.6782407164573669
1569841467.5937073,144,0.7091600298881531
1569841468.4121637,145,0.733134925365448
1569841469.2399085,146,0.7399140000343323
1569841470.0595963,147,0.7218915224075317
1569841470.8756866,148,0.7041997313499451
1569841471.7107947,149,0.7218915224075317
1569841472.5288901,150,0.726190447807312
1569841473.3512862,151,0.7189153432846069
1569841474.1816082,152,0.7083333134651184
1569841475.008669,153,0.7061838507652283
1569841475.831717,154,0.7377645373344421
1569841476.650457,155,0.706845223903656
1569841477.476056,156,0.6927909851074219
1569841478.2936008,157,0.692460298538208
1569841479.1464126,158,0.7316468358039856
1569841479.9691052,159,0.7294973731040955
1569841480.7948132,160,0.7339616417884827
1569841481.619489,161,0.6947751045227051
1569841482.4443998,162,0.7055224776268005
1569841483.2611487,163,0.6782407164573669
1569841484.1007195,164,0.7352843880653381
1569841484.9235768,165,0.7136243581771851
1569841485.7453508,166,0.7390872836112976
1569841486.5629337,167,0.6787367463111877
1569841487.3931038,168,0.7225528955459595
1569841488.2283463,169,0.6974206566810608
1569841489.0453525,170,0.7270172238349915
1569841489.8659225,171,0.7114748954772949
1569841490.6856601,172,0.7045304179191589
1569841491.5087702,173,0.7106481194496155
1569841492.3291695,174,0.7046957612037659
1569841493.147485,175,0.67807537317276
1569841493.9697878,176,0.6995701193809509
1569841494.7932348,177,0.711309552192688
1569841495.6139784,178,0.7278439402580261
1569841496.4404776,179,0.7215608358383179
1569841497.2658,180,0.7323082089424133
1569841498.080485,181,0.7323082089424133
1569841498.900593,182,0.7156084775924683
1569841499.7183537,183,0.7081679701805115
1569841500.535936,184,0.7242063283920288
1569841501.360654,185,0.7083333134651184
1569841502.1832807,186,0.7091600298881531
1569841503.009723,187,0.7076719403266907
1569841503.8386142,188,0.7167658805847168
1569841504.6679962,189,0.7294973731040955
1569841505.4888053,190,0.7256944179534912
1569841506.3052642,191,0.7096560597419739
1569841507.1253607,192,0.7422288656234741
1569841507.9453545,193,0.7276785969734192
1569841508.779526,194,0.7301587462425232
1569841509.5950832,195,0.6927909851074219
1569841510.4137285,196,0.6916335821151733
1569841511.239666,197,0.7106481194496155
1569841512.063145,198,0.7240409851074219
1569841512.894801,199,0.7442129850387573
