Wall time,Step,Value
1569841210.2261453,0,0.26796603202819824
1569841211.1289384,1,0.26255807280540466
1569841212.0071158,2,0.19403310120105743
1569841212.8924835,3,0.25010889768600464
1569841213.766093,4,0.2725028991699219
1569841214.6361053,5,0.25156068801879883
1569841215.51249,6,0.29471543431282043
1569841216.401903,7,0.3072372376918793
1569841217.2779224,8,0.28734755516052246
1569841218.143131,9,0.27892711758613586
1569841219.020832,10,0.30516842007637024
1569841219.8879614,11,0.31612950563430786
1569841220.7619858,12,0.31217333674430847
1569841221.633049,13,0.3186338543891907
1569841222.5008993,14,0.31166520714759827
1569841223.3764737,15,0.3241144120693207
1569841224.2460947,16,0.3469439744949341
1569841225.121101,17,0.3350028991699219
1569841225.9873493,18,0.3708260655403137
1569841226.8602357,19,0.3211019039154053
1569841227.7280571,20,0.35877612233161926
1569841228.6019492,21,0.39997097849845886
1569841229.4768379,22,0.4377540647983551
1569841230.3419523,23,0.43615707755088806
1569841231.218204,24,0.4471181631088257
1569841232.0884283,25,0.4580792784690857
1569841232.96826,26,0.4536149799823761
1569841233.8412948,27,0.4386614263057709
1569841234.7100773,28,0.4903092384338379
1569841235.5870578,29,0.47139954566955566
1569841236.4627504,30,0.4878411591053009
1569841237.3517008,31,0.5037384033203125
1569841238.2227998,32,0.47484755516052246
1569841239.1120992,33,0.5046457648277283
1569841239.9989383,34,0.5290722846984863
1569841240.8667183,35,0.5230473279953003
1569841241.7470326,36,0.4927409887313843
1569841242.622769,37,0.5259872078895569
1569841243.5010395,38,0.5523374080657959
1569841244.378243,39,0.5543699264526367
1569841245.2511024,40,0.5528455376625061
1569841246.1331728,41,0.5394526720046997
1569841247.000765,42,0.5309596657752991
1569841247.8785021,43,0.5613022446632385
1569841248.7499743,44,0.5359320640563965
1569841249.6134884,45,0.5260598063468933
1569841250.491021,46,0.5230110287666321
1569841251.3524978,47,0.5434088110923767
1569841252.217827,48,0.5454050302505493
1569841253.0916977,49,0.5289996862411499
1569841253.9577472,50,0.5479093790054321
1569841254.8319623,51,0.5508856177330017
1569841255.7124708,52,0.5568379759788513
1569841256.6027508,53,0.5483812689781189
1569841257.4794192,54,0.5612296462059021
1569841258.3559778,55,0.5434451103210449
1569841259.2243338,56,0.5523374080657959
1569841260.0932539,57,0.5653672814369202
1569841260.9874585,58,0.5648228526115417
1569841261.867875,59,0.5886324048042297
1569841262.7673287,60,0.5547691583633423
1569841263.660302,61,0.6064169406890869
1569841264.5527723,62,0.5786512494087219
1569841265.4338598,63,0.6014808416366577
1569841266.3067868,64,0.6074694991111755
1569841267.1827655,65,0.6104093790054321
1569841268.052665,66,0.5949477553367615
1569841268.9231157,67,0.6203542351722717
1569841269.7916045,68,0.6451800465583801
1569841270.6623554,69,0.6322227120399475
1569841271.5337942,70,0.6431475281715393
1569841272.4084308,71,0.6436193585395813
1569841273.279755,72,0.6501161456108093
1569841274.1567583,73,0.6099012494087219
1569841275.0293128,74,0.6576291918754578
1569841275.898052,75,0.6456881761550903
1569841276.7673316,76,0.6530923247337341
1569841277.6382778,77,0.6491361856460571
1569841278.5029454,78,0.6317145824432373
1569841279.3792791,79,0.6377032399177551
1569841280.2505314,80,0.6337471008300781
1569841281.122265,81,0.6416956782341003
1569841282.0025523,82,0.6417319774627686
1569841282.878377,83,0.6267421841621399
1569841283.7514622,84,0.6307346224784851
1569841284.6174216,85,0.6366869807243347
1569841285.5007467,86,0.6317145824432373
1569841286.3732624,87,0.6396994590759277
1569841287.2757933,88,0.6332752704620361
1569841288.1729064,89,0.6481925249099731
1569841289.0625196,90,0.6620935201644897
1569841289.9738352,91,0.6347633600234985
1569841290.8756495,92,0.6327671408653259
1569841291.7705877,93,0.6516768336296082
1569841292.670365,94,0.6317508816719055
1569841293.5795035,95,0.6485917568206787
1569841294.5185788,96,0.6481562256813049
1569841295.438897,97,0.6421675086021423
1569841296.3626308,98,0.6615490913391113
1569841297.2671747,99,0.6595528721809387
1569841298.204374,100,0.6759582161903381
1569841299.1200511,101,0.6655415296554565
1569841299.9906301,102,0.673526406288147
1569841300.8669412,103,0.6719657182693481
1569841301.741307,104,0.6848504543304443
1569841302.620951,105,0.6550522446632385
1569841303.5195253,106,0.6664851903915405
1569841304.4149826,107,0.6913472414016724
1569841305.319699,108,0.6739256381988525
1569841306.2324011,109,0.6600610017776489
1569841307.1486123,110,0.7002758383750916
1569841308.0453346,111,0.6684451103210449
1569841308.9603748,112,0.6818742752075195
1569841309.871138,113,0.6799143552780151
1569841310.7878058,114,0.6908391118049622
1569841311.69084,115,0.7151930928230286
1569841312.6083064,116,0.6794425249099731
1569841313.5004647,117,0.6798780560493469
1569841314.3935695,118,0.6843786239624023
1569841315.2798774,119,0.6868466734886169
1569841316.1668224,120,0.6749056577682495
1569841317.046128,121,0.6908391118049622
1569841317.9213374,122,0.705720067024231
1569841318.790346,123,0.6957752704620361
1569841319.6626873,124,0.6758856177330017
1569841320.532914,125,0.7255734801292419
1569841321.409287,126,0.6694613695144653
1569841322.2818878,127,0.6858667135238647
1569841323.1525922,128,0.6808217167854309
1569841324.0230572,129,0.7101843953132629
1569841324.8906062,130,0.7255734801292419
1569841325.7631056,131,0.7032520174980164
1569841326.6332445,132,0.7255734801292419
1569841327.4962564,133,0.7092044353485107
1569841328.3579073,134,0.7394744753837585
1569841329.2268713,135,0.7274971008300781
1569841330.1006002,136,0.6996951103210449
1569841330.9804614,137,0.7379863262176514
1569841331.85341,138,0.7220891118049622
1569841332.728935,139,0.7146123647689819
1569841333.6064599,140,0.7354456782341003
1569841334.4733105,141,0.7458986639976501
1569841335.3514466,142,0.7354819774627686
1569841336.231194,143,0.7011831998825073
1569841337.1011074,144,0.7071719169616699
1569841337.9767756,145,0.7041956782341003
1569841338.8461041,146,0.7300377488136292
1569841339.723704,147,0.7135961055755615
1569841340.6027875,148,0.7071356177330017
1569841341.4708552,149,0.732542097568512
1569841342.338071,150,0.744446873664856
1569841343.2051084,151,0.7399463057518005
1569841344.0775225,152,0.7464430928230286
1569841344.953803,153,0.7146486639976501
1569841345.8316746,154,0.7225610017776489
1569841346.6980906,155,0.7250653505325317
1569841347.6011407,156,0.7588196992874146
1569841348.4711258,157,0.7354819774627686
1569841349.338138,158,0.7628121376037598
1569841350.211057,159,0.7280052304267883
1569841351.1010818,160,0.7250290513038635
1569841351.9721608,161,0.7374781966209412
1569841352.8464162,162,0.7389663457870483
1569841353.7210531,163,0.7473867535591125
1569841354.6163068,164,0.7548272609710693
1569841355.4971166,165,0.7458986639976501
1569841356.3663192,166,0.7379500865936279
1569841357.2365403,167,0.7553353905677795
1569841358.1079917,168,0.7384582161903381
1569841358.9823682,169,0.7573316097259521
1569841359.853886,170,0.7409988641738892
1569841360.7364404,171,0.7429224848747253
1569841361.6084347,172,0.7443742752075195
1569841362.483587,173,0.7309814095497131
1569841363.3636043,174,0.7339938879013062
1569841364.2305374,175,0.7339575886726379
1569841365.1006994,176,0.7284770607948303
1569841365.980828,177,0.7349738478660583
1569841366.8580935,178,0.7350101470947266
1569841367.7289286,179,0.751887321472168
1569841368.5924237,180,0.7374419569969177
1569841369.4725368,181,0.7225610017776489
1569841370.3423662,182,0.7438661456108093
1569841371.212236,183,0.7498548030853271
1569841372.140966,184,0.7414343953132629
1569841373.0188088,185,0.736970067024231
1569841373.9199436,186,0.7478948831558228
1569841374.8021965,187,0.7121443152427673
1569841375.6778224,188,0.768220067024231
1569841376.5633771,189,0.7469149231910706
1569841377.448248,190,0.7320339679718018
1569841378.330482,191,0.7359901070594788
1569841379.2196455,192,0.7300014495849609
1569841380.1423762,193,0.7493829727172852
1569841381.0381799,194,0.7419425249099731
1569841381.9225874,195,0.7548635601997375
1569841382.8127923,196,0.7354819774627686
1569841383.7111113,197,0.7578034400939941
1569841384.6392612,198,0.7280052304267883
1569841385.579954,199,0.7275334000587463
