Wall time,Step,Value
1569841357.566261,0,0.33350449800491333
1569841358.3685513,1,0.3971292972564697
1569841359.165199,2,0.4356171786785126
1569841359.9582634,3,0.44072771072387695
1569841360.7418773,4,0.44256162643432617
1569841361.5331805,5,0.4485768675804138
1569841362.3275883,6,0.43265846371650696
1569841363.1155047,7,0.42806142568588257
1569841363.9029877,8,0.4351036846637726
1569841364.6844745,9,0.4466451406478882
1569841365.4745214,10,0.4601183533668518
1569841366.268377,11,0.5383411645889282
1569841367.0641367,12,0.543647289276123
1569841367.8514545,13,0.5289514660835266
1569841368.6429121,14,0.5412020683288574
1569841369.425095,15,0.5504939556121826
1569841370.2141137,16,0.5387568473815918
1569841371.0070286,17,0.5092429518699646
1569841371.7856607,18,0.548244297504425
1569841372.5889716,19,0.5092429518699646
1569841373.3784635,20,0.516285240650177
1569841374.1627998,21,0.5325215458869934
1569841374.9435592,22,0.5266040563583374
1569841375.7282758,23,0.5127151608467102
1569841376.5100238,24,0.5412020683288574
1569841377.2956474,25,0.5264084339141846
1569841378.0856159,26,0.5182414054870605
1569841378.8701718,27,0.5714250802993774
1569841379.659862,28,0.5288536548614502
1569841380.454562,29,0.5512030720710754
1569841381.2406366,30,0.5366050601005554
1569841382.02859,31,0.517312228679657
1569841382.8297427,32,0.532423734664917
1569841383.6214805,33,0.5470216870307922
1569841384.4193575,34,0.5393681526184082
1569841385.2084017,35,0.5318124294281006
1569841386.004938,36,0.5312988758087158
1569841386.788246,37,0.510881245136261
1569841387.5703592,38,0.5291470885276794
1569841388.353158,39,0.5399794578552246
1569841389.1383033,40,0.5287558436393738
1569841389.9183586,41,0.5447720885276794
1569841390.703945,42,0.5384389758110046
1569841391.4945474,43,0.5394659638404846
1569841392.281321,44,0.5558000802993774
1569841393.0781202,45,0.566730260848999
1569841393.8629363,46,0.5528413653373718
1569841394.6614976,47,0.5573405623435974
1569841395.4493535,48,0.5678550601005554
1569841396.234887,49,0.5800078511238098
1569841397.0192885,50,0.5908401608467102
1569841397.8042626,51,0.6111600399017334
1569841398.597557,52,0.6097173094749451
1569841399.3873272,53,0.6113556623458862
1569841400.1796808,54,0.610744297504425
1569841400.9652894,55,0.6228970885276794
1569841401.7504334,56,0.6321889758110046
1569841402.5356693,57,0.610035240650177
1569841403.332925,58,0.6566901206970215
1569841404.1250498,59,0.6388155221939087
1569841404.9101982,60,0.6240218877792358
1569841405.7085536,61,0.6072720885276794
1569841406.490613,62,0.6206474900245667
1569841407.278361,63,0.6153413653373718
1569841408.0627708,64,0.6404538154602051
1569841408.852987,65,0.6420921087265015
1569841409.63838,66,0.6129939556121826
1569841410.4259176,67,0.6247310042381287
1569841411.2102768,68,0.6362724900245667
1569841411.9972212,69,0.616661787033081
1569841412.789398,70,0.6163683533668518
1569841413.5750916,71,0.626369297504425
1569841414.370721,72,0.629230260848999
1569841415.1548429,73,0.629230260848999
1569841415.9487813,74,0.6368837952613831
1569841416.7384946,75,0.637397289276123
1569841417.535084,76,0.648425281047821
1569841418.330355,77,0.6567879319190979
1569841419.119774,78,0.6565923094749451
1569841419.9096496,79,0.666104257106781
1569841420.707978,80,0.6709946990013123
1569841421.4955106,81,0.6769121885299683
1569841422.2858984,82,0.6953980922698975
1569841423.0794716,83,0.6815091967582703
1569841423.8645437,84,0.6893583536148071
1569841424.6495073,85,0.6633411645889282
1569841425.4327447,86,0.6730242371559143
1569841426.218398,87,0.6937597990036011
1569841427.0026042,88,0.6962050199508667
1569841427.7905662,89,0.6724129319190979
1569841428.577857,90,0.7007042169570923
1569841429.3655012,91,0.6914123892784119
1569841430.1546168,92,0.6699677109718323
1569841430.943713,93,0.6997750401496887
1569841431.7283905,94,0.6873288154602051
1569841432.514812,95,0.6967185139656067
1569841433.3143082,96,0.6781347990036011
1569841434.0954573,97,0.6810935139656067
1569841434.880328,98,0.6867175102233887
1569841435.6673932,99,0.6798709034919739
1569841436.463861,100,0.6758852005004883
1569841437.2602394,101,0.6805800199508667
1569841438.0480192,102,0.6793574094772339
1569841438.8397892,103,0.6915102005004883
1569841439.6250803,104,0.6954959034919739
1569841440.409313,105,0.6929528713226318
1569841441.1974914,106,0.6808978915214539
1569841441.9783192,107,0.675078272819519
1569841442.7653332,108,0.690703272819519
1569841443.5533001,109,0.7037607431411743
1569841444.33541,110,0.7012177109718323
1569841445.1294723,111,0.6873288154602051
1569841445.9174318,112,0.6821205019950867
1569841446.700248,113,0.6937597990036011
1569841447.4836419,114,0.6714103817939758
1569841448.285309,115,0.6816070079803467
1569841449.070314,116,0.6782326102256775
1569841449.8539352,117,0.7226623892784119
1569841450.6310537,118,0.6983568072319031
1569841451.4343934,119,0.6754694581031799
1569841452.2262404,120,0.6833431124687195
1569841453.0259624,121,0.6851770281791687
1569841453.8921194,122,0.6923415660858154
1569841454.7047591,123,0.6792595982551575
1569841455.5070176,124,0.679161787033081
1569841456.317035,125,0.6925371885299683
1569841457.12712,126,0.6697720885276794
1569841457.9495108,127,0.6832453012466431
1569841458.7629814,128,0.6502836346626282
1569841459.5861008,129,0.6887470483779907
1569841460.4100864,130,0.6913145780563354
1569841461.2775471,131,0.675591766834259
1569841462.1240675,132,0.6734399199485779
1569841462.9589992,133,0.6681337952613831
1569841463.7870793,134,0.6861062049865723
1569841464.5907652,135,0.6763008832931519
1569841465.3938086,136,0.6839544177055359
1569841466.182885,137,0.6844679117202759
1569841466.9800491,138,0.7180653214454651
1569841467.7750213,139,0.6956915259361267
1569841468.5687509,140,0.6903853416442871
1569841469.356728,141,0.663536787033081
1569841470.15036,142,0.6780369877815247
1569841470.9359083,143,0.6837587952613831
1569841471.7337732,144,0.6758852005004883
1569841472.5228355,145,0.6737333536148071
1569841473.3172367,146,0.6815091967582703
1569841474.1076174,147,0.7106074094772339
1569841474.8948677,148,0.7116343975067139
1569841475.6912868,149,0.7088713049888611
1569841476.4783292,150,0.684272289276123
1569841477.268416,151,0.6898718476295471
1569841478.0496523,152,0.6787461042404175
1569841478.8427343,153,0.6502591967582703
1569841479.6383505,154,0.6702855825424194
1569841480.4236937,155,0.7036629319190979
1569841481.2204497,156,0.6711903214454651
1569841482.019438,157,0.684272289276123
1569841482.8308918,158,0.6739534139633179
1569841483.6184082,159,0.6844679117202759
1569841484.4056222,160,0.6889671087265015
1569841485.1906936,161,0.6908010840415955
1569841485.9793966,162,0.6843701004981995
1569841486.7589972,163,0.6928550601005554
1569841487.5905516,164,0.6929528713226318
1569841488.3791811,165,0.6751760840415955
1569841489.1686475,166,0.6472026705741882
1569841489.9575381,167,0.6971341967582703
1569841490.7491775,168,0.674564778804779
1569841491.5393155,169,0.6573014259338379
1569841492.333026,170,0.6837587952613831
1569841493.128533,171,0.6717038154602051
1569841493.9251971,172,0.6953980922698975
1569841494.7144663,173,0.6908988356590271
1569841495.5081153,174,0.7041764259338379
1569841496.2985938,175,0.6768143773078918
1569841497.0942943,176,0.6834409236907959
1569841497.8793929,177,0.6815091967582703
1569841498.6645555,178,0.7037607431411743
1569841499.4550939,179,0.7114143371582031
1569841500.2498724,180,0.6896762251853943
1569841501.037457,181,0.7029538154602051
1569841501.8199623,182,0.6889671087265015
1569841502.6176016,183,0.6879401206970215
1569841503.4082823,184,0.6694542169570923
1569841504.1950545,185,0.6950802206993103
1569841504.981234,186,0.6979411244392395
1569841505.7682793,187,0.7014133334159851
1569841506.556437,188,0.6823405623435974
1569841507.3575513,189,0.6886492371559143
1569841508.1501698,190,0.6647593975067139
1569841508.9379277,191,0.6900919675827026
1569841509.7181146,192,0.6518974900245667
1569841510.5000362,193,0.6874266266822815
1569841511.285811,194,0.6667155623435974
1569841512.0686922,195,0.7182609438896179
1569841512.8553576,196,0.6909233331680298
1569841513.6450722,197,0.6638546586036682
1569841514.4341154,198,0.6929528713226318
1569841515.228364,199,0.6892605423927307
