Wall time,Step,Value
1569841168.149695,0,0.20344065129756927
1569841168.972831,1,0.22885100543498993
1569841169.7767062,2,0.2542613744735718
1569841170.5837057,3,0.2787247598171234
1569841171.394551,4,0.26720327138900757
1569841172.1991222,5,0.282196968793869
1569841173.0127764,6,0.31234216690063477
1569841173.8246484,7,0.2924558222293854
1569841174.6279662,8,0.33964645862579346
1569841175.431698,9,0.2894570827484131
1569841176.2389243,10,0.2930871248245239
1569841177.0571651,11,0.3476957082748413
1569841177.8632374,12,0.36268940567970276
1569841178.6731858,13,0.4375
1569841179.4874275,14,0.41477271914482117
1569841180.3026183,15,0.45596590638160706
1569841181.1096003,16,0.36268940567970276
1569841181.9121091,17,0.4553346037864685
1569841182.7184455,18,0.4558080732822418
1569841183.522012,19,0.5497159361839294
1569841184.328355,20,0.5438762903213501
1569841185.1396673,21,0.5542929172515869
1569841185.943844,22,0.6038510203361511
1569841186.7402742,23,0.611268937587738
1569841187.543421,24,0.5880681872367859
1569841188.3535612,25,0.5915403962135315
1569841189.1613548,26,0.5932765007019043
1569841189.9689388,27,0.636205792427063
1569841190.7743707,28,0.6541982293128967
1569841191.5790215,29,0.595643937587738
1569841192.3902829,30,0.6036931872367859
1569841193.2068155,31,0.6008522510528564
1569841194.0197327,32,0.5814393758773804
1569841194.8236427,33,0.6321022510528564
1569841195.62951,34,0.6227903962135315
1569841196.438003,35,0.6204229593276978
1569841197.2418065,36,0.6396780014038086
1569841198.0428915,37,0.6756628751754761
1569841198.850524,38,0.6459911465644836
1569841199.6493895,39,0.6366792917251587
1569841200.45885,40,0.6336805820465088
1569841201.259825,41,0.6500946879386902
1569841202.0879116,42,0.6475694179534912
1569841202.8991723,43,0.6876578330993652
1569841203.7124941,44,0.7010732293128967
1569841204.5238369,45,0.6475694179534912
1569841205.3395064,46,0.7151199579238892
1569841206.1441002,47,0.6720328330993652
1569841206.9440184,48,0.6755050420761108
1569841207.7615466,49,0.6772411465644836
1569841208.568308,50,0.6841856241226196
1569841209.3699503,51,0.7242739796638489
1569841210.176194,52,0.7034406661987305
1569841210.97911,53,0.6644570827484131
1569841211.784294,54,0.7062815427780151
1569841212.5957336,55,0.689393937587738
1569841213.3996139,56,0.7021780014038086
1569841214.2083874,57,0.7323232293128967
1569841215.0133555,58,0.7004418969154358
1569841215.8193498,59,0.6824495196342468
1569841216.6332982,60,0.7375315427780151
1569841217.4432585,61,0.6963383555412292
1569841218.2536962,62,0.7160668969154358
1569841219.0614889,63,0.6818181872367859
1569841219.870069,64,0.7353219985961914
1569841220.6796126,65,0.7219065427780151
1569841221.4795434,66,0.7463699579238892
1569841222.2896934,67,0.7089646458625793
1569841223.0945525,68,0.6939709782600403
1569841223.9066148,69,0.7357954382896423
1569841224.712908,70,0.7381628751754761
1569841225.5225058,71,0.7613636255264282
1569841226.3288252,72,0.6980745196342468
1569841227.1323528,73,0.7462121248245239
1569841227.9433985,74,0.7072285413742065
1569841228.7480898,75,0.7275883555412292
1569841229.5595713,76,0.709438145160675
1569841230.3682473,77,0.7184343338012695
1569841231.1717687,78,0.6985479593276978
1569841231.974461,79,0.738794207572937
1569841232.783116,80,0.7376893758773804
1569841233.589368,81,0.7537878751754761
1569841234.399568,82,0.7433711886405945
1569841235.2084596,83,0.7114899158477783
1569841236.013867,84,0.7357954382896423
1569841236.8244936,85,0.7054924368858337
1569841237.633078,86,0.7095959782600403
1569841238.4442673,87,0.7323232293128967
1569841239.2522674,88,0.7364267706871033
1569841240.0584712,89,0.6961805820465088
1569841240.8675818,90,0.7247474789619446
1569841241.6735077,91,0.6934974789619446
1569841242.4796338,92,0.7301136255264282
1569841243.303781,93,0.7271149158477783
1569841244.119589,94,0.7345328330993652
1569841244.9230323,95,0.7353219985961914
1569841245.7326634,96,0.7102272510528564
1569841246.5380447,97,0.7323232293128967
1569841247.3439329,98,0.7457386255264282
1569841248.1489346,99,0.7520517706871033
1569841248.9588716,100,0.7260100841522217
1569841249.7703125,101,0.7392676472663879
1569841250.575729,102,0.7004418969154358
1569841251.3873494,103,0.7422664165496826
1569841252.1978667,104,0.7247474789619446
1569841253.0068297,105,0.7416350841522217
1569841253.8145936,106,0.7451073527336121
1569841254.6232243,107,0.6829229593276978
1569841255.438599,108,0.7048611044883728
1569841256.2480834,109,0.738794207572937
1569841257.0624456,110,0.7398989796638489
1569841257.8696625,111,0.7154356241226196
1569841258.6694329,112,0.7375315427780151
1569841259.4733777,113,0.7777777910232544
1569841260.2796657,114,0.7305871248245239
1569841261.0889463,115,0.6922348737716675
1569841261.8979805,116,0.7301136255264282
1569841262.719849,117,0.6600378751754761
1569841263.5475094,118,0.7462121248245239
1569841264.357874,119,0.6903409361839294
1569841265.183171,120,0.705018937587738
1569841265.992603,121,0.7217487096786499
1569841266.7940683,122,0.747474730014801
1569841267.6074991,123,0.6769254803657532
1569841268.4197478,124,0.7065972089767456
1569841269.2265697,125,0.736268937587738
1569841270.0339277,126,0.7567866444587708
1569841270.851826,127,0.6758207082748413
1569841271.6572053,128,0.7468434572219849
1569841272.4579875,129,0.7357954382896423
1569841273.2642207,130,0.7286931872367859
1569841274.0760353,131,0.7364267706871033
1569841274.8819861,132,0.7375315427780151
1569841275.6938305,133,0.7485795617103577
1569841276.493827,134,0.6933396458625793
1569841277.3032537,135,0.7421085834503174
1569841278.112455,136,0.6641414165496826
1569841278.921957,137,0.7271149158477783
1569841279.7293208,138,0.7305871248245239
1569841280.5384724,139,0.7351641654968262
1569841281.3477902,140,0.7219065427780151
1569841282.153812,141,0.7195391654968262
1569841282.9636185,142,0.7021780014038086
1569841283.7682474,143,0.7340593338012695
1569841284.5856433,144,0.7288510203361511
1569841285.399353,145,0.7230113744735718
1569841286.2082016,146,0.7247474789619446
1569841287.019644,147,0.7444760203361511
1569841287.822368,148,0.7119633555412292
1569841288.627906,149,0.7520517706871033
1569841289.4339092,150,0.7294823527336121
1569841290.2416425,151,0.7176452279090881
1569841291.0496447,152,0.7386363744735718
1569841291.8523998,153,0.7432133555412292
1569841292.660031,154,0.7427399158477783
1569841293.45959,155,0.7405303120613098
1569841294.2728348,156,0.7398989796638489
1569841295.0725126,157,0.7294823527336121
1569841295.8789587,158,0.6952335834503174
1569841296.6834927,159,0.7427399158477783
1569841297.4887774,160,0.7253788113594055
1569841298.293021,161,0.7329545617103577
1569841299.099018,162,0.7548926472663879
1569841299.906255,163,0.7119633555412292
1569841300.7123177,164,0.7555239796638489
1569841301.5135748,165,0.7154356241226196
1569841302.316378,166,0.6682449579238892
1569841303.121842,167,0.7485795617103577
1569841303.9338527,168,0.7253788113594055
1569841304.7427135,169,0.7102272510528564
1569841305.5443075,170,0.7288510203361511
1569841306.3493762,171,0.7219065427780151
1569841307.1530035,172,0.7427399158477783
1569841307.961678,173,0.7370581030845642
1569841308.7780304,174,0.6857638955116272
1569841309.5793464,175,0.703125
1569841310.3875964,176,0.7561553120613098
1569841311.1987123,177,0.7089646458625793
1569841312.0033348,178,0.7386363744735718
1569841312.8224876,179,0.6950757503509521
1569841313.6338043,180,0.7282196879386902
1569841314.4437861,181,0.7316918969154358
1569841315.2518046,182,0.7013888955116272
1569841316.0628703,183,0.7342171669006348
1569841316.869549,184,0.7334280014038086
1569841317.6760464,185,0.7136995196342468
1569841318.486213,186,0.7451073527336121
1569841319.2939048,187,0.7410038113594055
1569841320.0978224,188,0.6950757503509521
1569841320.898834,189,0.7440025210380554
1569841321.7037835,190,0.754419207572937
1569841322.51202,191,0.7340593338012695
1569841323.3215919,192,0.7446338534355164
1569841324.1369665,193,0.7323232293128967
1569841324.9415834,194,0.7171717286109924
1569841325.7523527,195,0.7253788113594055
1569841326.55845,196,0.7020202279090881
1569841327.3730276,197,0.7260100841522217
1569841328.182222,198,0.7184343338012695
1569841328.9919758,199,0.7021780014038086
