Wall time,Step,Value
1569841379.144371,0,0.2232142835855484
1569841380.0286012,1,0.2782738208770752
1569841380.9086986,2,0.306547611951828
1569841381.7845223,3,0.2857142984867096
1569841382.6511822,4,0.3363095223903656
1569841383.5239654,5,0.324404776096344
1569841384.3974,6,0.3080357015132904
1569841385.2726748,7,0.34375
1569841386.138949,8,0.3839285671710968
1569841387.0063345,9,0.3139880895614624
1569841387.8758936,10,0.355654776096344
1569841388.7513409,11,0.3288690447807312
1569841389.6181889,12,0.3154761791229248
1569841390.4878607,13,0.324404776096344
1569841391.3489845,14,0.300595223903656
1569841392.2234592,15,0.3080357015132904
1569841393.094863,16,0.3214285671710968
1569841393.9733007,17,0.2991071343421936
1569841394.8407857,18,0.363095223903656
1569841395.7090688,19,0.4151785671710968
1569841396.5800495,20,0.5372023582458496
1569841397.4543965,21,0.5029761791229248
1569841398.3215044,22,0.5044642686843872
1569841399.189382,23,0.5297619104385376
1569841400.061573,24,0.5372023582458496
1569841400.919697,25,0.5758928656578064
1569841401.7859876,26,0.5133928656578064
1569841402.6563034,27,0.5461309552192688
1569841403.531288,28,0.5148809552192688
1569841404.396361,29,0.59375
1569841405.271515,30,0.511904776096344
1569841406.136212,31,0.5610119104385376
1569841407.0042179,32,0.53125
1569841407.8705535,33,0.5178571343421936
1569841408.7410505,34,0.586309552192688
1569841409.6118567,35,0.5223214030265808
1569841410.479311,36,0.5342261791229248
1569841411.3547726,37,0.5327380895614624
1569841412.2319307,38,0.581845223903656
1569841413.0961254,39,0.5654761791229248
1569841413.9704118,40,0.5639880895614624
1569841414.854255,41,0.5401785969734192
1569841415.7232628,42,0.5535714030265808
1569841416.5890167,43,0.5297619104385376
1569841417.4634538,44,0.5535714030265808
1569841418.3434901,45,0.5625
1569841419.2058048,46,0.5580357313156128
1569841420.074049,47,0.5401785969734192
1569841420.9407403,48,0.5327380895614624
1569841421.815326,49,0.6041666865348816
1569841422.678374,50,0.6726190447807312
1569841423.5447757,51,0.6473214030265808
1569841424.4148886,52,0.6622023582458496
1569841425.28805,53,0.6264880895614624
1569841426.1500459,54,0.6473214030265808
1569841427.003948,55,0.6770833134651184
1569841427.8742661,56,0.6339285969734192
1569841428.7505221,57,0.6041666865348816
1569841429.614599,58,0.668154776096344
1569841430.472494,59,0.6607142686843872
1569841431.3391378,60,0.6473214030265808
1569841432.2100275,61,0.6220238208770752
1569841433.0898192,62,0.680059552192688
1569841433.9639125,63,0.6607142686843872
1569841434.835101,64,0.6904761791229248
1569841435.7093153,65,0.6592261791229248
1569841436.5790253,66,0.6398809552192688
1569841437.4537587,67,0.675595223903656
1569841438.331458,68,0.675595223903656
1569841439.221641,69,0.6651785969734192
1569841440.091108,70,0.65625
1569841440.9654133,71,0.6413690447807312
1569841441.833259,72,0.6785714030265808
1569841442.7093413,73,0.6964285969734192
1569841443.5801852,74,0.7038690447807312
1569841444.4528055,75,0.7038690447807312
1569841445.3200886,76,0.6904761791229248
1569841446.1842403,77,0.6934523582458496
1569841447.05283,78,0.6964285969734192
1569841447.9194396,79,0.726190447807312
1569841448.7986999,80,0.6592261791229248
1569841449.6703327,81,0.6845238208770752
1569841450.543518,82,0.6785714030265808
1569841451.4151766,83,0.7127976417541504
1569841452.2843308,84,0.7202380895614624
1569841453.156867,85,0.694940447807312
1569841454.026377,86,0.6875
1569841454.8969526,87,0.6279761791229248
1569841455.7634125,88,0.7083333134651184
1569841456.6310751,89,0.7157738208770752
1569841457.5104356,90,0.6904761791229248
1569841458.376079,91,0.7604166865348816
1569841459.2428079,92,0.7247023582458496
1569841460.1011896,93,0.7217261791229248
1569841460.9710531,94,0.7514880895614624
1569841461.8482656,95,0.7247023582458496
1569841462.7196817,96,0.7202380895614624
1569841463.5911853,97,0.7440476417541504
1569841464.4604561,98,0.7336309552192688
1569841465.3343742,99,0.7410714030265808
1569841466.2227743,100,0.742559552192688
1569841467.0899906,101,0.7395833134651184
1569841467.9527352,102,0.7351190447807312
1569841468.8293598,103,0.7217261791229248
1569841469.695914,104,0.7410714030265808
1569841470.5584497,105,0.7217261791229248
1569841471.4288,106,0.730654776096344
1569841472.2827194,107,0.7366071343421936
1569841473.1385825,108,0.7544642686843872
1569841473.991981,109,0.7559523582458496
1569841474.8534846,110,0.711309552192688
1569841475.7050178,111,0.7529761791229248
1569841476.559736,112,0.7529761791229248
1569841477.4188964,113,0.7321428656578064
1569841478.2779765,114,0.7157738208770752
1569841479.1393397,115,0.7559523582458496
1569841480.0113063,116,0.7663690447807312
1569841480.8720796,117,0.7485119104385376
1569841481.7309275,118,0.706845223903656
1569841482.5793118,119,0.7351190447807312
1569841483.427347,120,0.7038690447807312
1569841484.29229,121,0.7276785969734192
1569841485.1617298,122,0.726190447807312
1569841486.0135808,123,0.7366071343421936
1569841486.8775473,124,0.757440447807312
1569841487.7392125,125,0.7633928656578064
1569841488.6043136,126,0.7276785969734192
1569841489.5047183,127,0.7485119104385376
1569841490.3672266,128,0.7514880895614624
1569841491.2446494,129,0.7217261791229248
1569841492.1027656,130,0.78125
1569841492.9710817,131,0.7321428656578064
1569841493.848673,132,0.7351190447807312
1569841494.712446,133,0.7276785969734192
1569841495.5811806,134,0.773809552192688
1569841496.4456248,135,0.7440476417541504
1569841497.311017,136,0.7604166865348816
1569841498.1726537,137,0.7514880895614624
1569841499.0465968,138,0.7723214030265808
1569841499.9190972,139,0.7633928656578064
1569841500.7924519,140,0.7589285969734192
1569841501.6647704,141,0.7663690447807312
1569841502.5338244,142,0.761904776096344
1569841503.4010599,143,0.7767857313156128
1569841504.2781918,144,0.773809552192688
1569841505.1461823,145,0.75
1569841506.0211587,146,0.7455357313156128
1569841506.895876,147,0.7708333134651184
1569841507.76522,148,0.7485119104385376
1569841508.6289961,149,0.7485119104385376
1569841509.5049424,150,0.7470238208770752
1569841510.3432298,151,0.7172619104385376
1569841511.1857946,152,0.769345223903656
1569841512.0310936,153,0.7395833134651184
1569841512.874113,154,0.7455357313156128
1569841513.7301836,155,0.7410714030265808
1569841514.581925,156,0.7827380895614624
1569841515.4449117,157,0.7872023582458496
1569841516.2918863,158,0.7797619104385376
1569841517.147641,159,0.7723214030265808
1569841518.0007503,160,0.7857142686843872
1569841518.8641372,161,0.7604166865348816
1569841519.7245142,162,0.7663690447807312
1569841520.57927,163,0.7782738208770752
1569841521.4451635,164,0.7157738208770752
1569841522.3080683,165,0.738095223903656
1569841523.1647954,166,0.7410714030265808
1569841524.015409,167,0.7708333134651184
1569841524.8735392,168,0.7470238208770752
1569841525.734383,169,0.7470238208770752
1569841526.571005,170,0.75
1569841527.4343731,171,0.7648809552192688
1569841528.2947686,172,0.7663690447807312
1569841529.1658342,173,0.7767857313156128
1569841530.0320194,174,0.738095223903656
1569841530.8927608,175,0.7514880895614624
1569841531.758622,176,0.7336309552192688
1569841532.6293263,177,0.7514880895614624
1569841533.4984896,178,0.7589285969734192
1569841534.3590376,179,0.7648809552192688
1569841535.2293386,180,0.8125
1569841536.1043668,181,0.7604166865348816
1569841536.9639835,182,0.769345223903656
1569841537.8141866,183,0.7440476417541504
1569841538.6803577,184,0.7663690447807312
1569841539.5503535,185,0.7589285969734192
1569841540.4222167,186,0.7589285969734192
1569841541.2954621,187,0.7723214030265808
1569841542.155375,188,0.761904776096344
1569841543.0213695,189,0.7633928656578064
1569841543.895024,190,0.7410714030265808
1569841544.7603638,191,0.7336309552192688
1569841545.6448033,192,0.7544642686843872
1569841546.52362,193,0.7321428656578064
1569841547.3906736,194,0.7901785969734192
1569841548.2573853,195,0.761904776096344
1569841549.1308267,196,0.7440476417541504
1569841550.0004063,197,0.7708333134651184
1569841550.8727477,198,0.7351190447807312
1569841551.7360508,199,0.7544642686843872
