Wall time,Step,Value
1569841172.587594,0,0.23478350043296814
1569841173.5034904,1,0.2077205926179886
1569841174.3861108,2,0.27706292271614075
1569841175.2625825,3,0.29207515716552734
1569841176.1364684,4,0.35457515716552734
1569841177.0205266,5,0.3961397111415863
1569841177.9017804,6,0.4401552379131317
1569841178.777676,7,0.4840686321258545
1569841179.6579473,8,0.4766135513782501
1569841180.5375707,9,0.4928513169288635
1569841181.4183788,10,0.5003063678741455
1569841182.3161964,11,0.5268586874008179
1569841183.20166,12,0.5372753143310547
1569841184.0876226,13,0.47845178842544556
1569841184.9644628,14,0.5263480544090271
1569841185.837469,15,0.5586192607879639
1569841186.707757,16,0.5621936321258545
1569841187.5917647,17,0.5795547366142273
1569841188.4781837,18,0.5685253143310547
1569841189.3570325,19,0.5916053652763367
1569841190.2308896,20,0.5748569965362549
1569841191.1094625,21,0.5385008454322815
1569841191.9866378,22,0.5846609473228455
1569841192.8607814,23,0.5280841588973999
1569841193.7410553,24,0.5436069965362549
1569841194.6195343,25,0.5089869499206543
1569841195.4993947,26,0.5598447918891907
1569841196.377067,27,0.5748569965362549
1569841197.2681315,28,0.6089665293693542
1569841198.1647463,29,0.522467315196991
1569841199.045664,30,0.5864991545677185
1569841199.9216537,31,0.5882353186607361
1569841200.799799,32,0.6089665293693542
1569841201.676959,33,0.5889501571655273
1569841202.555646,34,0.5964052081108093
1569841203.4318075,35,0.5876225233078003
1569841204.3157706,36,0.6245915293693542
1569841205.1972864,37,0.5986519455909729
1569841206.074982,38,0.6154003143310547
1569841206.9475121,39,0.6534926295280457
1569841207.8457117,40,0.6304125785827637
1569841208.7218401,41,0.6120302081108093
1569841209.5977724,42,0.6136642098426819
1569841210.4764776,43,0.6299019455909729
1569841211.357618,44,0.6240808963775635
1569841212.2501066,45,0.6587010025978088
1569841213.1411805,46,0.6852532625198364
1569841214.0203326,47,0.6656454205513
1569841214.8981557,48,0.6177491545677185
1569841215.7804801,49,0.5992646813392639
1569841216.681618,50,0.6673815250396729
1569841217.578332,51,0.6397058963775635
1569841218.457216,52,0.6766748428344727
1569841219.334936,53,0.6160130500793457
1569841220.2210364,54,0.6934232115745544
1569841221.101606,55,0.6668708920478821
1569841221.9801385,56,0.6022263169288635
1569841222.8598654,57,0.6489991545677185
1569841223.7384105,58,0.6749387383460999
1569841224.626041,59,0.6697303652763367
1569841225.5052156,60,0.6859681606292725
1569841226.4030387,61,0.6842319965362549
1569841227.3025203,62,0.6022263169288635
1569841228.2014248,63,0.6853553652763367
1569841229.1042755,64,0.673202633857727
1569841230.006843,65,0.6610498428344727
1569841230.9076705,66,0.711294949054718
1569841231.81304,67,0.6559436321258545
1569841232.7026575,68,0.6553308963775635
1569841233.592784,69,0.6622753143310547
1569841234.4754882,70,0.6824958920478821
1569841235.3514626,71,0.6669730544090271
1569841236.2357645,72,0.6755514740943909
1569841237.1130955,73,0.6582924723625183
1569841237.9908412,74,0.6582924723625183
1569841238.8707945,75,0.6865808963775635
1569841239.7479036,76,0.6755514740943909
1569841240.626005,77,0.6951593160629272
1569841241.5273979,78,0.6807597875595093
1569841242.4216626,79,0.6894403696060181
1569841243.3153272,80,0.6981208920478821
1569841244.1965394,81,0.7027165293693542
1569841245.0841606,82,0.7212010025978088
1569841245.982268,83,0.7061887383460999
1569841246.8714101,84,0.6744281053543091
1569841247.7550297,85,0.6917892098426819
1569841248.6318638,86,0.720588207244873
1569841249.506669,87,0.7172181606292725
1569841250.4008412,88,0.6981208920478821
1569841251.2728043,89,0.6802491545677185
1569841252.1575947,90,0.7258986830711365
1569841253.031255,91,0.6865808963775635
1569841253.9065385,92,0.6663603186607361
1569841254.799544,93,0.6837214231491089
1569841255.7011576,94,0.6911764740943909
1569841256.586321,95,0.7327409982681274
1569841257.4704103,96,0.711907684803009
1569841258.347327,97,0.6981208920478821
1569841259.226322,98,0.736213207244873
1569841260.107139,99,0.7344771027565002
1569841260.9909873,100,0.6969975233078003
1569841261.9151888,101,0.7091503143310547
1569841262.814546,102,0.7033292651176453
1569841263.7070384,103,0.7159926295280457
1569841264.582208,104,0.7045547366142273
1569841265.4567122,105,0.7448937892913818
1569841266.3297691,106,0.7015931606292725
1569841267.216002,107,0.7033292651176453
1569841268.0962706,108,0.7448937892913818
1569841268.9758074,109,0.7339665293693542
1569841269.8478224,110,0.6993464231491089
1569841270.7228398,111,0.7477532625198364
1569841271.596385,112,0.7213031053543091
1569841272.4717097,113,0.735702633857727
1569841273.3476787,114,0.7374387383460999
1569841274.2226017,115,0.7402982115745544
1569841275.1096518,116,0.766850471496582
1569841275.9900014,117,0.7391748428344727
1569841276.8709111,118,0.7179329991340637
1569841277.7525487,119,0.7056781053543091
1569841278.6324859,120,0.7091503143310547
1569841279.5097842,121,0.6941380500793457
1569841280.389813,122,0.7298815250396729
1569841281.2731273,123,0.7582720518112183
1569841282.149716,124,0.7651143670082092
1569841283.030561,125,0.7489787340164185
1569841283.9097528,126,0.7530637383460999
1569841284.785699,127,0.7576593160629272
1569841285.6629667,128,0.735702633857727
1569841286.542061,129,0.7345792651176453
1569841287.4257898,130,0.7426470518112183
1569841288.3057504,131,0.7432597875595093
1569841289.180043,132,0.7149714231491089
1569841290.0672197,133,0.7016952633857727
1569841290.9400513,134,0.7530637383460999
1569841291.8162372,135,0.7472426295280457
1569841292.6898422,136,0.7576593160629272
1569841293.5715978,137,0.7149714231491089
1569841294.4476912,138,0.7698121070861816
1569841295.3274367,139,0.7415236830711365
1569841296.2120004,140,0.7547998428344727
1569841297.1030982,141,0.7402982115745544
1569841297.9991503,142,0.7611315250396729
1569841298.893103,143,0.7213031053543091
1569841299.7680628,144,0.751327633857727
1569841300.6558452,145,0.7593954205513
1569841301.5384839,146,0.7646037340164185
1569841302.4204638,147,0.7489787340164185
1569841303.2963443,148,0.7720588445663452
1569841304.1828685,149,0.7345792651176453
1569841305.061355,150,0.7646037340164185
1569841305.9325228,151,0.7051674723625183
1569841306.8118336,152,0.7547998428344727
1569841307.6924791,153,0.7304942607879639
1569841308.5720112,154,0.7409109473228455
1569841309.4474094,155,0.7634803652763367
1569841310.31959,156,0.7247753143310547
1569841311.1974337,157,0.6872957348823547
1569841312.0723028,158,0.751838207244873
1569841312.949679,159,0.7524510025978088
1569841313.8232782,160,0.7778798937797546
1569841314.7088928,161,0.7340686321258545
1569841315.582616,162,0.7311069965362549
1569841316.457565,163,0.7148692607879639
1569841317.3501272,164,0.7247753143310547
1569841318.2300735,165,0.7605187892913818
1569841319.111622,166,0.7461192607879639
1569841319.989706,167,0.7691993713378906
1569841320.8699722,168,0.7732843160629272
1569841321.751034,169,0.750714898109436
1569841322.6305158,170,0.6993464231491089
1569841323.5332496,171,0.6999591588973999
1569841324.4282658,172,0.7391748428344727
1569841325.3266542,173,0.7206903696060181
1569841326.206335,174,0.7195670008659363
1569841327.0779936,175,0.7086396813392639
1569841327.957469,176,0.7039420008659363
1569841328.846084,177,0.7305964231491089
1569841329.7415357,178,0.7213031053543091
1569841330.6426322,179,0.7080269455909729
1569841331.541509,180,0.7311069965362549
1569841332.436672,181,0.7374387383460999
1569841333.3346422,182,0.7437704205513
1569841334.2302544,183,0.7213031053543091
1569841335.10817,184,0.7126225233078003
1569841335.9856145,185,0.7489787340164185
1569841336.8606398,186,0.767463207244873
1569841337.7609909,187,0.7397875785827637
1569841338.6407757,188,0.7605187892913818
1569841339.519509,189,0.7455065250396729
1569841340.4086025,190,0.7311069965362549
1569841341.2870002,191,0.7397875785827637
1569841342.1646504,192,0.7432597875595093
1569841343.040377,193,0.7420343160629272
1569841343.9197743,194,0.735702633857727
1569841344.7993147,195,0.7247753143310547
1569841345.6853147,196,0.7380514740943909
1569841346.5655005,197,0.7600081562995911
1569841347.4790547,198,0.7391748428344727
1569841348.3773875,199,0.7149714231491089
