Wall time,Step,Value
1569841400.4081576,0,0.2929067313671112
1569841401.2663274,1,0.361855149269104
1569841402.1038895,2,0.3891369104385376
1569841402.9437838,3,0.3908730149269104
1569841403.768157,4,0.4198908805847168
1569841404.5907235,5,0.3554067313671112
1569841405.4263704,6,0.4064980149269104
1569841406.2622774,7,0.4273313581943512
1569841407.0881956,8,0.477182537317276
1569841407.9276357,9,0.4221230149269104
1569841408.752651,10,0.408730149269104
1569841409.575641,11,0.3492063581943512
1569841410.3915899,12,0.480654776096344
1569841411.2158854,13,0.519345223903656
1569841412.0418363,14,0.5136408805847168
1569841412.866216,15,0.5570436716079712
1569841413.683448,16,0.5379464030265808
1569841414.5076244,17,0.543154776096344
1569841415.3427422,18,0.5076884627342224
1569841416.1674619,19,0.5617559552192688
1569841416.9905846,20,0.543154776096344
1569841417.8105195,21,0.4972718358039856
1569841418.6305645,22,0.56870037317276
1569841419.4534082,23,0.5314980149269104
1569841420.2674568,24,0.574404776096344
1569841421.0876198,25,0.5691964030265808
1569841421.9110756,26,0.5488591194152832
1569841422.736839,27,0.590029776096344
1569841423.563801,28,0.574404776096344
1569841424.3993134,29,0.550595223903656
1569841425.2551503,30,0.6510416865348816
1569841426.0927212,31,0.5622519850730896
1569841426.9341493,32,0.581845223903656
1569841427.7754004,33,0.539434552192688
1569841428.6164582,34,0.6021825671195984
1569841429.4570463,35,0.6341766119003296
1569841430.2975564,36,0.5714285969734192
1569841431.1309717,37,0.518105149269104
1569841431.9720323,38,0.590029776096344
1569841432.8196366,39,0.623759925365448
1569841433.6664808,40,0.5198412537574768
1569841434.5042744,41,0.6103670597076416
1569841435.3523045,42,0.5939980149269104
1569841436.1918645,43,0.5359622836112976
1569841437.0377245,44,0.614335298538208
1569841437.8784041,45,0.4977678656578064
1569841438.7497206,46,0.6195436716079712
1569841439.5876966,47,0.5835813283920288
1569841440.432877,48,0.5597718358039856
1569841441.272819,49,0.550595223903656
1569841442.1184354,50,0.5255456566810608
1569841442.9539285,51,0.6039186716079712
1569841443.7955062,52,0.5696924328804016
1569841444.636276,53,0.5424107313156128
1569841445.4799933,54,0.5930059552192688
1569841446.3026998,55,0.5835813283920288
1569841447.1352735,56,0.6398809552192688
1569841447.9683676,57,0.6502976417541504
1569841448.8037126,58,0.6555059552192688
1569841449.6433947,59,0.6351686716079712
1569841450.4683423,60,0.5927579402923584
1569841451.3265827,61,0.6473214030265808
1569841452.1746855,62,0.6252480149269104
1569841453.0201898,63,0.6374008059501648
1569841453.86009,64,0.6897321343421936
1569841454.7014854,65,0.6183035969734192
1569841455.534064,66,0.6165674328804016
1569841456.3671772,67,0.701884925365448
1569841457.1905906,68,0.628720223903656
1569841458.026675,69,0.6321924328804016
1569841458.8633826,70,0.6351686716079712
1569841459.7016597,71,0.6386408805847168
1569841460.5441015,72,0.644345223903656
1569841461.377906,73,0.5927579402923584
1569841462.2013886,74,0.6872519850730896
1569841463.0283747,75,0.676835298538208
1569841463.85372,76,0.7011408805847168
1569841464.6723778,77,0.65004962682724
1569841465.512404,78,0.7028769850730896
1569841466.335454,79,0.7075892686843872
1569841467.158134,80,0.675595223903656
1569841467.9801967,81,0.7366071343421936
1569841468.8016415,82,0.6465773582458496
1569841469.6380181,83,0.6971726417541504
1569841470.457743,84,0.7313988208770752
1569841471.280528,85,0.6495535969734192
1569841472.100465,86,0.6773313283920288
1569841472.9259248,87,0.7023809552192688
1569841473.7461476,88,0.692460298538208
1569841474.5723906,89,0.7145337462425232
1569841475.3957427,90,0.6703869104385376
1569841476.2257457,91,0.6535218358039856
1569841477.0588338,92,0.7063491940498352
1569841477.9012055,93,0.6959325671195984
1569841478.7341914,94,0.6842758059501648
1569841479.579892,95,0.7673611044883728
1569841480.413974,96,0.700644850730896
1569841481.2461824,97,0.666914701461792
1569841482.0711865,98,0.6535218358039856
1569841482.8998597,99,0.6820436716079712
1569841483.745725,100,0.7586805820465088
1569841484.5797207,101,0.699404776096344
1569841485.4362223,102,0.7145337462425232
1569841486.2558517,103,0.6059027910232544
1569841487.0752459,104,0.7539682388305664
1569841487.8925745,105,0.6738591194152832
1569841488.7114935,106,0.6959325671195984
1569841489.5362556,107,0.7011408805847168
1569841490.3593786,108,0.731894850730896
1569841491.1815073,109,0.6790674328804016
1569841492.00163,110,0.7301587462425232
1569841492.8201268,111,0.6941964030265808
1569841493.6464925,112,0.699404776096344
1569841494.4709883,113,0.6976686716079712
1569841495.2943585,114,0.6703869104385376
1569841496.1279209,115,0.7046130895614624
1569841496.9680429,116,0.7266865372657776
1569841497.7993264,117,0.7028769850730896
1569841498.6278863,118,0.6773313283920288
1569841499.4530895,119,0.7254464030265808
1569841500.2909122,120,0.6622023582458496
1569841501.1325414,121,0.6686508059501648
1569841501.9727898,122,0.698164701461792
1569841502.8057356,123,0.7504960298538208
1569841503.627746,124,0.7795138955116272
1569841504.4428117,125,0.7132936716079712
1569841505.2683415,126,0.7266865372657776
1569841506.097036,127,0.7046130895614624
1569841506.9181159,128,0.7115575671195984
1569841507.746048,129,0.6552579402923584
1569841508.5774796,130,0.7289186716079712
1569841509.4003444,131,0.6808035969734192
1569841510.2200627,132,0.6738591194152832
1569841511.0489962,133,0.741815447807312
1569841511.8782704,134,0.7423115372657776
1569841512.7108865,135,0.757440447807312
1569841513.5352428,136,0.7301587462425232
1569841514.3779147,137,0.6941964030265808
1569841515.234016,138,0.6686508059501648
1569841516.114174,139,0.7063491940498352
1569841516.9377418,140,0.7661210298538208
1569841517.7779005,141,0.6907241940498352
1569841518.6178737,142,0.7145337462425232
1569841519.441467,143,0.757440447807312
1569841520.2686784,144,0.7115575671195984
1569841521.1010892,145,0.731894850730896
1569841521.9169562,146,0.66567462682724
1569841522.7361972,147,0.6907241940498352
1569841523.5511742,148,0.698164701461792
1569841524.3757858,149,0.6569940447807312
1569841525.2069883,150,0.6674107313156128
1569841526.0436244,151,0.6860119104385376
1569841526.870266,152,0.658730149269104
1569841527.6984072,153,0.6946924328804016
1569841528.5304976,154,0.666914701461792
1569841529.3517241,155,0.6785714030265808
1569841530.17253,156,0.6773313283920288
1569841530.9947712,157,0.633184552192688
1569841531.8168879,158,0.682539701461792
1569841532.6461391,159,0.7115575671195984
1569841533.463245,160,0.6959325671195984
1569841534.3058429,161,0.6569940447807312
1569841535.1380796,162,0.6877480149269104
1569841535.9629252,163,0.658730149269104
1569841536.7875016,164,0.7423115372657776
1569841537.6069357,165,0.6808035969734192
1569841538.4258156,166,0.6279761791229248
1569841539.246902,167,0.6622023582458496
1569841540.0625737,168,0.6959325671195984
1569841540.882414,169,0.682539701461792
1569841541.7090204,170,0.7271825671195984
1569841542.5272255,171,0.6842758059501648
1569841543.3523057,172,0.764384925365448
1569841544.182968,173,0.6401289701461792
1569841545.007015,174,0.708085298538208
1569841545.8279808,175,0.78125
1569841546.6498015,176,0.731894850730896
1569841547.4917436,177,0.65004962682724
1569841548.349803,178,0.7266865372657776
1569841549.1760013,179,0.6894841194152832
1569841549.992622,180,0.6976686716079712
1569841550.8183215,181,0.7214781641960144
1569841551.6614766,182,0.6448412537574768
1569841552.5015714,183,0.7046130895614624
1569841553.3414772,184,0.7011408805847168
1569841554.187331,185,0.7400793433189392
1569841555.0366614,186,0.6790674328804016
1569841555.8863075,187,0.6877480149269104
1569841556.7278206,188,0.682539701461792
1569841557.5728745,189,0.6877480149269104
1569841558.4100075,190,0.6691468358039856
1569841559.2440262,191,0.6750991940498352
1569841560.079908,192,0.6349206566810608
1569841560.9220061,193,0.7284226417541504
1569841561.7625198,194,0.6651785969734192
1569841562.602015,195,0.7522321343421936
1569841563.448314,196,0.733134925365448
1569841564.292147,197,0.6855158805847168
1569841565.116218,198,0.741815447807312
1569841565.9453695,199,0.6976686716079712
