Wall time,Step,Value
1569841243.8088117,0,0.35067641735076904
1569841244.6695037,1,0.39234307408332825
1569841245.5069962,2,0.426921010017395
1569841246.3374615,3,0.36815476417541504
1569841247.1570544,4,0.35849568247795105
1569841247.978121,5,0.39009740948677063
1569841248.800087,6,0.375946968793869
1569841249.617144,7,0.44999998807907104
1569841250.4347563,8,0.4879058301448822
1569841251.25321,9,0.4919913411140442
1569841252.0703313,10,0.4886634051799774
1569841252.9167635,11,0.48793289065361023
1569841253.7406428,12,0.4916396141052246
1569841254.563375,13,0.4968344271183014
1569841255.392333,14,0.512472927570343
1569841256.212835,15,0.5239718556404114
1569841257.0364323,16,0.5024350881576538
1569841257.856198,17,0.5310065150260925
1569841258.676328,18,0.5094696879386902
1569841259.497419,19,0.5254870057106018
1569841260.322077,20,0.5358766317367554
1569841261.1416678,21,0.529924213886261
1569841261.9606676,22,0.5414502024650574
1569841262.7828906,23,0.5046807527542114
1569841263.6024003,24,0.5369859337806702
1569841264.4215152,25,0.5247294306755066
1569841265.2470798,26,0.528084397315979
1569841266.0686665,27,0.541828989982605
1569841266.8904445,28,0.5303300619125366
1569841267.7155488,29,0.5596590638160706
1569841268.5369084,30,0.5173160433769226
1569841269.3616147,31,0.5113636255264282
1569841270.1777444,32,0.5667478442192078
1569841270.9979372,33,0.532548725605011
1569841271.8180137,34,0.5511363744735718
1569841272.636217,35,0.5760551691055298
1569841273.4573822,36,0.5830898284912109
1569841274.2772775,37,0.5723214149475098
1569841275.0971434,38,0.5946699380874634
1569841275.9320261,39,0.5541125535964966
1569841276.7488918,40,0.5919913649559021
1569841277.5711365,41,0.5912878513336182
1569841278.3919127,42,0.5511363744735718
1569841279.2073534,43,0.6020833253860474
1569841280.0274258,44,0.6277326941490173
1569841280.8461237,45,0.6363095045089722
1569841281.6715899,46,0.6481601595878601
1569841282.4978447,47,0.6203192472457886
1569841283.317024,48,0.6805465221405029
1569841284.1402109,49,0.6671807169914246
1569841284.9608579,50,0.6466991305351257
1569841285.7875006,51,0.6686417460441589
1569841286.613187,52,0.6623647212982178
1569841287.4323683,53,0.6783279180526733
1569841288.251659,54,0.7073322534561157
1569841289.0704703,55,0.7036255598068237
1569841289.8919706,56,0.6824133992195129
1569841290.7140317,57,0.6935606002807617
1569841291.5365953,58,0.6887175440788269
1569841292.3657036,59,0.6445075869560242
1569841293.190356,60,0.664962112903595
1569841294.0061634,61,0.6846590638160706
1569841294.822241,62,0.6879870295524597
1569841295.6367638,63,0.6835497617721558
1569841296.458663,64,0.6935335397720337
1569841297.281871,65,0.6779491305351257
1569841298.0977347,66,0.6698051691055298
1569841298.9176028,67,0.6775703430175781
1569841299.7393932,68,0.6779491305351257
1569841300.5609567,69,0.6734848618507385
1569841301.381462,70,0.6935606002807617
1569841302.2068267,71,0.668668806552887
1569841303.0315137,72,0.6820346117019653
1569841303.850026,73,0.6846320629119873
1569841304.6680589,74,0.6842532753944397
1569841305.4883394,75,0.7106872200965881
1569841306.3105006,76,0.6935606002807617
1569841307.137079,77,0.6698051691055298
1569841307.981943,78,0.6880140900611877
1569841308.8138578,79,0.7192370295524597
1569841309.6305804,80,0.7010011076927185
1569841310.4513674,81,0.7095508575439453
1569841311.2819333,82,0.7028679847717285
1569841312.102343,83,0.7285172939300537
1569841312.9208896,84,0.6835768222808838
1569841313.7478485,85,0.7091991305351257
1569841314.5719872,86,0.7370671033859253
1569841315.3964515,87,0.7054924368858337
1569841316.2312734,88,0.7549242377281189
1569841317.0606318,89,0.7378246784210205
1569841317.8770921,90,0.7381764054298401
1569841318.6975973,91,0.7244318127632141
1569841319.5178475,92,0.7266774773597717
1569841320.3381038,93,0.7441017031669617
1569841321.1631396,94,0.7248106002807617
1569841321.9863546,95,0.7207251191139221
1569841322.8115516,96,0.7486201524734497
1569841323.6329517,97,0.7400432825088501
1569841324.4504874,98,0.7370941638946533
1569841325.2667136,99,0.7277867794036865
1569841326.0955086,100,0.7188853025436401
1569841326.9222784,101,0.7377976179122925
1569841327.7492366,102,0.7248376607894897
1569841328.5772357,103,0.7333604097366333
1569841329.4007401,104,0.7385822534561157
1569841330.2203982,105,0.7456439137458801
1569841331.0403442,106,0.7482413649559021
1569841331.8662145,107,0.7314935326576233
1569841332.6884239,108,0.7192370295524597
1569841333.5115283,109,0.7445346117019653
1569841334.327847,110,0.7229707837104797
1569841335.146871,111,0.7233225107192993
1569841335.9733377,112,0.7330086827278137
1569841336.7904925,113,0.7396915555000305
1569841337.6104622,114,0.7511904835700989
1569841338.4305706,115,0.7396644949913025
1569841339.2521892,116,0.7463744878768921
1569841340.0702865,117,0.7653138637542725
1569841340.8879883,118,0.7326298952102661
1569841341.7071202,119,0.7415313720703125
1569841342.5306695,120,0.7184794545173645
1569841343.3508236,121,0.7341179847717285
1569841344.166416,122,0.7352272868156433
1569841344.9875488,123,0.7492965459823608
1569841345.8172224,124,0.7258928418159485
1569841346.643541,125,0.7225649356842041
1569841347.4661314,126,0.7653138637542725
1569841348.2877202,127,0.7408279180526733
1569841349.1060638,128,0.7441287636756897
1569841349.9270325,129,0.7404220700263977
1569841350.7453866,130,0.7441287636756897
1569841351.56795,131,0.727462112903595
1569841352.3863065,132,0.7329545617103577
1569841353.2024834,133,0.7340909242630005
1569841354.0314395,134,0.7448592782020569
1569841354.84686,135,0.7657197117805481
1569841355.6676204,136,0.7404220700263977
1569841356.4967291,137,0.7303571701049805
1569841357.3170316,138,0.7452921867370605
1569841358.1389232,139,0.7255681753158569
1569841358.9575043,140,0.7452380657196045
1569841359.776382,141,0.7415584325790405
1569841360.5922112,142,0.7537878751754761
1569841361.4114804,143,0.7623647451400757
1569841362.2296624,144,0.7482413649559021
1569841363.0681136,145,0.7568181753158569
1569841363.890403,146,0.7526785731315613
1569841364.7102418,147,0.7385551929473877
1569841365.5305843,148,0.7281655669212341
1569841366.3563325,149,0.7396915555000305
1569841367.1783278,150,0.7433982491493225
1569841368.0032074,151,0.7307900190353394
1569841368.8279908,152,0.7266774773597717
1569841369.6512697,153,0.7426406741142273
1569841370.470343,154,0.7386093139648438
1569841371.293483,155,0.7344697117805481
1569841372.1184976,156,0.7464014887809753
1569841372.9405713,157,0.7415043115615845
1569841373.7622552,158,0.7229437232017517
1569841374.587053,159,0.7267045378684998
1569841375.408266,160,0.7411525845527649
1569841376.2328675,161,0.7478355169296265
1569841377.064938,162,0.7359578013420105
1569841377.8922033,163,0.7222402691841125
1569841378.7124577,164,0.7340909242630005
1569841379.528494,165,0.7385551929473877
1569841380.3456264,166,0.7538149356842041
1569841381.1736634,167,0.7267045378684998
1569841382.002263,168,0.7467262148857117
1569841382.8218443,169,0.7203463315963745
1569841383.6381178,170,0.7340909242630005
1569841384.456957,171,0.7426677346229553
1569841385.2731175,172,0.7437499761581421
1569841386.1011312,173,0.7400703430175781
1569841386.9192553,174,0.7571428418159485
1569841387.751074,175,0.7467532753944397
1569841388.571071,176,0.7430465221405029
1569841389.3967342,177,0.7263257503509521
1569841390.2136815,178,0.7326298952102661
1569841391.0315716,179,0.7307900190353394
1569841391.852208,180,0.7311147451400757
1569841392.6669776,181,0.7345238327980042
1569841393.4992056,182,0.694399356842041
1569841394.3277876,183,0.7437770366668701
1569841395.1684346,184,0.7378246784210205
1569841396.0017312,185,0.7218344211578369
1569841396.8424253,186,0.7404491305351257
1569841397.6623092,187,0.7456169128417969
1569841398.4949408,188,0.7318723201751709
1569841399.316689,189,0.7285443544387817
1569841400.1527708,190,0.7259199023246765
1569841400.9762027,191,0.7415313720703125
1569841401.7963164,192,0.7411796450614929
1569841402.613677,193,0.7527056336402893
1569841403.4294863,194,0.7248106002807617
1569841404.252994,195,0.7315475940704346
1569841405.0729322,196,0.715530276298523
1569841405.9050453,197,0.7185335755348206
1569841406.7280676,198,0.7296265959739685
1569841407.545919,199,0.7281926274299622
