Wall time,Step,Value
1569841363.7772527,0,0.3062348961830139
1569841364.6644437,1,0.3192180097103119
1569841365.5080776,2,0.3365791141986847
1569841366.361496,3,0.33778682351112366
1569841367.207731,4,0.4004378020763397
1569841368.052843,5,0.3982487916946411
1569841368.9077363,6,0.423158198595047
1569841369.753096,7,0.44240638613700867
1569841370.6131487,8,0.442255437374115
1569841371.4605222,9,0.454408198595047
1569841372.3059118,10,0.4679196774959564
1569841373.1554596,11,0.46512681245803833
1569841373.9975362,12,0.454408198595047
1569841374.8412998,13,0.4515398442745209
1569841375.6832523,14,0.45297402143478394
1569841376.5280547,15,0.4433876872062683
1569841377.3728533,16,0.45584240555763245
1569841378.2177043,17,0.44195351004600525
1569841379.0823545,18,0.4548611044883728
1569841379.9324563,19,0.4608997702598572
1569841380.7806826,20,0.46323972940444946
1569841381.6283543,21,0.4826388955116272
1569841382.4769487,22,0.4741092920303345
1569841383.325451,23,0.4778834581375122
1569841384.1683671,24,0.5056612491607666
1569841385.018228,25,0.46973127126693726
1569841385.8583488,26,0.4716183543205261
1569841386.704732,27,0.4878472089767456
1569841387.553488,28,0.5110205411911011
1569841388.4081488,29,0.49116846919059753
1569841389.263967,30,0.4900362193584442
1569841390.1118844,31,0.4913194477558136
1569841390.963003,32,0.49750906229019165
1569841391.8132815,33,0.5055102705955505
1569841392.6630194,34,0.4956219792366028
1569841393.5233216,35,0.504755437374115
1569841394.3876262,36,0.5146437287330627
1569841395.24629,37,0.5126056671142578
1569841396.103032,38,0.5116998553276062
1569841396.9462497,39,0.5102657079696655
1569841397.791258,40,0.49494263529777527
1569841398.6463065,41,0.5020380616188049
1569841399.4929652,42,0.5092844367027283
1569841400.341516,43,0.537213146686554
1569841401.1837704,44,0.5135869383811951
1569841402.0267775,45,0.5192481875419617
1569841402.872898,46,0.5140398740768433
1569841403.7251093,47,0.5017361044883728
1569841404.5736108,48,0.5334389805793762
1569841405.416815,49,0.5088315010070801
1569841406.2635279,50,0.5320048332214355
1569841407.1077292,51,0.5228713750839233
1569841407.9581952,52,0.5190972089767456
1569841408.8087091,53,0.5353260636329651
1569841409.6567385,54,0.5187953114509583
1569841410.506837,55,0.5181159377098083
1569841411.3541424,56,0.5228713750839233
1569841412.201257,57,0.563707709312439
1569841413.0543392,58,0.5244565010070801
1569841413.9068904,59,0.5102657079696655
1569841414.7565722,60,0.5101147294044495
1569841415.6056602,61,0.520531415939331
1569841416.4518616,62,0.5399305820465088
1569841417.3013165,63,0.5279287695884705
1569841418.146549,64,0.53125
1569841419.0024447,65,0.5295138955116272
1569841419.8476944,66,0.5580465197563171
1569841420.6885417,67,0.5671799778938293
1569841421.5353608,68,0.5523852705955505
1569841422.3777905,69,0.5240036249160767
1569841423.223082,70,0.520531415939331
1569841424.072103,71,0.5476298332214355
1569841424.9209285,72,0.5292119383811951
1569841425.7637498,73,0.5544233322143555
1569841426.6076097,74,0.540911853313446
1569841427.4514046,75,0.5603864789009094
1569841428.2968023,76,0.5455917716026306
1569841429.173396,77,0.5558574795722961
1569841430.016862,78,0.5787288546562195
1569841430.8821177,79,0.5607638955116272
1569841431.7281446,80,0.5363073945045471
1569841432.5731487,81,0.5757095217704773
1569841433.423285,82,0.5899003744125366
1569841434.267468,83,0.5561594367027283
1569841435.1127596,84,0.5809178948402405
1569841435.955683,85,0.5762379169464111
1569841436.8077238,86,0.5738224387168884
1569841437.6586678,87,0.5991092920303345
1569841438.5030193,88,0.5939009785652161
1569841439.3524718,89,0.5940519571304321
1569841440.2053294,90,0.6085447072982788
1569841441.0485046,91,0.5982789993286133
1569841441.8932977,92,0.5934480428695679
1569841442.7357368,93,0.6086956262588501
1569841443.612817,94,0.6296799778938293
1569841444.4581163,95,0.620244562625885
1569841445.3073976,96,0.5795592069625854
1569841446.153594,97,0.6222826242446899
1569841446.9978604,98,0.614281415939331
1569841447.8457606,99,0.6185084581375122
1569841448.6973076,100,0.6008453965187073
1569841449.5514584,101,0.6136020421981812
1569841450.395884,102,0.6121678948402405
1569841451.2557478,103,0.6134510636329651
1569841452.1028302,104,0.6336050629615784
1569841452.9658363,105,0.6049215197563171
1569841453.822752,106,0.6399456262588501
1569841454.6722212,107,0.6218296885490417
1569841455.5206237,108,0.6338315010070801
1569841456.3635454,109,0.615338146686554
1569841457.2113643,110,0.6090730428695679
1569841458.0528004,111,0.5979770421981812
1569841458.8983686,112,0.6134510636329651
1569841459.7385445,113,0.6095259785652161
1569841460.5831568,114,0.6254528760910034
1569841461.4278865,115,0.6350392699241638
1569841462.2734218,116,0.6502113342285156
1569841463.115691,117,0.63722825050354
1569841463.9712312,118,0.6416817903518677
1569841464.8167992,119,0.6126962304115295
1569841465.6730855,120,0.648928165435791
1569841466.5228348,121,0.6308122277259827
1569841467.3972301,122,0.6391907930374146
1569841468.2450466,123,0.6318689584732056
1569841469.1079009,124,0.6456068754196167
1569841469.9580455,125,0.641832709312439
1569841470.8080418,126,0.6503623127937317
1569841471.6560209,127,0.6382095217704773
1569841472.5066257,128,0.6664401888847351
1569841473.3536937,129,0.6205465197563171
1569841474.2021866,130,0.6271889805793762
1569841475.0484488,131,0.6148852705955505
1569841475.902186,132,0.6361715197563171
1569841476.748197,133,0.6312651038169861
1569841477.5973313,134,0.6241697072982788
1569841478.4679534,135,0.5964673757553101
1569841479.327084,136,0.6577596664428711
1569841480.1735888,137,0.6312651038169861
1569841481.0179188,138,0.6571558117866516
1569841481.8637283,139,0.6347373127937317
1569841482.7129943,140,0.6558725833892822
1569841483.5633507,141,0.6341334581375122
1569841484.407809,142,0.6571558117866516
1569841485.2514093,143,0.63111412525177
1569841486.097159,144,0.6538345217704773
1569841486.9434862,145,0.6295289993286133
1569841487.788322,146,0.6421346664428711
1569841488.6336036,147,0.6393417716026306
1569841489.4967954,148,0.6483242511749268
1569841490.3452394,149,0.6170742511749268
1569841491.1920354,150,0.6182065010070801
1569841492.0365174,151,0.6594957709312439
1569841492.880948,152,0.64673912525177
1569841493.7333448,153,0.6625151038169861
1569841494.5785353,154,0.641983687877655
1569841495.4222217,155,0.6451539993286133
1569841496.2665045,156,0.6264342069625854
1569841497.115388,157,0.6237167716026306
1569841497.9683642,158,0.6522493958473206
1569841498.8182142,159,0.6628170013427734
1569841499.6659296,160,0.6412288546562195
1569841500.5167572,161,0.6247735619544983
1569841501.3637612,162,0.648777186870575
1569841502.206579,163,0.63111412525177
1569841503.0667174,164,0.6535326242446899
1569841503.9234028,165,0.6524003744125366
1569841504.765611,166,0.6680253744125366
1569841505.6135974,167,0.6771588325500488
1569841506.4567277,168,0.6558725833892822
1569841507.3109603,169,0.6590428948402405
1569841508.1581476,170,0.6323973536491394
1569841509.0125587,171,0.6474939584732056
1569841509.8622212,172,0.6468901038169861
1569841510.712865,173,0.6696105003356934
1569841511.56157,174,0.6493055820465088
1569841512.4161186,175,0.6502113342285156
1569841513.2647455,176,0.6520984172821045
1569841514.1130433,177,0.6532306671142578
1569841514.9668717,178,0.6655344367027283
1569841515.815744,179,0.648777186870575
1569841516.6630118,180,0.6699124574661255
1569841517.51115,181,0.6803290843963623
1569841518.3573043,182,0.673082709312439
1569841519.2124956,183,0.6653079986572266
1569841520.0615385,184,0.6560235619544983
1569841520.9056103,185,0.66236412525177
1569841521.752561,186,0.6625151038169861
1569841522.602105,187,0.6382095217704773
1569841523.4477608,188,0.6284722089767456
1569841524.3014107,189,0.6517965197563171
1569841525.1525779,190,0.6714975833892822
1569841526.003149,191,0.6393417716026306
1569841526.8522663,192,0.6462862491607666
1569841527.7032652,193,0.6551177501678467
1569841528.5534637,194,0.6613828539848328
1569841529.4046478,195,0.662213146686554
1569841530.2521052,196,0.6377566456794739
1569841531.095638,197,0.6665911674499512
1569841531.9419446,198,0.6555706262588501
1569841532.7912776,199,0.6483242511749268
