Wall time,Step,Value
1569841152.426362,0,0.29298755526542664
1569841153.281601,1,0.29639846086502075
1569841154.1253824,2,0.3130350410938263
1569841154.9394891,3,0.3572431802749634
1569841155.755936,4,0.38767388463020325
1569841156.5752475,5,0.3948802947998047
1569841157.394319,6,0.38825908303260803
1569841158.2582474,7,0.4235386550426483
1569841159.0767117,8,0.31863629817962646
1569841159.895836,9,0.3075508177280426
1569841160.7066998,10,0.3228664994239807
1569841161.5196617,11,0.3967195153236389
1569841162.3360262,12,0.3754180073738098
1569841163.1514199,13,0.42190009355545044
1569841163.9852433,14,0.4821261465549469
1569841164.8037229,15,0.5272371768951416
1569841165.6612842,16,0.543054461479187
1569841166.5712645,17,0.543054461479187
1569841167.4266062,18,0.5540562868118286
1569841168.243527,19,0.5783339738845825
1569841169.058526,20,0.6182785034179688
1569841169.8747132,21,0.6521535515785217
1569841170.6909707,22,0.6534410119056702
1569841171.512852,23,0.6692248582839966
1569841172.3264487,24,0.68238365650177
1569841173.1437035,25,0.6655464172363281
1569841174.0461287,26,0.6827347278594971
1569841174.9485524,27,0.6414192318916321
1569841175.7645671,28,0.6811296343803406
1569841176.5908985,29,0.660965085029602
1569841177.4085343,30,0.6621354818344116
1569841178.2309556,31,0.6553638577461243
1569841179.0459092,32,0.6703618168830872
1569841179.8620574,33,0.6639747023582458
1569841180.6752214,34,0.6982008814811707
1569841181.551811,35,0.6867308616638184
1569841182.4528,36,0.6695759892463684
1569841183.286017,37,0.6963616609573364
1569841184.103521,38,0.6723181009292603
1569841184.9251678,39,0.6952247023582458
1569841185.743748,40,0.6928002834320068
1569841186.5683377,41,0.6811296343803406
1569841187.3899832,42,0.718449056148529
1569841188.205155,43,0.7113596796989441
1569841189.0304987,44,0.7014111876487732
1569841189.934103,45,0.7185660600662231
1569841190.833298,46,0.7253377437591553
1569841191.65145,47,0.7139847278594971
1569841192.4765017,48,0.6909610629081726
1569841193.3000727,49,0.7170779705047607
1569841194.1194963,50,0.7200541496276855
1569841194.9343207,51,0.71363365650177
1569841195.7465024,52,0.7005919218063354
1569841196.569897,53,0.7183319926261902
1569841197.451769,54,0.721542239189148
1569841198.269921,55,0.68238365650177
1569841199.0920172,56,0.7003577947616577
1569841199.9110522,57,0.704353928565979
1569841200.7242231,58,0.6843398809432983
1569841201.5384521,59,0.6992208361625671
1569841202.3558166,60,0.6795244812965393
1569841203.172911,61,0.7010600566864014
1569841203.9921086,62,0.7111256122589111
1569841204.8061128,63,0.6901752352714539
1569841205.7059705,64,0.6770164370536804
1569841206.6084633,65,0.6836376190185547
1569841207.4309084,66,0.6869649291038513
1569841208.2467842,67,0.6869649291038513
1569841209.0620043,68,0.6841058135032654
1569841209.8819568,69,0.6955758333206177
1569841210.699577,70,0.7081494331359863
1569841211.5206628,71,0.6917803883552551
1569841212.3416917,72,0.6875501871109009
1569841213.2438962,73,0.6801096796989441
1569841214.147668,74,0.6842228174209595
1569841214.963698,75,0.6973816156387329
1569841215.7796688,76,0.694873571395874
1569841216.6037025,77,0.697264552116394
1569841217.4235737,78,0.6794074177742004
1569841218.241496,79,0.7024311423301697
1569841219.0584114,80,0.6845739483833313
1569841219.8758304,81,0.687433123588562
1569841220.7284627,82,0.6849250793457031
1569841221.5464578,83,0.696946918964386
1569841222.4085622,84,0.690058171749115
1569841223.2283354,85,0.6991873979568481
1569841224.0452561,86,0.6725187301635742
1569841224.8765697,87,0.6846910119056702
1569841225.6913576,88,0.6939372420310974
1569841226.506617,89,0.6946395039558411
1569841227.3214517,90,0.6715322136878967
1569841228.14145,91,0.6735721230506897
1569841229.0434492,92,0.6845739483833313
1569841229.947464,93,0.6873160600662231
1569841230.7613769,94,0.6846910119056702
1569841231.5915449,95,0.701728880405426
1569841232.409826,96,0.6749765872955322
1569841233.2224813,97,0.6938536763191223
1569841234.0383046,98,0.6742743253707886
1569841234.8547258,99,0.6914292573928833
1569841235.6682913,100,0.68238365650177
1569841236.5512533,101,0.6696929931640625
1569841237.3715122,102,0.6851591467857361
1569841238.2186408,103,0.6718499064445496
1569841239.0558484,104,0.7003577947616577
1569841239.8713741,105,0.701728880405426
1569841240.686761,106,0.6782704591751099
1569841241.5041645,107,0.6834369897842407
1569841242.3249743,108,0.6782704591751099
1569841243.1382895,109,0.6796415448188782
1569841243.954414,110,0.6867308616638184
1569841244.8561149,111,0.6647605895996094
1569841245.7585392,112,0.6813637018203735
1569841246.5754166,113,0.6844569444656372
1569841247.3861208,114,0.6891552805900574
1569841248.1996887,115,0.6758460402488708
1569841249.0218453,116,0.6785045266151428
1569841249.8515599,117,0.6597110629081726
1569841250.6865132,118,0.6641753315925598
1569841251.5013204,119,0.6941713690757751
1569841252.3817356,120,0.7030163407325745
1569841253.2908924,121,0.6944054365158081
1569841254.1126566,122,0.6851257085800171
1569841254.9260888,123,0.6657804846763611
1569841255.739778,124,0.6739231944084167
1569841256.556181,125,0.6664827466011047
1569841257.3716261,126,0.6691077947616577
1569841258.2027318,127,0.672903299331665
1569841259.0196638,128,0.6725521683692932
1569841259.8591495,129,0.6637406349182129
1569841260.761119,130,0.6803103089332581
1569841261.6450827,131,0.6672685742378235
1569841262.4738638,132,0.668087899684906
1569841263.288565,133,0.6671515703201294
1569841264.102582,134,0.665663480758667
1569841264.9151864,135,0.660998523235321
1569841265.7317526,136,0.673337996006012
1569841266.564381,137,0.672869861125946
1569841267.3885856,138,0.6472545266151428
1569841268.2885303,139,0.6637071967124939
1569841269.186696,140,0.6684055924415588
1569841270.0012107,141,0.6569689512252808
1569841270.815818,142,0.6750602126121521
1569841271.6282423,143,0.6638242602348328
1569841272.4467049,144,0.6785045266151428
1569841273.2620544,145,0.6672685742378235
1569841274.0781543,146,0.6688737273216248
1569841274.891325,147,0.6665998101234436
1569841275.741473,148,0.6490603089332581
1569841276.6566992,149,0.6332764625549316
1569841277.5244899,150,0.6422050595283508
1569841278.3397837,151,0.6693419218063354
1569841279.1565595,152,0.6604133248329163
1569841279.9723392,153,0.6810125708580017
1569841280.7867596,154,0.6727862358093262
1569841281.6089528,155,0.646552324295044
1569841282.4223096,156,0.6471375226974487
1569841283.2395968,157,0.6570860147476196
1569841284.1414285,158,0.6512506604194641
1569841285.0543823,159,0.6467863917350769
1569841285.871967,160,0.6532069444656372
1569841286.6955428,161,0.6404829025268555
1569841287.5119104,162,0.6441279053688049
1569841288.3296916,163,0.6566178202629089
1569841289.144284,164,0.6289292573928833
1569841289.9607518,165,0.6581394076347351
1569841290.7725866,166,0.6745084524154663
1569841291.6619022,167,0.6410681009292603
1569841292.570979,168,0.6265048384666443
1569841293.421862,169,0.6475722193717957
1569841294.246212,170,0.6423221230506897
1569841295.0650377,171,0.6601792573928833
1569841295.8873048,172,0.6354333758354187
1569841296.7042162,173,0.6640583276748657
1569841297.516088,174,0.6586911678314209
1569841298.3350608,175,0.6595940589904785
1569841299.156391,176,0.6523876190185547
1569841299.9758663,177,0.6174926161766052
1569841300.8760684,178,0.6506654620170593
1569841301.6906478,179,0.6426731944084167
1569841302.5172706,180,0.6523876190185547
1569841303.3360624,181,0.6407169699668884
1569841304.150072,182,0.6375066637992859
1569841304.9643917,183,0.651367723941803
1569841305.7819834,184,0.6496455073356628
1569841306.6038587,185,0.6480404138565063
1569841307.4911847,186,0.6548956632614136
1569841308.311481,187,0.653758704662323
1569841309.1460392,188,0.6494114398956299
1569841309.9613938,189,0.6545779705047607
1569841310.7728682,190,0.6460841298103333
1569841311.5942254,191,0.6591593027114868
1569841312.4125884,192,0.6373896598815918
1569841313.2325218,193,0.6606473922729492
1569841314.0505385,194,0.6541098356246948
1569841314.8883703,195,0.6554808616638184
1569841315.7043571,196,0.6480404138565063
1569841316.6016183,197,0.6593599319458008
1569841317.4158669,198,0.6582229733467102
1569841318.231383,199,0.6492944359779358
