Wall time,Step,Value
1569841178.258024,0,0.19053906202316284
1569841179.0735264,1,0.2107645869255066
1569841179.8775582,2,0.23360998928546906
1569841180.6724217,3,0.22248071432113647
1569841181.4563313,4,0.2446344792842865
1569841182.2402017,5,0.23851442337036133
1569841183.0289803,6,0.27684858441352844
1569841183.8130898,7,0.23352615535259247
1569841184.5971212,8,0.2787768244743347
1569841185.3787487,9,0.28682512044906616
1569841186.1628447,10,0.2642521858215332
1569841186.9433339,11,0.29024145007133484
1569841187.7281988,12,0.33907613158226013
1569841188.5112545,13,0.32736000418663025
1569841189.2952697,14,0.34940895438194275
1569841190.097591,15,0.3751467168331146
1569841190.8775198,16,0.36280182003974915
1569841191.6630034,17,0.4040283262729645
1569841192.4470701,18,0.39851608872413635
1569841193.2473145,19,0.4211728572845459
1569841194.0384269,20,0.42792168259620667
1569841194.828159,21,0.4286133348941803
1569841195.6292348,22,0.4128730595111847
1569841196.412072,23,0.42651742696762085
1569841197.20115,24,0.4263497591018677
1569841197.982949,25,0.4586477279663086
1569841198.7832046,26,0.45032694935798645
1569841199.5677714,27,0.44997066259384155
1569841200.3583612,28,0.42984992265701294
1569841201.1470387,29,0.467660129070282
1569841201.9320924,30,0.48612508177757263
1569841202.7265816,31,0.49172115325927734
1569841203.5115175,32,0.49050554633140564
1569841204.3074887,33,0.4884934723377228
1569841205.1016479,34,0.4805290102958679
1569841205.8909147,35,0.5178152322769165
1569841206.6783721,36,0.4865652322769165
1569841207.468528,37,0.5228873491287231
1569841208.2530222,38,0.5207076072692871
1569841209.0425692,39,0.5283157229423523
1569841209.827573,40,0.5269114971160889
1569841210.6182725,41,0.5104585886001587
1569841211.4035525,42,0.5282319188117981
1569841212.1933777,43,0.5264713168144226
1569841212.981331,44,0.48298123478889465
1569841213.7688453,45,0.5235999226570129
1569841214.556185,46,0.5309355854988098
1569841215.3433511,47,0.5380197763442993
1569841216.1283205,48,0.5356723666191101
1569841216.9180772,49,0.5254233479499817
1569841217.6987603,50,0.5272677540779114
1569841218.4869242,51,0.563589870929718
1569841219.2682633,52,0.5058266520500183
1569841220.0583506,53,0.545208752155304
1569841220.841886,54,0.5256958603858948
1569841221.6275308,55,0.5361963510513306
1569841222.4104376,56,0.5611376762390137
1569841223.1970127,57,0.5559816956520081
1569841223.9911826,58,0.5631497502326965
1569841224.776262,59,0.5644701719284058
1569841225.5663452,60,0.5789948105812073
1569841226.3522086,61,0.5795187950134277
1569841227.140607,62,0.5641976594924927
1569841227.9270103,63,0.580839216709137
1569841228.7118728,64,0.5901030898094177
1569841229.4982657,65,0.5612214803695679
1569841230.2875018,66,0.556149423122406
1569841231.0778086,67,0.5810906887054443
1569841231.870326,68,0.5734825730323792
1569841232.6686006,69,0.5874832272529602
1569841233.457714,70,0.5722459554672241
1569841234.253204,71,0.5993041396141052
1569841235.0415144,72,0.5814470052719116
1569841235.8268056,73,0.5811745524406433
1569841236.6124456,74,0.5984238982200623
1569841237.4032235,75,0.5879233479499817
1569841238.1863933,76,0.6041247248649597
1569841238.9728253,77,0.5631497502326965
1569841239.757581,78,0.5978999137878418
1569841240.5434766,79,0.6038522720336914
1569841241.3260958,80,0.5746143460273743
1569841242.1077657,81,0.5903756022453308
1569841242.903024,82,0.607708752155304
1569841243.6944435,83,0.6051726937294006
1569841244.4782772,84,0.6147090792655945
1569841245.2628753,85,0.6177691221237183
1569841246.048218,86,0.5929116606712341
1569841246.8367672,87,0.6299253702163696
1569841247.6378367,88,0.6124245524406433
1569841248.420201,89,0.6063044667243958
1569841249.2060537,90,0.6026366353034973
1569841249.9928918,91,0.6148767471313477
1569841250.7834747,92,0.600163459777832
1569841251.570258,93,0.621793270111084
1569841252.3563755,94,0.6148767471313477
1569841253.1472182,95,0.6196973323822021
1569841253.9478266,96,0.5993041396141052
1569841254.7332797,97,0.5993041396141052
1569841255.537541,98,0.60988849401474
1569841256.3276818,99,0.6012324094772339
1569841257.1125355,100,0.624937117099762
1569841257.8933969,101,0.6062206625938416
1569841258.6801667,102,0.6301140189170837
1569841259.4621518,103,0.6295900344848633
1569841260.2479262,104,0.6322098970413208
1569841261.0285673,105,0.6188170909881592
1569841261.8226106,106,0.6587231755256653
1569841262.6185033,107,0.6370305418968201
1569841263.4077387,108,0.662663459777832
1569841264.2002187,109,0.6490191221237183
1569841264.98751,110,0.645518958568573
1569841265.772174,111,0.6488514542579651
1569841266.5586603,112,0.6424589157104492
1569841267.3428771,113,0.6472585797309875
1569841268.1283758,114,0.6564595699310303
1569841268.9158354,115,0.672472357749939
1569841269.6981845,116,0.6793050169944763
1569841270.4807725,117,0.6566272377967834
1569841271.2633176,118,0.6675679087638855
1569841272.0438182,119,0.6543636918067932
1569841272.8384914,120,0.6616993546485901
1569841273.61881,121,0.6640677452087402
1569841274.4076736,122,0.6783408522605896
1569841275.1928918,123,0.6734364628791809
1569841275.9759037,124,0.6544474959373474
1569841276.756867,125,0.6684482097625732
1569841277.5376172,126,0.6925092339515686
1569841278.320477,127,0.6640677452087402
1569841279.1077263,128,0.6873533129692078
1569841279.8977437,129,0.667043924331665
1569841280.6825843,130,0.6644240617752075
1569841281.4662,131,0.690769612789154
1569841282.2502725,132,0.698377788066864
1569841283.0436974,133,0.6884012222290039
1569841283.8315048,134,0.6948776245117188
1569841284.6132154,135,0.6759725213050842
1569841285.398403,136,0.6958417296409607
1569841286.1874034,137,0.6854250431060791
1569841286.972288,138,0.6962818503379822
1569841287.7669456,139,0.6683643460273743
1569841288.5510118,140,0.6899731755256653
1569841289.3358455,141,0.702674388885498
1569841290.1220307,142,0.6783408522605896
1569841290.9086564,143,0.6659121513366699
1569841291.693334,144,0.6653043031692505
1569841292.4774392,145,0.687437117099762
1569841293.2630703,146,0.7038061618804932
1569841294.0482962,147,0.678948700428009
1569841294.8414388,148,0.6928655505180359
1569841295.623519,149,0.6749245524406433
1569841296.4075034,150,0.6740442514419556
1569841297.1882613,151,0.6840208172798157
1569841297.9729624,152,0.6889252066612244
1569841298.7568655,153,0.6744844317436218
1569841299.5471675,154,0.699341893196106
1569841300.3327143,155,0.6787810325622559
1569841301.1168885,156,0.6978538036346436
1569841301.907671,157,0.702674388885498
1569841302.6963575,158,0.6909372806549072
1569841303.482289,159,0.6825326681137085
1569841304.2716413,160,0.6701039671897888
1569841305.0651567,161,0.679912805557251
1569841305.8575819,162,0.6893653869628906
1569841306.6427329,163,0.6709842681884766
1569841307.426374,164,0.6838530898094177
1569841308.2107968,165,0.7127347588539124
1569841308.997621,166,0.6892815232276917
1569841309.7859845,167,0.6754485368728638
1569841310.5708675,168,0.6788648366928101
1569841311.3533466,169,0.6969735026359558
1569841312.1361797,170,0.6978538036346436
1569841312.9273531,171,0.693997323513031
1569841313.7109425,172,0.7082704305648804
1569841314.4961903,173,0.6810445785522461
1569841315.2769043,174,0.6980214715003967
1569841316.0619526,175,0.6973298192024231
1569841316.8418646,176,0.6820087432861328
1569841317.6353996,177,0.6913774609565735
1569841318.4234052,178,0.6950662136077881
1569841319.2122037,179,0.6715920567512512
1569841319.9932673,180,0.6926978826522827
1569841320.7768707,181,0.7166750431060791
1569841321.566831,182,0.6837692856788635
1569841322.3485062,183,0.6998658776283264
1569841323.1369443,184,0.6912935972213745
1569841323.9278762,185,0.6729962825775146
1569841324.712301,186,0.6947937607765198
1569841325.4958,187,0.7032821774482727
1569841326.2806804,188,0.7077465057373047
1569841327.062184,189,0.6793888211250305
1569841327.8479974,190,0.7128185629844666
1569841328.6355236,191,0.6881497502326965
1569841329.417748,192,0.7022342681884766
1569841330.2016356,193,0.6645078659057617
1569841330.9833622,194,0.6893653869628906
1569841331.7633884,195,0.693997323513031
1569841332.5660703,196,0.6814847588539124
1569841333.3476348,197,0.6883174180984497
1569841334.1285188,198,0.6941859722137451
1569841334.9106796,199,0.7087944149971008
