Wall time,Step,Value
1569841193.7038069,0,0.21193909645080566
1569841194.6077728,1,0.3285256326198578
1569841195.5010784,2,0.37309694290161133
1569841196.3928547,3,0.3759014308452606
1569841197.280636,4,0.4040464758872986
1569841198.1661844,5,0.42828527092933655
1569841199.0543613,6,0.4852764308452606
1569841199.9435651,7,0.4847756326198578
1569841200.8178647,8,0.49338942766189575
1569841201.6884575,9,0.510817289352417
1569841202.559036,10,0.5235376358032227
1569841203.4290552,11,0.5178285241127014
1569841204.321936,12,0.4928886294364929
1569841205.2102027,13,0.49469152092933655
1569841206.0790215,14,0.5417668223381042
1569841206.9476697,15,0.5199319124221802
1569841207.8218572,16,0.5373597741127014
1569841208.6964235,17,0.5295472741127014
1569841209.5718596,18,0.5103164911270142
1569841210.4474332,19,0.5394631624221802
1569841211.328021,20,0.5681089758872986
1569841212.2036448,21,0.5308493375778198
1569841213.084452,22,0.5612980723381042
1569841213.965728,23,0.571213960647583
1569841214.8415663,24,0.575120210647583
1569841215.7384393,25,0.6190905570983887
1569841216.6231358,26,0.5902444124221802
1569841217.5117717,27,0.5871394276618958
1569841218.3996809,28,0.610276460647583
1569841219.2886357,29,0.6164863705635071
1569841220.1784308,30,0.6104767918586731
1569841221.0683408,31,0.6251001358032227
1569841221.9464157,32,0.6373196840286255
1569841222.825794,33,0.6316105723381042
1569841223.7136211,34,0.6513421535491943
1569841224.583762,35,0.6177884340286255
1569841225.4506137,36,0.624098539352417
1569841226.322327,37,0.6206930875778198
1569841227.197234,38,0.6032652258872986
1569841228.088366,39,0.6355168223381042
1569841228.959995,40,0.6594551205635071
1569841229.8390732,41,0.6342147588729858
1569841230.7331188,42,0.6464343070983887
1569841231.6233032,43,0.6245993375778198
1569841232.5104508,44,0.6433293223381042
1569841233.4005322,45,0.6350160241127014
1569841234.2930295,46,0.647536039352417
1569841235.190933,47,0.6394230723381042
1569841236.0830224,48,0.6428285241127014
1569841236.973098,49,0.6503405570983887
1569841237.8643398,50,0.6682692170143127
1569841238.7587798,51,0.6664663553237915
1569841239.6493077,52,0.6459335088729858
1569841240.53848,53,0.6446313858032227
1569841241.4330065,54,0.6672676205635071
1569841242.31866,55,0.6472355723381042
1569841243.212803,56,0.6537460088729858
1569841244.1204674,57,0.6672676205635071
1569841245.0103493,58,0.6659655570983887
1569841245.903401,59,0.6568509340286255
1569841246.798854,60,0.6529446840286255
1569841247.6891327,61,0.6550480723381042
1569841248.5816388,62,0.6257011294364929
1569841249.473393,63,0.6519430875778198
1569841250.3600597,64,0.6646634340286255
1569841251.2360432,65,0.6693710088729858
1569841252.1071708,66,0.6576522588729858
1569841252.9821098,67,0.6568509340286255
1569841253.8474612,68,0.6732772588729858
1569841254.7272937,69,0.6480368375778198
1569841255.6132195,70,0.6555488705635071
1569841256.4985151,71,0.6459335088729858
1569841257.4034479,72,0.6654647588729858
1569841258.277878,73,0.6763821840286255
1569841259.1542664,74,0.6745793223381042
1569841260.0270505,75,0.6680688858032227
1569841260.9137437,76,0.6636618375778198
1569841261.8166697,77,0.6449319124221802
1569841262.70527,78,0.6410256624221802
1569841263.6047778,79,0.6602563858032227
1569841264.5007882,80,0.6641626358032227
1569841265.3904362,81,0.6719751358032227
1569841266.2784517,82,0.6828926205635071
1569841267.1670122,83,0.6907051205635071
1569841268.0594451,84,0.6657652258872986
1569841268.9501307,85,0.6654647588729858
1569841269.8384726,86,0.6335136294364929
1569841270.7290301,87,0.7016226053237915
1569841271.6152537,88,0.6719751358032227
1569841272.5018854,89,0.6605569124221802
1569841273.3767824,90,0.6501402258872986
1569841274.2669399,91,0.651442289352417
1569841275.1562977,92,0.680588960647583
1569841276.0450885,93,0.6802884340286255
1569841276.9237535,94,0.6915063858032227
1569841277.799128,95,0.6644631624221802
1569841278.673847,96,0.663161039352417
1569841279.5533013,97,0.6501402258872986
1569841280.4306185,98,0.7042267918586731
1569841281.307721,99,0.6912059187889099
1569841282.1953683,100,0.7255609035491943
1569841283.088759,101,0.6857972741127014
1569841283.9781873,102,0.6839944124221802
1569841284.8688226,103,0.667067289352417
1569841285.7579439,104,0.7115384340286255
1569841286.6471965,105,0.6915063858032227
1569841287.523672,106,0.670973539352417
1569841288.3964531,107,0.7185496687889099
1569841289.2794495,108,0.7291666865348816
1569841290.1680222,109,0.6933093070983887
1569841291.0383775,110,0.6644631624221802
1569841291.9119494,111,0.6735777258872986
1569841292.8003738,112,0.7255609035491943
1569841293.6678324,113,0.6867988705635071
1569841294.5334694,114,0.6894030570983887
1569841295.4014292,115,0.7385817170143127
1569841296.2677982,116,0.6841946840286255
1569841297.1360667,117,0.6857972741127014
1569841298.0158982,118,0.6993188858032227
1569841298.8908782,119,0.6972155570983887
1569841299.7590137,120,0.6985176205635071
1569841300.6299458,121,0.663161039352417
1569841301.4977808,122,0.7006210088729858
1569841302.363285,123,0.7359775900840759
1569841303.2349324,124,0.6810897588729858
1569841304.104598,125,0.664963960647583
1569841304.9952903,126,0.7211538553237915
1569841305.8706546,127,0.7224559187889099
1569841306.7608829,128,0.688401460647583
1569841307.639173,129,0.6954126358032227
1569841308.5388098,130,0.7011218070983887
1569841309.425217,131,0.7260617017745972
1569841310.3130875,132,0.7281650900840759
1569841311.198554,133,0.7050280570983887
1569841312.0903397,134,0.6800881624221802
1569841312.9839017,135,0.7203525900840759
1569841313.8784406,136,0.6639623641967773
1569841314.7691987,137,0.7102363705635071
1569841315.6587644,138,0.6717748641967773
1569841316.5437007,139,0.6735777258872986
1569841317.4309182,140,0.682692289352417
1569841318.3288767,141,0.6879006624221802
1569841319.2174904,142,0.6959134340286255
1569841320.1046443,143,0.6870993375778198
1569841320.9877408,144,0.7224559187889099
1569841321.8816395,145,0.6949118375778198
1569841322.7683802,146,0.6821914911270142
1569841323.6489835,147,0.7024238705635071
1569841324.5382042,148,0.7050280570983887
1569841325.4285064,149,0.7032251358032227
1569841326.3184516,150,0.6872996687889099
1569841327.1988509,151,0.7208533883094788
1569841328.098711,152,0.7006210088729858
1569841328.9884124,153,0.7115384340286255
1569841329.866438,154,0.6457331776618958
1569841330.7499928,155,0.688401460647583
1569841331.641264,156,0.6959134340286255
1569841332.5332565,157,0.75390625
1569841333.4205928,158,0.6889022588729858
1569841334.3020964,159,0.6993188858032227
1569841335.1749365,160,0.6792868375778198
1569841336.040881,161,0.6696714758872986
1569841336.912435,162,0.7268629670143127
1569841337.7951007,163,0.7245593070983887
1569841338.6831913,164,0.6818910241127014
1569841339.5706348,165,0.6839944124221802
1569841340.4528332,166,0.7019230723381042
1569841341.3404095,167,0.684495210647583
1569841342.227076,168,0.7092347741127014
1569841343.092859,169,0.7050280570983887
1569841343.9752526,170,0.6873998641967773
1569841344.8664317,171,0.7089343070983887
1569841345.7532766,172,0.6998196840286255
1569841346.6504583,173,0.7338742017745972
1569841347.5386534,174,0.6928085088729858
1569841348.4289067,175,0.7053285241127014
1569841349.3191543,176,0.6954126358032227
1569841350.2105153,177,0.7224559187889099
1569841351.1005857,178,0.682692289352417
1569841351.9904282,179,0.6977163553237915
1569841352.8807218,180,0.6949118375778198
1569841353.770637,181,0.670973539352417
1569841354.6740189,182,0.7149438858032227
1569841355.5584846,183,0.7216546535491943
1569841356.432257,184,0.676682710647583
1569841357.3197982,185,0.704026460647583
1569841358.2127712,186,0.7050280570983887
1569841359.0844252,187,0.692307710647583
1569841359.9562554,188,0.688401460647583
1569841360.8278718,189,0.7071313858032227
1569841361.7147846,190,0.684495210647583
1569841362.5982285,191,0.692307710647583
1569841363.4897633,192,0.7234575152397156
1569841364.3723116,193,0.7123397588729858
1569841365.2585733,194,0.668870210647583
1569841366.1479707,195,0.7068309187889099
1569841367.0132341,196,0.6975160241127014
1569841367.8863497,197,0.7175480723381042
1569841368.762894,198,0.6652644276618958
1569841369.6276448,199,0.6756811141967773
