Wall time,Step,Value
1569841335.5728552,0,0.2952806055545807
1569841336.4377308,1,0.3297193944454193
1569841337.2711582,2,0.36734694242477417
1569841338.1137462,3,0.3883928656578064
1569841338.96836,4,0.3801020383834839
1569841339.80911,5,0.5163690447807312
1569841340.6568422,6,0.4770408272743225
1569841341.4969585,7,0.504676878452301
1569841342.3392015,8,0.5080782175064087
1569841343.1766777,9,0.5667517185211182
1569841344.0188425,10,0.4963860511779785
1569841344.8631728,11,0.547831654548645
1569841345.7052174,12,0.5282738208770752
1569841346.5450497,13,0.5435799360275269
1569841347.3833463,14,0.5769557952880859
1569841348.2301316,15,0.5639880895614624
1569841349.081305,16,0.5535714030265808
1569841349.929183,17,0.524022102355957
1569841350.7769547,18,0.5741921663284302
1569841351.6064012,19,0.5901360511779785
1569841352.443551,20,0.5637755393981934
1569841353.2783794,21,0.6269132494926453
1569841354.1138306,22,0.6122449040412903
1569841354.9437196,23,0.5150935649871826
1569841355.7839491,24,0.5737670063972473
1569841356.6257327,25,0.5769557952880859
1569841357.4583528,26,0.5580357313156128
1569841358.2943254,27,0.5656887888908386
1569841359.1424963,28,0.5773809552192688
1569841359.9733272,29,0.5833333134651184
1569841360.8135726,30,0.5911989808082581
1569841361.6542497,31,0.59375
1569841362.495071,32,0.5597363710403442
1569841363.3319695,33,0.6288265585899353
1569841364.1704147,34,0.6020408272743225
1569841365.0174901,35,0.5877976417541504
1569841365.8474684,36,0.5654761791229248
1569841366.6866417,37,0.6065050959587097
1569841367.521875,38,0.6071428656578064
1569841368.3628497,39,0.6305271983146667
1569841369.1986818,40,0.6096938848495483
1569841370.0224812,41,0.605654776096344
1569841370.8547583,42,0.5920493006706238
1569841371.6936753,43,0.608418345451355
1569841372.5344887,44,0.6243622303009033
1569841373.3749778,45,0.6286139488220215
1569841374.2118218,46,0.5659013390541077
1569841375.0437493,47,0.569940447807312
1569841375.8668616,48,0.5994898080825806
1569841376.6919377,49,0.5999149680137634
1569841377.5118945,50,0.6186224222183228
1569841378.336288,51,0.6377550959587097
1569841379.163783,52,0.6526360511779785
1569841379.9851546,53,0.6307398080825806
1569841380.8037128,54,0.6690050959587097
1569841381.6274002,55,0.6675170063972473
1569841382.4476273,56,0.6836734414100647
1569841383.270934,57,0.6617771983146667
1569841384.0919783,58,0.6617771983146667
1569841384.9160683,59,0.6428571343421936
1569841385.7451408,60,0.637117326259613
1569841386.5658634,61,0.6913265585899353
1569841387.3862484,62,0.6354166865348816
1569841388.2060854,63,0.6853741407394409
1569841389.0269818,64,0.6826105713844299
1569841389.8521466,65,0.6519982814788818
1569841390.6756697,66,0.6945152878761292
1569841391.497644,67,0.7485119104385376
1569841392.3334665,68,0.709396243095398
1569841393.1726758,69,0.7310799360275269
1569841394.0126529,70,0.6766581535339355
1569841394.8473468,71,0.7019557952880859
1569841395.6867557,72,0.7032312750816345
1569841396.5111694,73,0.6866496801376343
1569841397.33774,74,0.6711309552192688
1569841398.1653948,75,0.7047193646430969
1569841398.996227,76,0.7019557952880859
1569841399.827105,77,0.7355442047119141
1569841400.662156,78,0.7283163070678711
1569841401.4971972,79,0.7338435649871826
1569841402.3353176,80,0.6653911471366882
1569841403.1769245,81,0.7221513390541077
1569841403.9953754,82,0.697491466999054
1569841404.8156497,83,0.6519982814788818
1569841405.6366036,84,0.649022102355957
1569841406.4624362,85,0.6883503198623657
1569841407.306446,86,0.7134353518486023
1569841408.1382353,87,0.6977040767669678
1569841408.9878469,88,0.7268282175064087
1569841409.8287861,89,0.7032312750816345
1569841410.6772084,90,0.7062074542045593
1569841411.523169,91,0.6887755393981934
1569841412.3753304,92,0.7006802558898926
1569841413.2117999,93,0.7255527377128601
1569841414.0497432,94,0.6758078336715698
1569841414.8918827,95,0.702168345451355
1569841415.7340126,96,0.6668792366981506
1569841416.5664637,97,0.7255527377128601
1569841417.4027824,98,0.6872873902320862
1569841418.2463214,99,0.668367326259613
1569841419.0916462,100,0.6902636289596558
1569841419.9390354,101,0.6698554158210754
1569841420.784891,102,0.680059552192688
1569841421.6232436,103,0.697491466999054
1569841422.464441,104,0.6962159872055054
1569841423.3116076,105,0.7521258592605591
1569841424.157673,106,0.6870748400688171
1569841425.0049012,107,0.6930271983146667
1569841425.8432884,108,0.7034438848495483
1569841426.689255,109,0.694727897644043
1569841427.5326912,110,0.6960033774375916
1569841428.3723607,111,0.7049319744110107
1569841429.215447,112,0.7004677057266235
1569841430.0620627,113,0.7300170063972473
1569841430.9089162,114,0.7329931855201721
1569841431.7568467,115,0.6934523582458496
1569841432.5953338,116,0.7298043966293335
1569841433.43765,117,0.6887755393981934
1569841434.2797215,118,0.6977040767669678
1569841435.1217332,119,0.6945152878761292
1569841435.9633,120,0.6639030575752258
1569841436.8075423,121,0.7134353518486023
1569841437.6613421,122,0.7340561151504517
1569841438.504228,123,0.7223639488220215
1569841439.3440177,124,0.728103756904602
1569841440.16845,125,0.7315050959587097
1569841440.9919498,126,0.7225765585899353
1569841441.8136585,127,0.6991921663284302
1569841442.6373942,128,0.6887755393981934
1569841443.4574456,129,0.697491466999054
1569841444.2812917,130,0.6889880895614624
1569841445.1136315,131,0.7136479616165161
1569841445.9559236,132,0.706632673740387
1569841446.7817495,133,0.6915391087532043
1569841447.6134276,134,0.7298043966293335
1569841448.4528086,135,0.7062074542045593
1569841449.2961771,136,0.6945152878761292
1569841450.1245625,137,0.6977040767669678
1569841450.9505627,138,0.6883503198623657
1569841451.7775555,139,0.7295918464660645
1569841452.601682,140,0.6962159872055054
1569841453.4220042,141,0.7181122303009033
1569841454.244937,142,0.7268282175064087
1569841455.0672457,143,0.7032312750816345
1569841455.8967488,144,0.6741071343421936
1569841456.7220848,145,0.660926878452301
1569841457.5409334,146,0.6932398080825806
1569841458.3620281,147,0.7119472622871399
1569841459.199139,148,0.668367326259613
1569841460.0433695,149,0.7414966225624084
1569841460.8929949,150,0.7004677057266235
1569841461.7389398,151,0.7240646481513977
1569841462.587686,152,0.7062074542045593
1569841463.4218535,153,0.7096088528633118
1569841464.2489393,154,0.7440476417541504
1569841465.0759127,155,0.6724064350128174
1569841465.923031,156,0.7108843326568604
1569841466.7634532,157,0.6872873902320862
1569841467.5977435,158,0.7223639488220215
1569841468.4291918,159,0.6721938848495483
1569841469.277668,160,0.7136479616165161
1569841470.1317632,161,0.7034438848495483
1569841470.977595,162,0.7051445841789246
1569841471.8060443,163,0.6738945841789246
1569841472.6312072,164,0.6915391087532043
1569841473.467256,165,0.6943027377128601
1569841474.2875297,166,0.6741071343421936
1569841475.1233938,167,0.7417091727256775
1569841475.961869,168,0.6830357313156128
1569841476.8073618,169,0.7166241407394409
1569841477.6525493,170,0.6870748400688171
1569841478.4972446,171,0.6900510191917419
1569841479.348016,172,0.6581632494926453
1569841480.1843858,173,0.6972789168357849
1569841481.0259907,174,0.7225765585899353
1569841481.8687792,175,0.7121598720550537
1569841482.7170994,176,0.7121598720550537
1569841483.5534964,177,0.6770833134651184
1569841484.3992095,178,0.7210884094238281
1569841485.2403471,179,0.7221513390541077
1569841486.0818264,180,0.7178996801376343
1569841486.9294116,181,0.6957908272743225
1569841487.7764833,182,0.7049319744110107
1569841488.6139894,183,0.6581632494926453
1569841489.5066657,184,0.7032312750816345
1569841490.3356574,185,0.6915391087532043
1569841491.1671946,186,0.7183248400688171
1569841492.011639,187,0.6564626097679138
1569841492.8522506,188,0.6713435649871826
1569841493.703414,189,0.7049319744110107
1569841494.5309289,190,0.6930271983146667
1569841495.351083,191,0.6592261791229248
1569841496.175773,192,0.660926878452301
1569841497.0030098,193,0.6962159872055054
1569841497.841865,194,0.7079081535339355
1569841498.6957502,195,0.6417942047119141
1569841499.553639,196,0.6622023582458496
1569841500.3973484,197,0.7104591727256775
1569841501.2432415,198,0.6696428656578064
1569841502.0837643,199,0.7221513390541077
