Wall time,Step,Value
1569841381.5275168,0,0.26091268658638
1569841382.443736,1,0.2881944477558136
1569841383.3113952,2,0.283730149269104
1569841384.197453,3,0.3432539701461792
1569841385.0724971,4,0.3695436418056488
1569841385.9344652,5,0.3824404776096344
1569841386.8264241,6,0.3700396716594696
1569841387.734457,7,0.3888888955116272
1569841388.6361444,8,0.4032738208770752
1569841389.5512712,9,0.4077380895614624
1569841390.4710119,10,0.4503968358039856
1569841391.3919284,11,0.4866071343421936
1569841392.2943616,12,0.4910714328289032
1569841393.1933043,13,0.4871031641960144
1569841394.1720977,14,0.502480149269104
1569841395.0749443,15,0.5084325671195984
1569841395.974447,16,0.4875991940498352
1569841396.862654,17,0.5332341194152832
1569841397.7362316,18,0.5297619104385376
1569841398.6019833,19,0.5426587462425232
1569841399.4639373,20,0.4965277910232544
1569841400.3451715,21,0.502480149269104
1569841401.2025037,22,0.5282738208770752
1569841402.0699198,23,0.5411706566810608
1569841402.9326184,24,0.5858134627342224
1569841403.7909393,25,0.5520833134651184
1569841404.6555665,26,0.5758928656578064
1569841405.5206041,27,0.5689483880996704
1569841406.3847404,28,0.5773809552192688
1569841407.256336,29,0.6021825671195984
1569841408.103932,30,0.5798611044883728
1569841408.9665954,31,0.6160714030265808
1569841409.8227177,32,0.5823412537574768
1569841410.6887436,33,0.5877976417541504
1569841411.5461335,34,0.6245039701461792
1569841412.404336,35,0.5848214030265808
1569841413.2573607,36,0.61557537317276
1569841414.1063175,37,0.5957341194152832
1569841414.9626596,38,0.5813491940498352
1569841415.8245542,39,0.6160714030265808
1569841416.6801903,40,0.5689483880996704
1569841417.5506585,41,0.5401785969734192
1569841418.4076993,42,0.548115074634552
1569841419.2709696,43,0.5892857313156128
1569841420.1364193,44,0.5163690447807312
1569841420.9914098,45,0.59375
1569841421.8566885,46,0.6006944179534912
1569841422.736655,47,0.5773809552192688
1569841423.5879927,48,0.6160714030265808
1569841424.446978,49,0.63442462682724
1569841425.302382,50,0.644345223903656
1569841426.1622815,51,0.6210317611694336
1569841427.0319989,52,0.6349206566810608
1569841427.8921423,53,0.6304563283920288
1569841428.7611227,54,0.6522817611694336
1569841429.6290815,55,0.6602182388305664
1569841430.4950013,56,0.6532738208770752
1569841431.3550599,57,0.6651785969734192
1569841432.2153401,58,0.6349206566810608
1569841433.07025,59,0.6478174328804016
1569841433.926109,60,0.670634925365448
1569841434.7862961,61,0.6661706566810608
1569841435.6450877,62,0.6999008059501648
1569841436.4992008,63,0.6984127163887024
1569841437.356804,64,0.6691468358039856
1569841438.2153869,65,0.7147817611694336
1569841439.0818217,66,0.7192460298538208
1569841439.9306257,67,0.723710298538208
1569841440.782342,68,0.7311508059501648
1569841441.6362543,69,0.7544642686843872
1569841442.4951558,70,0.7390872836112976
1569841443.3568978,71,0.7127976417541504
1569841444.2164526,72,0.735615074634552
1569841445.0790322,73,0.7038690447807312
1569841445.9411268,74,0.7321428656578064
1569841446.8015792,75,0.699404776096344
1569841447.6576147,76,0.682539701461792
1569841448.51164,77,0.6959325671195984
1569841449.3714926,78,0.7227182388305664
1569841450.2318516,79,0.6934523582458496
1569841451.092704,80,0.6934523582458496
1569841451.9523416,81,0.7013888955116272
1569841452.805781,82,0.699404776096344
1569841453.661415,83,0.7023809552192688
1569841454.5146093,84,0.7048611044883728
1569841455.3816981,85,0.7371031641960144
1569841456.2405338,86,0.7008928656578064
1569841457.1160572,87,0.7023809552192688
1569841457.9738562,88,0.6944444179534912
1569841458.8349452,89,0.742559552192688
1569841459.7004788,90,0.7361111044883728
1569841460.5666077,91,0.726190447807312
1569841461.4375424,92,0.747519850730896
1569841462.3017347,93,0.7256944179534912
1569841463.1606684,94,0.7207341194152832
1569841464.0222762,95,0.7167658805847168
1569841464.880699,96,0.7351190447807312
1569841465.7310877,97,0.7311508059501648
1569841466.5822206,98,0.7728174328804016
1569841467.4561677,99,0.70932537317276
1569841468.3114634,100,0.721230149269104
1569841469.172068,101,0.72817462682724
1569841470.0331225,102,0.721230149269104
1569841470.8870602,103,0.7296627163887024
1569841471.7449393,104,0.7321428656578064
1569841472.6024656,105,0.7147817611694336
1569841473.4647207,106,0.7058531641960144
1569841474.324492,107,0.7395833134651184
1569841475.1853464,108,0.7326388955116272
1569841476.045538,109,0.7013888955116272
1569841476.8981428,110,0.7514880895614624
1569841477.7506294,111,0.7743055820465088
1569841478.615992,112,0.716269850730896
1569841479.472164,113,0.7544642686843872
1569841480.336145,114,0.721230149269104
1569841481.1953726,115,0.7207341194152832
1569841482.0448818,116,0.7509920597076416
1569841482.9020407,117,0.7385912537574768
1569841483.7598372,118,0.7504960298538208
1569841484.6170173,119,0.7455357313156128
1569841485.4669633,120,0.7519841194152832
1569841486.325925,121,0.7311508059501648
1569841487.1828363,122,0.7147817611694336
1569841488.0401218,123,0.7534722089767456
1569841488.9013894,124,0.7519841194152832
1569841489.7615132,125,0.7495039701461792
1569841490.6146529,126,0.7301587462425232
1569841491.471563,127,0.7430555820465088
1569841492.3219562,128,0.742559552192688
1569841493.1821873,129,0.764384925365448
1569841494.051629,130,0.75942462682724
1569841494.9132257,131,0.8000991940498352
1569841495.7816963,132,0.7678571343421936
1569841496.6410332,133,0.7465277910232544
1569841497.5117857,134,0.7172619104385376
1569841498.3658822,135,0.7609127163887024
1569841499.2250097,136,0.7782738208770752
1569841500.0817459,137,0.7678571343421936
1569841500.938469,138,0.7971230149269104
1569841501.7939239,139,0.7470238208770752
1569841502.6530068,140,0.7390872836112976
1569841503.5212052,141,0.7534722089767456
1569841504.3918564,142,0.7797619104385376
1569841505.2561495,143,0.7713293433189392
1569841506.1174433,144,0.7375991940498352
1569841506.9915364,145,0.7455357313156128
1569841507.8628843,146,0.74057537317276
1569841508.7314982,147,0.773809552192688
1569841509.5905285,148,0.7207341194152832
1569841510.4477453,149,0.7817460298538208
1569841511.309365,150,0.7599206566810608
1569841512.167166,151,0.7529761791229248
1569841513.0417256,152,0.75942462682724
1569841513.9170609,153,0.726190447807312
1569841514.7766254,154,0.7708333134651184
1569841515.635132,155,0.74057537317276
1569841516.4918735,156,0.7564483880996704
1569841517.36255,157,0.7480158805847168
1569841518.227314,158,0.752480149269104
1569841519.1504776,159,0.7589285969734192
1569841520.0058854,160,0.754960298538208
1569841520.8625712,161,0.7971230149269104
1569841521.721693,162,0.778769850730896
1569841522.5855715,163,0.7638888955116272
1569841523.4453533,164,0.754960298538208
1569841524.3006625,165,0.7544642686843872
1569841525.1567101,166,0.7921627163887024
1569841526.012579,167,0.7842261791229248
1569841526.8863108,168,0.7579365372657776
1569841527.7560983,169,0.6964285969734192
1569841528.6475601,170,0.7415674328804016
1569841529.5073328,171,0.747519850730896
1569841530.355728,172,0.7480158805847168
1569841531.2099743,173,0.745039701461792
1569841532.077011,174,0.7460317611694336
1569841532.9346478,175,0.7579365372657776
1569841533.7967196,176,0.7430555820465088
1569841534.652776,177,0.7385912537574768
1569841535.5100374,178,0.7341269850730896
1569841536.3652081,179,0.7504960298538208
1569841537.222833,180,0.7624008059501648
1569841538.0771449,181,0.761904776096344
1569841538.9638126,182,0.7554563283920288
1569841539.852219,183,0.75942462682724
1569841540.729559,184,0.742559552192688
1569841541.6169844,185,0.7460317611694336
1569841542.507192,186,0.761904776096344
1569841543.393651,187,0.77182537317276
1569841544.314602,188,0.7440476417541504
1569841545.2016659,189,0.7648809552192688
1569841546.1105442,190,0.7366071343421936
1569841546.9994965,191,0.7455357313156128
1569841547.9489586,192,0.7599206566810608
1569841548.8596194,193,0.7326388955116272
1569841549.7480268,194,0.7286706566810608
1569841550.643177,195,0.7728174328804016
1569841551.538315,196,0.7559523582458496
1569841552.4472907,197,0.747519850730896
1569841553.3596098,198,0.7688491940498352
1569841554.2552779,199,0.7410714030265808
