Wall time,Step,Value
1569840872.6373692,0,0.34034091234207153
1569840874.1415462,1,0.36761364340782166
1569840875.5790577,2,0.4054924249649048
1569840877.0064743,3,0.3919507563114166
1569840878.4476137,4,0.3910037875175476
1569840879.9441378,5,0.4171401560306549
1569840881.4007864,6,0.3849431872367859
1569840882.8301654,7,0.4285984933376312
1569840884.2601712,8,0.4480113685131073
1569840885.745683,9,0.47575756907463074
1569840887.2350006,10,0.47604167461395264
1569840888.707491,11,0.5239583253860474
1569840890.1368861,12,0.5308712124824524
1569840891.6534874,13,0.548200786113739
1569840893.1281056,14,0.5585227012634277
1569840894.6063228,15,0.5582386255264282
1569840896.0940945,16,0.5605113506317139
1569840897.5508356,17,0.5765151381492615
1569840898.984252,18,0.5764204263687134
1569840900.42431,19,0.5652462244033813
1569840901.8680656,20,0.6085227131843567
1569840903.2914755,21,0.6815341114997864
1569840904.6999965,22,0.6855113506317139
1569840906.0896165,23,0.6789772510528564
1569840907.5074756,24,0.6815341114997864
1569840908.917824,25,0.6535037755966187
1569840910.3037138,26,0.697537899017334
1569840911.7214284,27,0.7057765126228333
1569840913.1045692,28,0.721969723701477
1569840914.5047424,29,0.7147727012634277
1569840915.940948,30,0.7053977251052856
1569840917.344139,31,0.7191287875175476
1569840918.7411246,32,0.7001894116401672
1569840920.1608121,33,0.705018937587738
1569840921.5484889,34,0.7232954502105713
1569840922.932749,35,0.7250000238418579
1569840924.3137121,36,0.7283143997192383
1569840925.6996005,37,0.7183712124824524
1569840927.0936625,38,0.7246212363243103
1569840928.4914644,39,0.7275568246841431
1569840929.87849,40,0.7158144116401672
1569840931.2947667,41,0.731249988079071
1569840932.7291093,42,0.7464014887809753
1569840934.130497,43,0.7506628632545471
1569840935.5551708,44,0.7419507503509521
1569840936.9610064,45,0.7437499761581421
1569840938.3467185,46,0.7562500238418579
1569840939.7654724,47,0.7647727131843567
1569840941.1766446,48,0.7602272629737854
1569840942.557731,49,0.7541666626930237
1569840943.9575207,50,0.7699810862541199
1569840945.36544,51,0.778124988079071
1569840946.7535472,52,0.7636363506317139
1569840948.1464517,53,0.778124988079071
1569840949.5711007,54,0.7607007622718811
1569840950.9943447,55,0.7714962363243103
1569840952.3772633,56,0.7830492258071899
1569840953.8095407,57,0.7710227370262146
1569840955.1938236,58,0.7854166626930237
1569840956.6167035,59,0.767518937587738
1569840958.0465465,60,0.7889204621315002
1569840959.466729,61,0.7878788113594055
1569840960.878783,62,0.7822916507720947
1569840962.2971554,63,0.7595643997192383
1569840963.6870801,64,0.7861742377281189
1569840965.0768445,65,0.7691287994384766
1569840966.467538,66,0.784375011920929
1569840967.8529913,67,0.7677083611488342
1569840969.2796996,68,0.7652462124824524
1569840970.683602,69,0.7872158885002136
1569840972.1053822,70,0.777556836605072
1569840973.5228782,71,0.7710227370262146
1569840974.9383388,72,0.7785037755966187
1569840976.3472743,73,0.7961174249649048
1569840977.7374518,74,0.7860795259475708
1569840979.127895,75,0.7616477012634277
1569840980.545426,76,0.7894886136054993
1569840981.9580915,77,0.7727272510528564
1569840983.372873,78,0.7908143997192383
1569840984.7964208,79,0.784943163394928
1569840986.1696582,80,0.776231050491333
1569840987.5924785,81,0.793181836605072
1569840988.98787,82,0.800568163394928
1569840990.373177,83,0.7964015007019043
1569840991.7870529,84,0.78125
1569840993.195228,85,0.7782196998596191
1569840994.620856,86,0.7856060862541199
1569840996.033756,87,0.8073863387107849
1569840997.4482,88,0.7860795259475708
1569840998.8450975,89,0.791856050491333
1569841000.2353544,90,0.7878788113594055
1569841001.6270564,91,0.7944128513336182
1569841003.0383675,92,0.7897727489471436
1569841004.439003,93,0.7828598618507385
1569841005.8238478,94,0.7845643758773804
1569841007.2075121,95,0.7782196998596191
1569841008.6354096,96,0.7872158885002136
1569841010.0337505,97,0.7795454263687134
1569841011.4567213,98,0.7876893877983093
1569841012.8838353,99,0.7749999761581421
1569841014.3113682,100,0.7935606241226196
1569841015.7308857,101,0.7746211886405945
1569841017.1133509,102,0.7941287755966187
1569841018.5274634,103,0.7974432110786438
1569841019.9134424,104,0.7810605764389038
1569841021.297977,105,0.8017992377281189
1569841022.7159588,106,0.793749988079071
1569841024.1365647,107,0.8057765364646912
1569841025.5479724,108,0.7898674011230469
1569841026.935617,109,0.789393961429596
1569841028.3609877,110,0.7945075631141663
1569841029.7426398,111,0.7854166626930237
1569841031.132877,112,0.7977272868156433
1569841032.5171177,113,0.7858901619911194
1569841033.9031472,114,0.793749988079071
1569841035.2875078,115,0.793749988079071
1569841036.708598,116,0.7827651500701904
1569841038.0930967,117,0.7997159361839294
1569841039.490737,118,0.7889204621315002
1569841040.9081228,119,0.8001893758773804
1569841042.3310227,120,0.7922348380088806
1569841043.7409077,121,0.7958333492279053
1569841045.1272218,122,0.8007575869560242
1569841046.5353572,123,0.7875000238418579
1569841047.924313,124,0.7964015007019043
1569841049.365719,125,0.7938446998596191
1569841050.7776346,126,0.7932764887809753
1569841052.1921701,127,0.779356062412262
1569841053.5768156,128,0.7742424011230469
1569841054.976611,129,0.7957386374473572
1569841056.3749619,130,0.7906249761581421
1569841057.7881253,131,0.7716856002807617
1569841059.2048213,132,0.8136363625526428
1569841060.6080468,133,0.7765151262283325
1569841062.0028968,134,0.7941287755966187
1569841063.418313,135,0.783143937587738
1569841064.8140945,136,0.8127840757369995
1569841066.2046485,137,0.7878788113594055
1569841067.5909448,138,0.7880681753158569
1569841068.9843605,139,0.776231050491333
1569841070.404947,140,0.7923295497894287
1569841071.8212285,141,0.7732007503509521
1569841073.2366028,142,0.7824810743331909
1569841074.6585915,143,0.8090909123420715
1569841076.0525331,144,0.784375011920929
1569841077.489111,145,0.7801136374473572
1569841078.8837578,146,0.7978219985961914
1569841080.2947345,147,0.7839015126228333
1569841081.6844652,148,0.7835227251052856
1569841083.086958,149,0.7913825511932373
1569841084.4781888,150,0.7976325750350952
1569841085.8736565,151,0.7920454740524292
1569841087.2854176,152,0.7818182110786438
1569841088.6946135,153,0.7913825511932373
1569841090.093162,154,0.7770833373069763
1569841091.508661,155,0.7838068008422852
1569841092.935844,156,0.7922348380088806
1569841094.3278751,157,0.7786931991577148
1569841095.7542598,158,0.7798295617103577
1569841097.216577,159,0.7744318246841431
1569841098.6826303,160,0.7894886136054993
1569841100.1525173,161,0.7956439256668091
1569841101.5920892,162,0.802462100982666
1569841103.0517347,163,0.7870265245437622
1569841104.5150383,164,0.78125
1569841105.9400377,165,0.7777462005615234
1569841107.3332667,166,0.7785984873771667
1569841108.7354946,167,0.7972537875175476
1569841110.13784,168,0.7789772748947144
1569841111.5284822,169,0.7872158885002136
1569841112.9139698,170,0.7699810862541199
1569841114.3028016,171,0.7964015007019043
1569841115.7033684,172,0.7810605764389038
1569841117.0875888,173,0.7908143997192383
1569841118.4769287,174,0.7895833253860474
1569841119.8908005,175,0.788731038570404
1569841121.3053722,176,0.7864583134651184
1569841122.7223191,177,0.7642045617103577
1569841124.137648,178,0.7653409242630005
1569841125.5345893,179,0.7963067889213562
1569841126.918128,180,0.7703598737716675
1569841128.3187761,181,0.7786931991577148
1569841129.7465174,182,0.7711174488067627
1569841131.1336055,183,0.756912887096405
1569841132.5599437,184,0.7716856002807617
1569841133.982754,185,0.7995265126228333
1569841135.3993685,186,0.7889204621315002
1569841136.828414,187,0.7763257622718811
1569841138.254436,188,0.7875946760177612
1569841139.6865468,189,0.7873106002807617
1569841141.1137452,190,0.784375011920929
1569841142.5075552,191,0.8090909123420715
1569841143.9323142,192,0.7821022868156433
1569841145.3669555,193,0.7909091114997864
1569841146.795289,194,0.7934659123420715
1569841148.176916,195,0.805587112903595
1569841149.597765,196,0.7721590995788574
1569841151.0029655,197,0.789962112903595
1569841152.3881385,198,0.7790719866752625
1569841153.8150694,199,0.7972537875175476
