Wall time,Step,Value
1569840872.3515325,0,0.30509260296821594
1569840873.7570174,1,0.3534722328186035
1569840875.0962377,2,0.37546294927597046
1569840876.4361672,3,0.40069442987442017
1569840877.8123915,4,0.3497685194015503
1569840879.1830912,5,0.32430556416511536
1569840880.5612197,6,0.32939815521240234
1569840881.9328487,7,0.3543981611728668
1569840883.3714774,8,0.44236111640930176
1569840884.8042197,9,0.5057870149612427
1569840886.228847,10,0.5777778029441833
1569840887.619135,11,0.604629635810852
1569840889.0331583,12,0.604629635810852
1569840890.4503543,13,0.6398147940635681
1569840891.8770528,14,0.6678240895271301
1569840893.258069,15,0.6956018805503845
1569840894.6729794,16,0.6895833611488342
1569840896.0592644,17,0.6828703880310059
1569840897.4695506,18,0.6793981194496155
1569840898.8455698,19,0.7046296000480652
1569840900.2720556,20,0.7097222208976746
1569840901.6744487,21,0.7247685194015503
1569840903.051216,22,0.7138888835906982
1569840904.4594593,23,0.7055555582046509
1569840905.874142,24,0.7229166626930237
1569840907.281462,25,0.7143518328666687
1569840908.6462295,26,0.7337962985038757
1569840910.028857,27,0.7465277910232544
1569840911.4126134,28,0.7254629731178284
1569840912.7886152,29,0.7469907402992249
1569840914.139785,30,0.7629629373550415
1569840915.4937735,31,0.7576388716697693
1569840916.855083,32,0.7798610925674438
1569840918.239788,33,0.7479166388511658
1569840919.6167502,34,0.7622685432434082
1569840920.9570634,35,0.748379647731781
1569840922.2976983,36,0.7657407522201538
1569840923.6634228,37,0.7506944537162781
1569840925.0221593,38,0.770370364189148
1569840926.3667734,39,0.7546296119689941
1569840927.696692,40,0.7657407522201538
1569840929.0358982,41,0.7842592597007751
1569840930.3769038,42,0.7759259343147278
1569840931.7518256,43,0.762499988079071
1569840933.10607,44,0.7756944298744202
1569840934.4529042,45,0.7754629850387573
1569840935.830504,46,0.7722222208976746
1569840937.1970723,47,0.7629629373550415
1569840938.572361,48,0.7604166865348816
1569840939.9376798,49,0.7826389074325562
1569840941.282917,50,0.7749999761581421
1569840942.6514065,51,0.7879629731178284
1569840943.9959815,52,0.7740740776062012
1569840945.3579144,53,0.7641203999519348
1569840946.7318995,54,0.7719907164573669
1569840948.1059616,55,0.7738425731658936
1569840949.4460711,56,0.7837963104248047
1569840950.8005123,57,0.7868055701255798
1569840952.1409628,58,0.7747685313224792
1569840953.4785721,59,0.7708333134651184
1569840954.8471224,60,0.7678240537643433
1569840956.2165928,61,0.7564814686775208
1569840957.5805979,62,0.7798610925674438
1569840958.9364796,63,0.7819444537162781
1569840960.2977831,64,0.7699074149131775
1569840961.6371977,65,0.7928240895271301
1569840962.9707446,66,0.7787036895751953
1569840964.3416889,67,0.793055534362793
1569840965.7112741,68,0.7754629850387573
1569840967.079418,69,0.7699074149131775
1569840968.431299,70,0.7840277552604675
1569840969.7746851,71,0.7851851582527161
1569840971.1190815,72,0.7673611044883728
1569840972.4731822,73,0.7935185432434082
1569840973.8390727,74,0.7724537253379822
1569840975.2188056,75,0.7655092477798462
1569840976.6032937,76,0.7712963223457336
1569840977.9681616,77,0.7636573910713196
1569840979.3334866,78,0.7773148417472839
1569840980.7031987,79,0.7780092358589172
1569840982.0718727,80,0.7659721970558167
1569840983.4432235,81,0.7652778029441833
1569840984.7768202,82,0.7777777910232544
1569840986.1134923,83,0.7798610925674438
1569840987.4866045,84,0.7793981432914734
1569840988.8566024,85,0.7729166746139526
1569840990.2369633,86,0.8071759343147278
1569840991.6090515,87,0.7756944298744202
1569840992.9573357,88,0.7944444417953491
1569840994.3424976,89,0.7851851582527161
1569840995.7151995,90,0.7745370268821716
1569840997.0801086,91,0.7817129492759705
1569840998.4234166,92,0.7905092835426331
1569840999.7975721,93,0.7756944298744202
1569841001.1793365,94,0.7821758985519409
1569841002.5233488,95,0.7807870507240295
1569841003.8829198,96,0.7638888955116272
1569841005.2610266,97,0.7805555462837219
1569841006.6049771,98,0.768750011920929
1569841007.9383607,99,0.7835648059844971
1569841009.300381,100,0.7870370149612427
1569841010.6782577,101,0.7935185432434082
1569841012.0173843,102,0.7872685194015503
1569841013.3830707,103,0.762499988079071
1569841014.768845,104,0.7849537134170532
1569841016.1466682,105,0.7717592716217041
1569841017.5137203,106,0.7682870626449585
1569841018.8777335,107,0.7738425731658936
1569841020.2136881,108,0.7870370149612427
1569841021.556244,109,0.7847222089767456
1569841022.8998682,110,0.7736111283302307
1569841024.2446942,111,0.7689814567565918
1569841025.5840063,112,0.7872685194015503
1569841026.9262736,113,0.7835648059844971
1569841028.262971,114,0.7863426208496094
1569841029.6032605,115,0.7682870626449585
1569841030.9471426,116,0.7925925850868225
1569841032.2802575,117,0.7833333611488342
1569841033.6502094,118,0.7928240895271301
1569841035.0089664,119,0.7979166507720947
1569841036.3773654,120,0.7747685313224792
1569841037.755682,121,0.7675926089286804
1569841039.1271083,122,0.7946759462356567
1569841040.501316,123,0.7835648059844971
1569841041.8726423,124,0.7942129373550415
1569841043.237338,125,0.7599536776542664
1569841044.6067672,126,0.7935185432434082
1569841045.9534152,127,0.761805534362793
1569841047.286395,128,0.741435170173645
1569841048.6267622,129,0.7953703999519348
1569841049.9960005,130,0.7740740776062012
1569841051.3288608,131,0.7821758985519409
1569841052.6975102,132,0.7956018447875977
1569841054.0332987,133,0.7872685194015503
1569841055.3862152,134,0.7944444417953491
1569841056.7579005,135,0.7951388955116272
1569841058.1394176,136,0.7807870507240295
1569841059.492942,137,0.7824074029922485
1569841060.8408766,138,0.7868055701255798
1569841062.21586,139,0.7909722328186035
1569841063.5945706,140,0.7657407522201538
1569841064.9622576,141,0.7715277671813965
1569841066.333136,142,0.7652778029441833
1569841067.7036953,143,0.7893518805503845
1569841069.0628905,144,0.7870370149612427
1569841070.4438896,145,0.7810184955596924
1569841071.7849965,146,0.7877314686775208
1569841073.1302369,147,0.7740740776062012
1569841074.5067377,148,0.7530092597007751
1569841075.8405895,149,0.7946759462356567
1569841077.2177856,150,0.7773148417472839
1569841078.5617325,151,0.791435182094574
1569841079.9275982,152,0.7622685432434082
1569841081.2705743,153,0.7675926089286804
1569841082.6505075,154,0.7604166865348816
1569841084.026359,155,0.7807870507240295
1569841085.392004,156,0.7449073791503906
1569841086.73092,157,0.7780092358589172
1569841088.0986896,158,0.7854166626930237
1569841089.4333186,159,0.7974537014961243
1569841090.770399,160,0.7824074029922485
1569841092.1149259,161,0.7916666865348816
1569841093.4563618,162,0.7493055462837219
1569841094.800704,163,0.7773148417472839
1569841096.137036,164,0.7837963104248047
1569841097.47331,165,0.7648147940635681
1569841098.8236418,166,0.7875000238418579
1569841100.1663847,167,0.7745370268821716
1569841101.5433943,168,0.7768518328666687
1569841102.915914,169,0.7733796238899231
1569841104.299896,170,0.7722222208976746
1569841105.6442835,171,0.7699074149131775
1569841106.9796343,172,0.7659721970558167
1569841108.3265798,173,0.7803241014480591
1569841109.6888294,174,0.78125
1569841111.0538332,175,0.7900462746620178
1569841112.3885581,176,0.7696759104728699
1569841113.7593713,177,0.7740740776062012
1569841115.0959966,178,0.7784722447395325
1569841116.4276843,179,0.7861111164093018
1569841117.760333,180,0.7668981552124023
1569841119.1087747,181,0.7629629373550415
1569841120.4804823,182,0.7782407402992249
1569841121.8504589,183,0.7504629492759705
1569841123.226189,184,0.7835648059844971
1569841124.6146715,185,0.7807870507240295
1569841125.9906893,186,0.7761573791503906
1569841127.3338504,187,0.7715277671813965
1569841128.7165747,188,0.78125
1569841130.0582092,189,0.7569444179534912
1569841131.41002,190,0.7724537253379822
1569841132.794977,191,0.7664352059364319
1569841134.1555228,192,0.7662037014961243
1569841135.5061104,193,0.7662037014961243
1569841136.8463829,194,0.7798610925674438
1569841138.1862469,195,0.7870370149612427
1569841139.55711,196,0.7675926089286804
1569841140.9305754,197,0.7673611044883728
1569841142.2738812,198,0.7717592716217041
1569841143.6232123,199,0.7861111164093018
