Wall time,Step,Value
1569841159.9121685,0,0.4709400236606598
1569841161.3685882,1,0.47745394706726074
1569841162.8570573,2,0.4686938524246216
1569841164.3432062,3,0.42946991324424744
1569841165.8243794,4,0.43095800280570984
1569841167.3094876,5,0.38965633511543274
1569841168.7634335,6,0.3946821689605713
1569841170.1929514,7,0.45364442467689514
1569841171.6160002,8,0.4539251923561096
1569841173.0372553,9,0.4959568679332733
1569841174.4755673,10,0.4999438524246216
1569841175.8859668,11,0.493261456489563
1569841177.3017087,12,0.5388308763504028
1569841178.7292137,13,0.5669081211090088
1569841180.151266,14,0.5812275409698486
1569841181.6134377,15,0.5567722320556641
1569841183.0534885,16,0.5391958951950073
1569841184.4765565,17,0.5770440101623535
1569841185.9418225,18,0.5903245806694031
1569841187.3931484,19,0.580581784248352
1569841188.8340409,20,0.607086718082428
1569841190.2799058,21,0.6354447603225708
1569841191.6960144,22,0.6508872509002686
1569841193.1123714,23,0.6607423424720764
1569841194.5215592,24,0.6434467434883118
1569841195.9628997,25,0.5696035623550415
1569841197.3781474,26,0.6157345175743103
1569841198.8329988,27,0.6172226071357727
1569841200.3044465,28,0.6228942275047302
1569841201.7288146,29,0.6160152554512024
1569841203.1857772,30,0.6299696564674377
1569841204.6022246,31,0.6372135877609253
1569841206.062755,32,0.6603773832321167
1569841207.50719,33,0.6640835404396057
1569841208.9229739,34,0.6872472763061523
1569841210.335737,35,0.6499606966972351
1569841211.7575712,36,0.6648416519165039
1569841213.1924644,37,0.6875280737876892
1569841214.6465073,38,0.6782345175743103
1569841216.0697732,39,0.6869665384292603
1569841217.4807262,40,0.6603773832321167
1569841218.8974636,41,0.691065788269043
1569841220.3316188,42,0.6730402112007141
1569841221.7885354,43,0.6902235150337219
1569841223.2135258,44,0.7086421847343445
1569841224.666617,45,0.7149595618247986
1569841226.08433,46,0.7310478687286377
1569841227.532472,47,0.7318901419639587
1569841228.9768343,48,0.7228773832321167
1569841230.411086,49,0.7044586539268494
1569841231.8481033,50,0.6993486285209656
1569841233.263858,51,0.7327324748039246
1569841234.68709,52,0.7101302742958069
1569841236.1135802,53,0.7248147130012512
1569841237.568292,54,0.7414644956588745
1569841238.9945042,55,0.7226808071136475
1569841240.4431155,56,0.7289981842041016
1569841241.8968706,57,0.7139487862586975
1569841243.3226361,58,0.7294754981994629
1569841244.741164,59,0.7560647130012512
1569841246.154533,60,0.7163634300231934
1569841247.5680466,61,0.733659029006958
1569841248.9797723,62,0.733659029006958
1569841250.4401896,63,0.7372810244560242
1569841251.870736,64,0.729924738407135
1569841253.291675,65,0.7421103119850159
1569841254.7507713,66,0.7351471185684204
1569841256.175409,67,0.7498315572738647
1569841257.6420531,68,0.7432333827018738
1569841259.093968,69,0.7316094040870667
1569841260.5013096,70,0.733659029006958
1569841261.9544518,71,0.7414644956588745
1569841263.4064293,72,0.7450864911079407
1569841264.8624291,73,0.7425876259803772
1569841266.3172514,74,0.7444406747817993
1569841267.7825465,75,0.7491857409477234
1569841269.23865,76,0.7348663806915283
1569841270.7035007,77,0.745563805103302
1569841272.158258,78,0.7405379414558411
1569841273.5616515,79,0.7324516773223877
1569841274.9846954,80,0.7545766234397888
1569841276.44336,81,0.7437949180603027
1569841277.900535,82,0.7357086539268494
1569841279.3210084,83,0.727060854434967
1569841280.7825506,84,0.7598832249641418
1569841282.2109573,85,0.7509546279907227
1569841283.6379669,86,0.7247304320335388
1569841285.0652575,87,0.7318901419639587
1569841286.5279026,88,0.7536500692367554
1569841287.9600048,89,0.7517969608306885
1569841289.3794591,90,0.7679694294929504
1569841290.8470943,91,0.7551381587982178
1569841292.2971835,92,0.7296720743179321
1569841293.708635,93,0.7076314091682434
1569841295.1580858,94,0.7459288239479065
1569841296.564179,95,0.7474169135093689
1569841297.9807389,96,0.738965630531311
1569841299.4017048,97,0.7518811821937561
1569841300.8424683,98,0.7378425598144531
1569841302.2964706,99,0.7357086539268494
1569841303.7381294,100,0.746125340461731
1569841305.1938891,101,0.7462095618247986
1569841306.6478124,102,0.7419418096542358
1569841308.103941,103,0.7494665384292603
1569841309.5399868,104,0.7569069862365723
1569841310.9711194,105,0.7408187389373779
1569841312.40055,106,0.759602427482605
1569841313.8295975,107,0.7628594040870667
1569841315.2969737,108,0.7602481842041016
1569841316.730984,109,0.7551381587982178
1569841318.1408424,110,0.7683344483375549
1569841319.5611727,111,0.773079514503479
1569841321.0212631,112,0.7521619200706482
1569841322.475719,113,0.7503088712692261
1569841323.9018798,114,0.7578335404396057
1569841325.313947,115,0.7708613872528076
1569841326.7386036,116,0.7528077363967896
1569841328.160912,117,0.7593216300010681
1569841329.643965,118,0.7473326325416565
1569841331.0869572,119,0.7405379414558411
1569841332.5798464,120,0.7279874086380005
1569841334.0650814,121,0.7601639628410339
1569841335.548265,122,0.7428683638572693
1569841337.0541961,123,0.7458445429801941
1569841338.5781088,124,0.7417452931404114
1569841340.0860069,125,0.7544923424720764
1569841341.6051013,126,0.767042875289917
1569841343.056557,127,0.7641509175300598
1569841344.5188951,128,0.7449179887771606
1569841345.9689636,129,0.7527235150337219
1569841347.4670029,130,0.7581143379211426
1569841348.9673972,131,0.7428683638572693
1569841350.4403546,132,0.766200602054596
1569841351.9547386,133,0.7512354254722595
1569841353.4430857,134,0.758030116558075
1569841354.9616656,135,0.7628594040870667
1569841356.4776316,136,0.7679694294929504
1569841357.9426105,137,0.7608097195625305
1569841359.4073155,138,0.7595182061195374
1569841360.873161,139,0.7470518946647644
1569841362.327958,140,0.7536500692367554
1569841363.7377586,141,0.7822888493537903
1569841365.1486003,142,0.7608940005302429
1569841366.5793884,143,0.7539308071136475
1569841368.0044413,144,0.7663971185684204
1569841369.4153945,145,0.7712264060974121
1569841370.8741102,146,0.745563805103302
1569841372.2893598,147,0.7748484015464783
1569841373.763109,148,0.761736273765564
1569841375.1952655,149,0.7583950757980347
1569841376.601999,150,0.753565788269043
1569841378.0592835,151,0.7575528025627136
1569841379.507835,152,0.7566262483596802
1569841380.9777102,153,0.7798742055892944
1569841382.4019744,154,0.7554188966751099
1569841383.8563797,155,0.759040892124176
1569841385.3113592,156,0.7488207817077637
1569841386.768306,157,0.7575528025627136
1569841388.2134585,158,0.7578335404396057
1569841389.6668942,159,0.742391049861908
1569841391.128892,160,0.745002269744873
1569841392.5719252,161,0.7623820900917053
1569841394.0389845,162,0.7778245806694031
1569841395.457106,163,0.7474169135093689
1569841396.8692079,164,0.7659198045730591
1569841398.322202,165,0.7523584961891174
1569841399.7479134,166,0.7605289816856384
1569841401.1883786,167,0.7470518946647644
1569841402.6104112,168,0.7491857409477234
1569841404.062827,169,0.7620170712471008
1569841405.5313203,170,0.7583950757980347
1569841406.9481962,171,0.7661163806915283
1569841408.4210067,172,0.7619328498840332
1569841409.841252,173,0.7542116045951843
1569841411.2610507,174,0.7527235150337219
1569841412.7026317,175,0.7491857409477234
1569841414.1842477,176,0.7583950757980347
1569841415.6202629,177,0.7690925598144531
1569841417.0936337,178,0.7562612295150757
1569841418.5577278,179,0.7431491613388062
1569841419.9813251,180,0.747697651386261
1569841421.4038317,181,0.745002269744873
1569841422.8678265,182,0.7586758732795715
1569841424.298203,183,0.7359894514083862
1569841425.7520819,184,0.766481339931488
1569841427.1793444,185,0.7688117623329163
1569841428.6512814,186,0.7560647130012512
1569841430.0980523,187,0.7608097195625305
1569841431.5277078,188,0.7587600946426392
1569841432.9726455,189,0.747697651386261
1569841434.424803,190,0.7380390763282776
1569841435.8932915,191,0.7515161633491516
1569841437.3309128,192,0.7681660056114197
1569841438.7912712,193,0.7587600946426392
1569841440.2474203,194,0.7426718473434448
1569841441.7126405,195,0.7601639628410339
1569841443.163779,196,0.7667621374130249
1569841444.583207,197,0.7792284488677979
1569841446.0183446,198,0.7724337577819824
1569841447.4362445,199,0.7732760310173035
