Wall time,Step,Value
1569840917.8685226,0,0.1964285671710968
1569840919.204594,1,0.27364417910575867
1569840920.5274692,2,0.28158068656921387
1569840921.8503919,3,0.30588623881340027
1569840923.1802676,4,0.2772817313671112
1569840924.5045202,5,0.3983134925365448
1569840925.8258548,6,0.40707671642303467
1569840927.1448355,7,0.4201388955116272
1569840928.480373,8,0.44510582089424133
1569840929.801335,9,0.48396164178848267
1569840931.118141,10,0.47652116417884827
1569840932.4397836,11,0.5135582089424133
1569840933.7684984,12,0.5319113731384277
1569840935.0857291,13,0.5324074029922485
1569840936.3992622,14,0.5343915224075317
1569840937.7116358,15,0.5458002686500549
1569840939.0325804,16,0.6079695820808411
1569840940.3452797,17,0.6063161492347717
1569840941.662015,18,0.591269850730896
1569840942.9898252,19,0.6362434029579163
1569840944.3045642,20,0.6038359999656677
1569840945.6275811,21,0.6035053133964539
1569840946.9458358,22,0.5919312238693237
1569840948.2599483,23,0.6129298806190491
1569840949.5780373,24,0.6446759104728699
1569840950.8782864,25,0.6132605671882629
1569840952.181266,26,0.6349206566810608
1569840953.4943469,27,0.6236772537231445
1569840954.794182,28,0.6458333134651184
1569840956.10823,29,0.6536045074462891
1569840957.4198122,30,0.6463293433189392
1569840958.7364898,31,0.6451719403266907
1569840960.0405571,32,0.6534391641616821
1569840961.351057,33,0.6709656119346619
1569840962.6551616,34,0.6646825671195984
1569840963.9815173,35,0.6836971044540405
1569840965.2955186,36,0.6807209253311157
1569840966.6016672,37,0.6696428656578064
1569840967.9152808,38,0.7071759104728699
1569840969.2310421,39,0.6838624477386475
1569840970.5398443,40,0.6767526268959045
1569840971.8550236,41,0.7038690447807312
1569840973.174571,42,0.7088293433189392
1569840974.488408,43,0.7032076716423035
1569840975.7912097,44,0.704365074634552
1569840977.10207,45,0.6962632536888123
1569840978.4345498,46,0.6914682388305664
1569840979.7383106,47,0.6688161492347717
1569840981.0571032,48,0.699404776096344
1569840982.3818653,49,0.6970899701118469
1569840983.6956372,50,0.7078372836112976
1569840985.0196662,51,0.7228835821151733
1569840986.3335402,52,0.7374338507652283
1569840987.6473076,53,0.6939483880996704
1569840988.9554222,54,0.7270172238349915
1569840990.2619424,55,0.726190447807312
1569840991.571374,56,0.7280092835426331
1569840992.8857782,57,0.7166005373001099
1569840994.204895,58,0.7126322984695435
1569840995.518872,59,0.7166005373001099
1569840996.8373787,60,0.7359457612037659
1569840998.1412003,61,0.7058531641960144
1569840999.4473572,62,0.7463624477386475
1569841000.7498658,63,0.7304894328117371
1569841002.0772727,64,0.7385912537574768
1569841003.3890562,65,0.7156084775924683
1569841004.6982763,66,0.72817462682724
1569841006.001973,67,0.735615074634552
1569841007.309459,68,0.7377645373344421
1569841008.6114075,69,0.7291666865348816
1569841009.9243398,70,0.7291666865348816
1569841011.2313077,71,0.7471891641616821
1569841012.5556152,72,0.7220568656921387
1569841013.8700793,73,0.7342923283576965
1569841015.1768873,74,0.6972553133964539
1569841016.4882488,75,0.7316468358039856
1569841017.792592,76,0.742394208908081
1569841019.1053185,77,0.7374338507652283
1569841020.419956,78,0.7299934029579163
1569841021.7325716,79,0.7303240895271301
1569841023.055761,80,0.7199074029922485
1569841024.3582182,81,0.7354497313499451
1569841025.6678107,82,0.7432209253311157
1569841026.9748042,83,0.7290013432502747
1569841028.285769,84,0.6992394328117371
1569841029.6098053,85,0.7055224776268005
1569841030.9465067,86,0.7131283283233643
1569841032.2598155,87,0.7169312238693237
1569841033.578459,88,0.7346230149269104
1569841034.9000704,89,0.7022156119346619
1569841036.2219167,90,0.7344576716423035
1569841037.5402174,91,0.7167658805847168
1569841038.8583097,92,0.7256944179534912
1569841040.172399,93,0.7304894328117371
1569841041.4914503,94,0.7101520895957947
1569841042.8031054,95,0.7288359999656677
1569841044.1171093,96,0.7384259104728699
1569841045.4299304,97,0.7483465671539307
1569841046.73225,98,0.7397486567497253
1569841048.0467803,99,0.7080026268959045
1569841049.3623202,100,0.716269850730896
1569841050.6846852,101,0.7175925970077515
1569841052.0056741,102,0.7470238208770752
1569841053.3109405,103,0.7339616417884827
1569841054.6270714,104,0.7375991940498352
1569841055.948144,105,0.7235449552536011
1569841057.2604795,106,0.7288359999656677
1569841058.566971,107,0.7471891641616821
1569841059.8810742,108,0.7488425970077515
1569841061.1939485,109,0.7296627163887024
1569841062.503264,110,0.7418981194496155
1569841063.8120873,111,0.7339616417884827
1569841065.1064281,112,0.7027116417884827
1569841066.4242594,113,0.7463624477386475
1569841067.7398412,114,0.7471891641616821
1569841069.0470378,115,0.7270172238349915
1569841070.35235,116,0.7529761791229248
1569841071.670879,117,0.7286706566810608
1569841072.9909878,118,0.7498346567153931
1569841074.2985046,119,0.7124669551849365
1569841075.6108541,120,0.7159391641616821
1569841076.9153574,121,0.7366071343421936
1569841078.2517352,122,0.7390872836112976
1569841079.5548425,123,0.7046957612037659
1569841080.8665884,124,0.7435516119003296
1569841082.1695607,125,0.7443783283233643
1569841083.4864266,126,0.7385912537574768
1569841084.7998614,127,0.7333002686500549
1569841086.11577,128,0.7445436716079712
1569841087.4258363,129,0.7437169551849365
1569841088.7421837,130,0.7523148059844971
1569841090.0679376,131,0.7645502686500549
1569841091.3959744,132,0.7147817611694336
1569841092.7154536,133,0.7390872836112976
1569841094.0267243,134,0.7377645373344421
1569841095.339557,135,0.7321428656578064
1569841096.6541693,136,0.7397486567497253
1569841097.9610143,137,0.7521494626998901
1569841099.2797093,138,0.7270172238349915
1569841100.5902634,139,0.7800925970077515
1569841101.8941908,140,0.7354497313499451
1569841103.2319822,141,0.7480158805847168
1569841104.54,142,0.7503306865692139
1569841105.8532186,143,0.7397486567497253
1569841107.1706274,144,0.7399140000343323
1569841108.499701,145,0.7453703880310059
1569841109.8210678,146,0.7410714030265808
1569841111.1366618,147,0.7139550447463989
1569841112.445132,148,0.7316468358039856
1569841113.7597773,149,0.7751322984695435
1569841115.0696156,150,0.7551256418228149
1569841116.3806858,151,0.7286706566810608
1569841117.6883545,152,0.7541335821151733
1569841119.005409,153,0.7402446866035461
1569841120.3261585,154,0.7495039701461792
1569841121.6377027,155,0.7610780596733093
1569841122.956622,156,0.7294973731040955
1569841124.2679486,157,0.7473545074462891
1569841125.6001585,158,0.7463624477386475
1569841126.9041963,159,0.7318121790885925
1569841128.227228,160,0.7319775223731995
1569841129.5503838,161,0.7562830448150635
1569841130.8707054,162,0.7349537014961243
1569841132.189449,163,0.7470238208770752
1569841133.5051298,164,0.7433862686157227
1569841134.8249326,165,0.7590939402580261
1569841136.1420884,166,0.7523148059844971
1569841137.4543288,167,0.7384259104728699
1569841138.7651753,168,0.7466931343078613
1569841140.0680847,169,0.7235449552536011
1569841141.391855,170,0.7483465671539307
1569841142.697855,171,0.7275132536888123
1569841144.021267,172,0.7488425970077515
1569841145.3288617,173,0.7625661492347717
1569841146.6608436,174,0.7321428656578064
1569841148.0400376,175,0.7286706566810608
1569841149.4420774,176,0.7463624477386475
1569841150.837609,177,0.7354497313499451
1569841152.248376,178,0.7422288656234741
1569841153.6366756,179,0.7400793433189392
1569841155.0551777,180,0.7435516119003296
1569841156.4486022,181,0.7483465671539307
1569841157.7751167,182,0.7344576716423035
1569841159.080929,183,0.7344576716423035
1569841160.416027,184,0.7493386268615723
1569841161.7654116,185,0.7506613731384277
1569841163.1229668,186,0.7589285969734192
1569841164.4819646,187,0.7556216716766357
1569841165.8397255,188,0.7205687761306763
1569841167.1946414,189,0.7759590148925781
1569841168.5458379,190,0.7471891641616821
1569841169.9028986,191,0.7328042387962341
1569841171.2549067,192,0.7323082089424133
1569841172.6067991,193,0.754960298538208
1569841173.9347117,194,0.7544642686843872
1569841175.264843,195,0.7430555820465088
1569841176.5901918,196,0.7369378209114075
1569841177.904626,197,0.7486772537231445
1569841179.215321,198,0.7551256418228149
1569841180.5338726,199,0.7541335821151733
