Wall time,Step,Value
1569840904.133274,0,0.3708333373069763
1569840905.459657,1,0.39326387643814087
1569840906.7389393,2,0.4277777671813965
1569840908.0270443,3,0.4159722328186035
1569840909.2992773,4,0.44854167103767395
1569840910.6096928,5,0.4514583349227905
1569840911.8986032,6,0.41499999165534973
1569840913.2115574,7,0.44805556535720825
1569840914.5287595,8,0.5309722423553467
1569840915.8403366,9,0.49791666865348816
1569840917.1498773,10,0.5338888764381409
1569840918.4881032,11,0.5480555295944214
1569840919.7901003,12,0.5457639098167419
1569840921.0679317,13,0.5637500286102295
1569840922.3417788,14,0.5676388740539551
1569840923.61819,15,0.5858333110809326
1569840924.8989604,16,0.5868750214576721
1569840926.1731513,17,0.5984027981758118
1569840927.4833539,18,0.5986805558204651
1569840928.8260002,19,0.6089583039283752
1569840930.1296291,20,0.6208333373069763
1569840931.4133341,21,0.6298611164093018
1569840932.7097106,22,0.6315972208976746
1569840933.9922183,23,0.6427083611488342
1569840935.3080652,24,0.6360416412353516
1569840936.6658137,25,0.6254861354827881
1569840937.9674194,26,0.6595138907432556
1569840939.2754786,27,0.6473610997200012
1569840940.5469153,28,0.659583330154419
1569840941.823574,29,0.6438888907432556
1569840943.105946,30,0.6677777767181396
1569840944.4180627,31,0.6656944155693054
1569840945.7394643,32,0.6542361378669739
1569840947.050755,33,0.6857638955116272
1569840948.3701613,34,0.6811805367469788
1569840949.683926,35,0.684374988079071
1569840950.9951167,36,0.6849305629730225
1569840952.343488,37,0.7147916555404663
1569840953.7166562,38,0.7084722518920898
1569840955.0298793,39,0.7022222280502319
1569840956.3293545,40,0.7140972018241882
1569840957.6435726,41,0.7209722399711609
1569840958.9354951,42,0.6967360973358154
1569840960.2290313,43,0.7251389026641846
1569840961.5443568,44,0.7274305820465088
1569840962.8836122,45,0.7347221970558167
1569840964.189359,46,0.7209028005599976
1569840965.504085,47,0.7232638597488403
1569840966.8108377,48,0.7388888597488403
1569840968.1243343,49,0.7393749952316284
1569840969.4464538,50,0.7322916388511658
1569840970.7715518,51,0.7275694608688354
1569840972.078202,52,0.7307639122009277
1569840973.3843327,53,0.7404166460037231
1569840974.683217,54,0.7204166650772095
1569840975.999939,55,0.7329166531562805
1569840977.2789278,56,0.7293055653572083
1569840978.5616956,57,0.7551388740539551
1569840979.857542,58,0.738819420337677
1569840981.1581275,59,0.7430555820465088
1569840982.4442453,60,0.7595139145851135
1569840983.742237,61,0.7648611068725586
1569840985.043116,62,0.7604861259460449
1569840986.3478663,63,0.7570139169692993
1569840987.6682413,64,0.7609722018241882
1569840988.9493232,65,0.768541693687439
1569840990.2267942,66,0.7649999856948853
1569840991.528054,67,0.7452083230018616
1569840992.833247,68,0.7724305391311646
1569840994.142131,69,0.769444465637207
1569840995.4567454,70,0.7545833587646484
1569840996.7525969,71,0.7736111283302307
1569840998.0387454,72,0.7777777910232544
1569840999.3175423,73,0.7836111187934875
1569841000.6121469,74,0.768541693687439
1569841001.9232998,75,0.7632638812065125
1569841003.2448487,76,0.7546527981758118
1569841004.5523171,77,0.7753472328186035
1569841005.8501813,78,0.7774999737739563
1569841007.1334314,79,0.7818055748939514
1569841008.4457784,80,0.7769444584846497
1569841009.719647,81,0.7506250143051147
1569841011.0190077,82,0.7832638621330261
1569841012.3329542,83,0.7670139074325562
1569841013.6543775,84,0.7748610973358154
1569841014.9719255,85,0.7853472232818604
1569841016.281693,86,0.7786111235618591
1569841017.5955665,87,0.7833333611488342
1569841018.9034424,88,0.7768750190734863
1569841020.2120066,89,0.7679861187934875
1569841021.5312264,90,0.7747222185134888
1569841022.831455,91,0.7965278029441833
1569841024.1068366,92,0.7717360854148865
1569841025.3868248,93,0.7913194298744202
1569841026.6613815,94,0.7840277552604675
1569841027.944777,95,0.7821527719497681
1569841029.253227,96,0.7786111235618591
1569841030.58427,97,0.7854166626930237
1569841031.862064,98,0.7977083325386047
1569841033.1677077,99,0.7818750143051147
1569841034.471262,100,0.7902083396911621
1569841035.7468193,101,0.7914583086967468
1569841037.0292003,102,0.7745139002799988
1569841038.3703923,103,0.7834722399711609
1569841039.7335958,104,0.7977777719497681
1569841041.0132067,105,0.777013897895813
1569841042.311427,106,0.7786111235618591
1569841043.5918503,107,0.7953472137451172
1569841044.8779018,108,0.7914583086967468
1569841046.203164,109,0.7836805582046509
1569841047.5444522,110,0.7728472352027893
1569841048.8518353,111,0.7925000190734863
1569841050.1280675,112,0.7993749976158142
1569841051.4013982,113,0.7931249737739563
1569841052.6928458,114,0.799791693687439
1569841053.9913967,115,0.7884722352027893
1569841055.3182204,116,0.7904166579246521
1569841056.636258,117,0.7830555438995361
1569841057.9121478,118,0.7602777481079102
1569841059.1887782,119,0.7825694680213928
1569841060.468698,120,0.79666668176651
1569841061.7980309,121,0.7904166579246521
1569841063.1464696,122,0.8016666769981384
1569841064.498296,123,0.7979166507720947
1569841065.8094525,124,0.7850000262260437
1569841067.1261854,125,0.7889583110809326
1569841068.4291582,126,0.7816666960716248
1569841069.7297866,127,0.7724999785423279
1569841071.0238104,128,0.784375011920929
1569841072.3396063,129,0.7851389050483704
1569841073.6388826,130,0.8028472065925598
1569841074.9133012,131,0.7728472352027893
1569841076.191514,132,0.7959722280502319
1569841077.4731085,133,0.7672222256660461
1569841078.7522414,134,0.7815971970558167
1569841080.0569704,135,0.8072916865348816
1569841081.3667376,136,0.7872222065925598
1569841082.6438873,137,0.7942361235618591
1569841083.9225695,138,0.7975000143051147
1569841085.1996229,139,0.7923611402511597
1569841086.4768767,140,0.7913194298744202
1569841087.7515948,141,0.7850000262260437
1569841089.069063,142,0.7922222018241882
1569841090.368306,143,0.7904166579246521
1569841091.6487303,144,0.7764583230018616
1569841092.9316285,145,0.7830555438995361
1569841094.233637,146,0.7915277481079102
1569841095.5423005,147,0.7882639169692993
1569841096.8460217,148,0.7871527671813965
1569841098.1713881,149,0.7716666460037231
1569841099.4479413,150,0.8052083253860474
1569841100.7199266,151,0.7781944274902344
1569841101.996884,152,0.7973611354827881
1569841103.272192,153,0.7766666412353516
1569841104.5692658,154,0.7980555295944214
1569841105.9082415,155,0.7711111307144165
1569841107.2413294,156,0.7989583611488342
1569841108.5598903,157,0.7827777862548828
1569841109.8738525,158,0.7974305748939514
1569841111.1838586,159,0.7968055605888367
1569841112.4995875,160,0.7851389050483704
1569841113.8184533,161,0.7934027910232544
1569841115.1321707,162,0.7921527624130249
1569841116.4420645,163,0.8059027791023254
1569841117.7439017,164,0.8029166460037231
1569841119.0414758,165,0.7934027910232544
1569841120.324194,166,0.7905555367469788
1569841121.599123,167,0.7874305844306946
1569841122.9410038,168,0.7988194227218628
1569841124.2410297,169,0.7878472208976746
1569841125.5533037,170,0.7986805438995361
1569841126.8577917,171,0.7881944179534912
1569841128.1336803,172,0.7798610925674438
1569841129.4068198,173,0.792847216129303
1569841130.6838753,174,0.7934027910232544
1569841131.9989202,175,0.7949305772781372
1569841133.3034327,176,0.7936111092567444
1569841134.579158,177,0.796875
1569841135.8540442,178,0.7903472185134888
1569841137.1601639,179,0.8031250238418579
1569841138.4683917,180,0.7988888621330261
1569841139.794397,181,0.7947221994400024
1569841141.1242998,182,0.7811805605888367
1569841142.429679,183,0.7883333563804626
1569841143.753862,184,0.7826389074325562
1569841145.055286,185,0.7650694251060486
1569841146.3418105,186,0.7850000262260437
1569841147.6445696,187,0.8081944584846497
1569841148.9637105,188,0.7861111164093018
1569841150.2886007,189,0.8072916865348816
1569841151.5946395,190,0.7895833253860474
1569841152.9042718,191,0.7886805534362793
1569841154.2100363,192,0.7833333611488342
1569841155.5195131,193,0.7863888740539551
1569841156.8327715,194,0.7957639098167419
1569841158.1944892,195,0.8027083277702332
1569841159.500992,196,0.785069465637207
1569841160.8108401,197,0.7969444394111633
1569841162.1076987,198,0.8036805391311646
1569841163.417149,199,0.7958333492279053
