Wall time,Step,Value
1569840901.2188919,0,0.4375
1569840902.500967,1,0.49074074625968933
1569840903.7404337,2,0.44598764181137085
1569840905.0013866,3,0.48726850748062134
1569840906.2326033,4,0.5416666865348816
1569840907.467888,5,0.5829475522041321
1569840908.7005565,6,0.5814043283462524
1569840909.942342,7,0.6234567761421204
1569840911.1919286,8,0.6415895223617554
1569840912.4624133,9,0.65625
1569840913.701534,10,0.6365740895271301
1569840914.9462123,11,0.6508487462997437
1569840916.1828887,12,0.6597222089767456
1569840917.4203832,13,0.636188268661499
1569840918.6667342,14,0.6481481194496155
1569840919.917451,15,0.633873462677002
1569840921.202567,16,0.6442901492118835
1569840922.4469142,17,0.6647376418113708
1569840923.689255,18,0.6739969253540039
1569840924.9277434,19,0.6739969253540039
1569840926.1756783,20,0.6724537014961243
1569840927.4308763,21,0.6685956716537476
1569840928.702695,22,0.6500771641731262
1569840929.938006,23,0.6612654328346252
1569840931.1824827,24,0.6747685074806213
1569840932.4255009,25,0.6689814925193787
1569840933.6573544,26,0.6712962985038757
1569840934.911834,27,0.6782407164573669
1569840936.1573794,28,0.6755401492118835
1569840937.4118361,29,0.6840277910232544
1569840938.6570215,30,0.6929012537002563
1569840939.8919437,31,0.6878858208656311
1569840941.1180084,32,0.6890432238578796
1569840942.3472347,33,0.6732252836227417
1569840943.5966258,34,0.6875
1569840944.8420265,35,0.6967592835426331
1569840946.0864177,36,0.7121913433074951
1569840947.3406193,37,0.6921296119689941
1569840948.5718708,38,0.7010030746459961
1569840949.8073952,39,0.7029321193695068
1569840951.0570195,40,0.7013888955116272
1569840952.2926328,41,0.6998456716537476
1569840953.5320487,42,0.7087191343307495
1569840954.7871969,43,0.7037037014961243
1569840956.0269997,44,0.6925154328346252
1569840957.25824,45,0.7017747163772583
1569840958.5004373,46,0.6813271641731262
1569840959.738262,47,0.6952160596847534
1569840960.9861789,48,0.6956018805503845
1569840962.221896,49,0.720678985118866
1569840963.4703557,50,0.7106481194496155
1569840964.708087,51,0.720678985118866
1569840965.9521005,52,0.7037037014961243
1569840967.1910815,53,0.689428985118866
1569840968.4357054,54,0.7175925970077515
1569840969.6726782,55,0.6932870149612427
1569840970.9273634,56,0.6709104776382446
1569840972.16071,57,0.6909722089767456
1569840973.4116664,58,0.7106481194496155
1569840974.6611955,59,0.7260802388191223
1569840975.9047303,60,0.7272376418113708
1569840977.1510549,61,0.7172067761421204
1569840978.3915832,62,0.7091049551963806
1569840979.6278691,63,0.7199074029922485
1569840980.871758,64,0.7260802388191223
1569840982.1124592,65,0.7160493731498718
1569840983.3482957,66,0.7133487462997437
1569840984.5971148,67,0.7241512537002563
1569840985.8326557,68,0.7083333134651184
1569840987.0682275,69,0.7079475522041321
1569840988.3007946,70,0.7152777910232544
1569840989.5422244,71,0.7083333134651184
1569840990.7823384,72,0.7094907164573669
1569840992.0171568,73,0.7195215821266174
1569840993.2618532,74,0.7164351940155029
1569840994.4975965,75,0.7160493731498718
1569840995.7320395,76,0.7226080298423767
1569840996.9625587,77,0.7233796119689941
1569840998.1978803,78,0.7222222089767456
1569840999.442474,79,0.7125771641731262
1569841000.6827812,80,0.7233796119689941
1569841001.928632,81,0.7199074029922485
1569841003.1710596,82,0.7106481194496155
1569841004.4181843,83,0.7129629850387573
1569841005.6510594,84,0.7114197611808777
1569841006.887119,85,0.7307098507881165
1569841008.1261427,86,0.716821014881134
1569841009.3582544,87,0.7226080298423767
1569841010.6073241,88,0.7179784178733826
1569841011.8465428,89,0.7361111044883728
1569841013.086848,90,0.7245370149612427
1569841014.328322,91,0.7202932238578796
1569841015.571889,92,0.7357252836227417
1569841016.8028128,93,0.7326388955116272
1569841018.045997,94,0.7094907164573669
1569841019.2878509,95,0.7353395223617554
1569841020.5673764,96,0.7160493731498718
1569841021.8077397,97,0.7272376418113708
1569841023.052954,98,0.7233796119689941
1569841024.3022141,99,0.7145061492919922
1569841025.5451858,100,0.727623462677002
1569841026.807995,101,0.71875
1569841028.0423605,102,0.7002314925193787
1569841029.278504,103,0.7071759104728699
1569841030.5109048,104,0.7044752836227417
1569841031.7576172,105,0.7021604776382446
1569841033.0075793,106,0.7010030746459961
1569841034.2827027,107,0.7183641791343689
1569841035.5347552,108,0.71875
1569841036.7726092,109,0.7218364477157593
1569841038.0007334,110,0.7148919701576233
1569841039.2374022,111,0.6828703880310059
1569841040.4705763,112,0.7033178806304932
1569841041.7180915,113,0.7125771641731262
1569841042.9508638,114,0.7357252836227417
1569841044.1970568,115,0.709876537322998
1569841045.4478393,116,0.7056326866149902
1569841046.697727,117,0.71875
1569841047.9329078,118,0.6990740895271301
1569841049.1723042,119,0.7125771641731262
1569841050.4220762,120,0.6909722089767456
1569841051.6617436,121,0.7021604776382446
1569841052.9079313,122,0.7326388955116272
1569841054.147997,123,0.7218364477157593
1569841055.3971188,124,0.7214506268501282
1569841056.648713,125,0.7152777910232544
1569841057.8747704,126,0.7106481194496155
1569841059.1125584,127,0.7326388955116272
1569841060.347678,128,0.7148919701576233
1569841061.590705,129,0.7179784178733826
1569841062.8214135,130,0.707561731338501
1569841064.0680382,131,0.6925154328346252
1569841065.3176095,132,0.7129629850387573
1569841066.5544934,133,0.7052469253540039
1569841067.792253,134,0.7002314925193787
1569841069.0286562,135,0.6882715821266174
1569841070.276035,136,0.7087191343307495
1569841071.5178914,137,0.7280092835426331
1569841072.7574055,138,0.7002314925193787
1569841073.9943137,139,0.6956018805503845
1569841075.221557,140,0.696373462677002
1569841076.457694,141,0.7314814925193787
1569841077.6955578,142,0.7137345671653748
1569841078.9419494,143,0.7145061492919922
1569841080.1911747,144,0.7110339403152466
1569841081.435714,145,0.7017747163772583
1569841082.6781816,146,0.7106481194496155
1569841083.9217072,147,0.7025462985038757
1569841085.158576,148,0.6952160596847534
1569841086.4196618,149,0.7102623581886292
1569841087.650282,150,0.6971450448036194
1569841088.881956,151,0.7106481194496155
1569841090.1187062,152,0.7133487462997437
1569841091.347712,153,0.6944444179534912
1569841092.5879307,154,0.6967592835426331
1569841093.844981,155,0.7002314925193787
1569841095.0879498,156,0.6990740895271301
1569841096.3177047,157,0.7010030746459961
1569841097.5613286,158,0.7125771641731262
1569841098.79192,159,0.7071759104728699
1569841100.0304065,160,0.7029321193695068
1569841101.2779355,161,0.7091049551963806
1569841102.5191214,162,0.7106481194496155
1569841103.7577128,163,0.7125771641731262
1569841105.007908,164,0.6956018805503845
1569841106.248349,165,0.6820987462997437
1569841107.4912763,166,0.6967592835426331
1569841108.7264478,167,0.7141203880310059
1569841109.9609835,168,0.7052469253540039
1569841111.197751,169,0.7006173133850098
1569841112.4323974,170,0.709876537322998
1569841113.6683087,171,0.689428985118866
1569841114.9160168,172,0.707561731338501
1569841116.1672873,173,0.6909722089767456
1569841117.4120393,174,0.6859567761421204
1569841118.6482072,175,0.7121913433074951
1569841119.8907073,176,0.6751543283462524
1569841121.1272733,177,0.7233796119689941
1569841122.3765879,178,0.6917438507080078
1569841123.616459,179,0.7079475522041321
1569841124.8590055,180,0.6905864477157593
1569841126.108327,181,0.7079475522041321
1569841127.3482296,182,0.6624228358268738
1569841128.5933657,183,0.6948302388191223
1569841129.8471882,184,0.696373462677002
1569841131.0904992,185,0.6929012537002563
1569841132.3413277,186,0.7040895223617554
1569841133.5906467,187,0.7148919701576233
1569841134.8383794,188,0.6890432238578796
1569841136.0801802,189,0.7191358208656311
1569841137.3227696,190,0.6983024477958679
1569841138.5646517,191,0.6886574029922485
1569841139.8111386,192,0.6875
1569841141.0572472,193,0.7037037014961243
1569841142.3008337,194,0.6952160596847534
1569841143.54786,195,0.685571014881134
1569841144.818677,196,0.7048611044883728
1569841146.088837,197,0.6685956716537476
1569841147.351022,198,0.7010030746459961
1569841148.5919626,199,0.7013888955116272
