Wall time,Step,Value
1569841156.2279735,0,0.24166665971279144
1569841157.444918,1,0.23208333551883698
1569841158.645011,2,0.3243750035762787
1569841159.8486657,3,0.33270832896232605
1569841161.0516753,4,0.3316666781902313
1569841162.2497911,5,0.37833333015441895
1569841163.4490485,6,0.3412500023841858
1569841164.6497464,7,0.42500001192092896
1569841165.8497298,8,0.42791667580604553
1569841167.0526104,9,0.4658333361148834
1569841168.2565513,10,0.5060416460037231
1569841169.463766,11,0.5325000286102295
1569841170.6725237,12,0.4893749952316284
1569841171.889871,13,0.5264583230018616
1569841173.0940354,14,0.5535416603088379
1569841174.2888765,15,0.5358333587646484
1569841175.489631,16,0.5768749713897705
1569841176.6948104,17,0.5818750262260437
1569841177.9073396,18,0.5395833253860474
1569841179.1076143,19,0.6079166531562805
1569841180.327356,20,0.6083333492279053
1569841181.5284903,21,0.6033333539962769
1569841182.7286513,22,0.6552083492279053
1569841183.9283419,23,0.6381250023841858
1569841185.140806,24,0.6489583253860474
1569841186.3469794,25,0.6154166460037231
1569841187.5504198,26,0.6487500071525574
1569841188.7543273,27,0.6775000095367432
1569841189.9596286,28,0.675208330154419
1569841191.159868,29,0.6839583516120911
1569841192.3687499,30,0.6760416626930237
1569841193.5693362,31,0.6818749904632568
1569841194.7730517,32,0.6812499761581421
1569841195.9740784,33,0.6885416507720947
1569841197.1770332,34,0.6854166388511658
1569841198.3792033,35,0.6991666555404663
1569841199.5891242,36,0.6641666889190674
1569841200.794964,37,0.6947916746139526
1569841201.997252,38,0.7145833373069763
1569841203.202612,39,0.6958333253860474
1569841204.4084346,40,0.6931250095367432
1569841205.6175425,41,0.7014583349227905
1569841206.8146334,42,0.7200000286102295
1569841208.0173686,43,0.715416669845581
1569841209.2172155,44,0.7131249904632568
1569841210.4187727,45,0.7116666436195374
1569841211.6195793,46,0.7058333158493042
1569841212.8234117,47,0.7145833373069763
1569841214.0239577,48,0.7347916960716248
1569841215.2230449,49,0.703125
1569841216.424531,50,0.7020833492279053
1569841217.6237924,51,0.6987500190734863
1569841218.8264666,52,0.699791669845581
1569841220.02506,53,0.6704166531562805
1569841221.2197714,54,0.7099999785423279
1569841222.4234047,55,0.6991666555404663
1569841223.6193864,56,0.7068750262260437
1569841224.8173695,57,0.7268750071525574
1569841226.0329416,58,0.7368749976158142
1569841227.2415073,59,0.7202083468437195
1569841228.4489317,60,0.7320833206176758
1569841229.6571321,61,0.7183333039283752
1569841230.86262,62,0.7139583230018616
1569841232.062647,63,0.7250000238418579
1569841233.264325,64,0.721875011920929
1569841234.4746308,65,0.7462499737739563
1569841235.708696,66,0.7441666722297668
1569841236.9343505,67,0.7412499785423279
1569841238.1448035,68,0.7406250238418579
1569841239.344126,69,0.7325000166893005
1569841240.5434663,70,0.7385416626930237
1569841241.7449398,71,0.75020831823349
1569841242.9445179,72,0.7602083086967468
1569841244.1425025,73,0.6889583468437195
1569841245.343622,74,0.7383333444595337
1569841246.5438886,75,0.7260416746139526
1569841247.7447186,76,0.7347916960716248
1569841248.9439867,77,0.73416668176651
1569841250.1490417,78,0.7477083206176758
1569841251.354601,79,0.7291666865348816
1569841252.5539787,80,0.7143750190734863
1569841253.7526016,81,0.715624988079071
1569841254.9551063,82,0.7318750023841858
1569841256.1548555,83,0.7672916650772095
1569841257.3587298,84,0.7333333492279053
1569841258.5633442,85,0.7581250071525574
1569841259.7649455,86,0.7802083492279053
1569841260.9775121,87,0.7558333277702332
1569841262.1848078,88,0.7618749737739563
1569841263.388799,89,0.7877083420753479
1569841264.5875614,90,0.7643749713897705
1569841265.7897587,91,0.7637500166893005
1569841266.9897587,92,0.7639583349227905
1569841268.1894896,93,0.7297916412353516
1569841269.3895395,94,0.7491666674613953
1569841270.5932012,95,0.7556250095367432
1569841271.8078861,96,0.7610416412353516
1569841273.006325,97,0.7660416960716248
1569841274.224071,98,0.7416666746139526
1569841275.4242506,99,0.7702083587646484
1569841276.624805,100,0.7558333277702332
1569841277.8280563,101,0.7677083611488342
1569841279.028812,102,0.7795833349227905
1569841280.2440264,103,0.7754166722297668
1569841281.4456651,104,0.7908333539962769
1569841282.6539927,105,0.7570833563804626
1569841283.849341,106,0.7768750190734863
1569841285.0548418,107,0.7599999904632568
1569841286.2540348,108,0.7645833492279053
1569841287.4543273,109,0.7660416960716248
1569841288.6545954,110,0.7877083420753479
1569841289.862492,111,0.78104168176651
1569841291.063259,112,0.778124988079071
1569841292.2631779,113,0.7708333134651184
1569841293.4708052,114,0.777916669845581
1569841294.6789734,115,0.7943750023841858
1569841295.8766937,116,0.762499988079071
1569841297.07791,117,0.7737500071525574
1569841298.274404,118,0.7747916579246521
1569841299.475098,119,0.7431250214576721
1569841300.679142,120,0.7768750190734863
1569841301.882335,121,0.7837499976158142
1569841303.087713,122,0.762708306312561
1569841304.2883024,123,0.7645833492279053
1569841305.4932208,124,0.765625
1569841306.7095826,125,0.793958306312561
1569841307.9184988,126,0.7722916603088379
1569841309.1187027,127,0.8072916865348816
1569841310.3280647,128,0.784583330154419
1569841311.5333984,129,0.7295833230018616
1569841312.738935,130,0.7710416913032532
1569841313.9448602,131,0.7666666507720947
1569841315.1441815,132,0.7702083587646484
1569841316.3474836,133,0.7641666531562805
1569841317.5447009,134,0.7681249976158142
1569841318.7482316,135,0.7464583516120911
1569841319.9640894,136,0.7774999737739563
1569841321.167997,137,0.7670833468437195
1569841322.3731449,138,0.7635416388511658
1569841323.5725174,139,0.7679166793823242
1569841324.776302,140,0.7720833420753479
1569841325.9973469,141,0.777916669845581
1569841327.2091274,142,0.7722916603088379
1569841328.4109712,143,0.762499988079071
1569841329.622651,144,0.7527083158493042
1569841330.8283865,145,0.7749999761581421
1569841332.0432293,146,0.7739583253860474
1569841333.2660172,147,0.7631250023841858
1569841334.469468,148,0.7562500238418579
1569841335.6748981,149,0.7516666650772095
1569841336.8769393,150,0.7831249833106995
1569841338.0842927,151,0.75
1569841339.3015895,152,0.7960416674613953
1569841340.5353074,153,0.7589583396911621
1569841341.7374845,154,0.7820833325386047
1569841342.9391594,155,0.7804166674613953
1569841344.1395977,156,0.7722916603088379
1569841345.3398614,157,0.7727083563804626
1569841346.543673,158,0.7733333110809326
1569841347.7440004,159,0.7649999856948853
1569841348.9493396,160,0.7791666388511658
1569841350.1590445,161,0.7512500286102295
1569841351.3590138,162,0.7860416769981384
1569841352.5686455,163,0.762499988079071
1569841353.7682283,164,0.7599999904632568
1569841354.9748633,165,0.7593749761581421
1569841356.1789365,166,0.7825000286102295
1569841357.3890398,167,0.7747916579246521
1569841358.6146355,168,0.7866666913032532
1569841359.8340733,169,0.7766666412353516
1569841361.034701,170,0.7866666913032532
1569841362.238965,171,0.7758333086967468
1569841363.4444096,172,0.7512500286102295
1569841364.6433861,173,0.762499988079071
1569841365.8474176,174,0.7743750214576721
1569841367.0533779,175,0.7820833325386047
1569841368.2795315,176,0.7568749785423279
1569841369.4934914,177,0.7677083611488342
1569841370.7108645,178,0.7581250071525574
1569841371.9248266,179,0.762291669845581
1569841373.124268,180,0.7852083444595337
1569841374.350723,181,0.7574999928474426
1569841375.5570908,182,0.753333330154419
1569841376.7629337,183,0.7754166722297668
1569841377.9684727,184,0.7712500095367432
1569841379.1691065,185,0.7795833349227905
1569841380.3816926,186,0.78145831823349
1569841381.5885136,187,0.777916669845581
1569841382.7986884,188,0.7858333587646484
1569841384.0030832,189,0.7739583253860474
1569841385.208645,190,0.7608333230018616
1569841386.4145424,191,0.7887499928474426
1569841387.6187277,192,0.7727083563804626
1569841388.8198235,193,0.7337499856948853
1569841390.048054,194,0.7708333134651184
1569841391.2540724,195,0.7774999737739563
1569841392.4750116,196,0.7893750071525574
1569841393.6750507,197,0.7731249928474426
1569841394.8839438,198,0.7795833349227905
1569841396.0927718,199,0.7554166913032532
