Wall time,Step,Value
1569840869.6200798,0,0.3461538553237915
1569840870.920519,1,0.3774038553237915
1569840872.229645,2,0.38942307233810425
1569840873.568842,3,0.38621795177459717
1569840874.8879206,4,0.3830128312110901
1569840876.2266245,5,0.4270833432674408
1569840877.5436406,6,0.41506409645080566
1569840878.8802705,7,0.40464743971824646
1569840880.2007658,8,0.5032051205635071
1569840881.5374036,9,0.49038460850715637
1569840882.8801465,10,0.49919870495796204
1569840884.1611435,11,0.5464743375778198
1569840885.4648755,12,0.5512820482254028
1569840886.7341561,13,0.5953525900840759
1569840888.0231903,14,0.6394230723381042
1569840889.2954884,15,0.625
1569840890.561505,16,0.6073718070983887
1569840891.7913911,17,0.5945512652397156
1569840893.0312045,18,0.6105769276618958
1569840894.2910693,19,0.6570512652397156
1569840895.558783,20,0.6698718070983887
1569840896.796852,21,0.6626602411270142
1569840898.0320508,22,0.682692289352417
1569840899.2717965,23,0.6522436141967773
1569840900.5373328,24,0.6690705418586731
1569840901.797961,25,0.6746794581413269
1569840903.0575998,26,0.7043269276618958
1569840904.2916179,27,0.6634615659713745
1569840905.534309,28,0.6907051205635071
1569840906.7581422,29,0.7027243375778198
1569840908.0019453,30,0.6915063858032227
1569840909.2451422,31,0.7099359035491943
1569840910.5017328,32,0.6891025900840759
1569840911.734256,33,0.7387820482254028
1569840913.000749,34,0.6939102411270142
1569840914.2343993,35,0.6947115659713745
1569840915.484474,36,0.7003205418586731
1569840916.7309155,37,0.7099359035491943
1569840917.9971402,38,0.7035256624221802
1569840919.2322233,39,0.7147436141967773
1569840920.4768944,40,0.7267628312110901
1569840921.725564,41,0.7107371687889099
1569840922.9774482,42,0.7251602411270142
1569840924.2182431,43,0.6810897588729858
1569840925.4871197,44,0.7011218070983887
1569840926.7621195,45,0.7083333134651184
1569840928.0013947,46,0.7051281929016113
1569840929.2513154,47,0.6786859035491943
1569840930.4914577,48,0.6891025900840759
1569840931.7420652,49,0.6850961446762085
1569840932.972383,50,0.6738781929016113
1569840934.2117164,51,0.6995192170143127
1569840935.4815865,52,0.6899038553237915
1569840936.7377284,53,0.7171474099159241
1569840937.9762475,54,0.6995192170143127
1569840939.2317903,55,0.7003205418586731
1569840940.4864366,56,0.6915063858032227
1569840941.742568,57,0.7011218070983887
1569840942.9964879,58,0.7075320482254028
1569840944.256585,59,0.7315705418586731
1569840945.5178425,60,0.7115384340286255
1569840946.7840207,61,0.692307710647583
1569840948.0213299,62,0.7283653616905212
1569840949.2651482,63,0.7003205418586731
1569840950.529157,64,0.7083333134651184
1569840951.7898417,65,0.6931089758872986
1569840953.0373867,66,0.745192289352417
1569840954.2620785,67,0.7091346383094788
1569840955.522764,68,0.7203525900840759
1569840956.7772837,69,0.7019230723381042
1569840958.0032973,70,0.7091346383094788
1569840959.23126,71,0.7259615659713745
1569840960.489114,72,0.6979166865348816
1569840961.7425091,73,0.6963140964508057
1569840963.0055857,74,0.6987179517745972
1569840964.2700155,75,0.7011218070983887
1569840965.5206985,76,0.7019230723381042
1569840966.758553,77,0.7307692170143127
1569840968.0193582,78,0.7083333134651184
1569840969.271109,79,0.7091346383094788
1569840970.5319927,80,0.7131410241127014
1569840971.7714362,81,0.7267628312110901
1569840973.0127451,82,0.6915063858032227
1569840974.2786157,83,0.7379807829856873
1569840975.5429223,84,0.7155448794364929
1569840976.784996,85,0.7131410241127014
1569840978.0471766,86,0.7091346383094788
1569840979.301819,87,0.7379807829856873
1569840980.5259988,88,0.7516025900840759
1569840981.7527328,89,0.75
1569840982.9944706,90,0.7419871687889099
1569840984.2366924,91,0.7267628312110901
1569840985.475399,92,0.7155448794364929
1569840986.7222352,93,0.7307692170143127
1569840987.988973,94,0.6979166865348816
1569840989.2527144,95,0.7131410241127014
1569840990.511841,96,0.713942289352417
1569840991.7387607,97,0.7435897588729858
1569840992.971693,98,0.7403846383094788
1569840994.2047837,99,0.6971153616905212
1569840995.4520268,100,0.7203525900840759
1569840996.7074046,101,0.7251602411270142
1569840997.938621,102,0.7516025900840759
1569840999.180612,103,0.7131410241127014
1569841000.414219,104,0.7163461446762085
1569841001.6792862,105,0.7275640964508057
1569841002.940719,106,0.7283653616905212
1569841004.187017,107,0.7299679517745972
1569841005.430759,108,0.7283653616905212
1569841006.6874723,109,0.7131410241127014
1569841007.9467967,110,0.7211538553237915
1569841009.1816351,111,0.7179487347602844
1569841010.411465,112,0.7403846383094788
1569841011.6673563,113,0.723557710647583
1569841012.9326284,114,0.7435897588729858
1569841014.1730614,115,0.7371794581413269
1569841015.4227414,116,0.7195512652397156
1569841016.690493,117,0.7395833134651184
1569841017.951649,118,0.7043269276618958
1569841019.1913679,119,0.745192289352417
1569841020.4118772,120,0.7411859035491943
1569841021.6521387,121,0.723557710647583
1569841022.8956482,122,0.7219551205635071
1569841024.1521478,123,0.723557710647583
1569841025.3883774,124,0.7299679517745972
1569841026.6525443,125,0.7267628312110901
1569841027.89634,126,0.7556089758872986
1569841029.1465726,127,0.7091346383094788
1569841030.3749094,128,0.7435897588729858
1569841031.638064,129,0.7419871687889099
1569841032.8969831,130,0.7091346383094788
1569841034.159053,131,0.7371794581413269
1569841035.4110842,132,0.7179487347602844
1569841036.6457598,133,0.7211538553237915
1569841037.8975875,134,0.7443910241127014
1569841039.1315088,135,0.7403846383094788
1569841040.3868258,136,0.7259615659713745
1569841041.6610887,137,0.7363781929016113
1569841042.899453,138,0.7211538553237915
1569841044.1415427,139,0.7227563858032227
1569841045.3927193,140,0.7403846383094788
1569841046.6383977,141,0.7475961446762085
1569841047.876146,142,0.7387820482254028
1569841049.1181388,143,0.7387820482254028
1569841050.3582098,144,0.7203525900840759
1569841051.591483,145,0.7147436141967773
1569841052.8209343,146,0.7275640964508057
1569841054.0730395,147,0.7475961446762085
1569841055.3227751,148,0.7508012652397156
1569841056.562177,149,0.7443910241127014
1569841057.8008916,150,0.7371794581413269
1569841059.042789,151,0.7475961446762085
1569841060.2726183,152,0.7556089758872986
1569841061.5031352,153,0.7411859035491943
1569841062.7322874,154,0.7355769276618958
1569841063.9772954,155,0.7467948794364929
1569841065.221623,156,0.7419871687889099
1569841066.487839,157,0.7475961446762085
1569841067.7475793,158,0.7331730723381042
1569841068.971893,159,0.7355769276618958
1569841070.2111924,160,0.7363781929016113
1569841071.4730642,161,0.7483974099159241
1569841072.7077234,162,0.7427884340286255
1569841073.9515274,163,0.7596153616905212
1569841075.1950724,164,0.7411859035491943
1569841076.4520116,165,0.7435897588729858
1569841077.7079725,166,0.7347756624221802
1569841078.962876,167,0.7491987347602844
1569841080.2056043,168,0.7323718070983887
1569841081.449141,169,0.7628205418586731
1569841082.7057817,170,0.7796474099159241
1569841083.9628139,171,0.7467948794364929
1569841085.2363832,172,0.7443910241127014
1569841086.4926903,173,0.7267628312110901
1569841087.755481,174,0.7459936141967773
1569841089.0119696,175,0.7115384340286255
1569841090.265047,176,0.7660256624221802
1569841091.5224986,177,0.7620192170143127
1569841092.7775578,178,0.7491987347602844
1569841094.0362175,179,0.7323718070983887
1569841095.301633,180,0.7107371687889099
1569841096.5325327,181,0.7435897588729858
1569841097.7966793,182,0.7395833134651184
1569841099.026289,183,0.7331730723381042
1569841100.2583268,184,0.7467948794364929
1569841101.5237942,185,0.745192289352417
1569841102.754801,186,0.7532051205635071
1569841104.0069602,187,0.7459936141967773
1569841105.2619479,188,0.7612179517745972
1569841106.5058954,189,0.745192289352417
1569841107.7452257,190,0.7387820482254028
1569841108.9861367,191,0.7379807829856873
1569841110.2165432,192,0.7475961446762085
1569841111.4768178,193,0.7572115659713745
1569841112.7274384,194,0.7564102411270142
1569841113.9861977,195,0.7419871687889099
1569841115.246134,196,0.7516025900840759
1569841116.4840503,197,0.7508012652397156
1569841117.7442265,198,0.7620192170143127
1569841118.9870722,199,0.754807710647583
