Wall time,Step,Value
1569840868.9717574,0,0.2820010483264923
1569840870.2383847,1,0.3022466003894806
1569840871.4721253,2,0.3595219552516937
1569840872.7052302,3,0.3578239381313324
1569840873.9345393,4,0.3814328610897064
1569840875.165021,5,0.4277690649032593
1569840876.3936238,6,0.3682405948638916
1569840877.6220176,7,0.3634404242038727
1569840878.8657553,8,0.3631465435028076
1569840880.0958328,9,0.4037356376647949
1569840881.3296578,10,0.42789968848228455
1569840882.5693686,11,0.477011501789093
1569840883.7950275,12,0.5167189240455627
1569840885.027863,13,0.5312826633453369
1569840886.2652187,14,0.5416340231895447
1569840887.5002816,15,0.5321643352508545
1569840888.733839,16,0.582288384437561
1569840889.965853,17,0.589929461479187
1569840891.200531,18,0.6063218116760254
1569840892.4650695,19,0.6366248726844788
1569840893.7049792,20,0.6614746451377869
1569840894.931638,21,0.6775078177452087
1569840896.1652234,22,0.6533764600753784
1569840897.397154,23,0.6514171957969666
1569840898.6304176,24,0.6866836547851562
1569840899.8616107,25,0.674797534942627
1569840901.0894713,26,0.6570990085601807
1569840902.3189704,27,0.6956308484077454
1569840903.560555,28,0.6943899989128113
1569840904.797432,29,0.7050352692604065
1569840906.0273798,30,0.7214276194572449
1569840907.2590833,31,0.7274033427238464
1569840908.4897017,32,0.711664080619812
1569840909.7364864,33,0.7425548434257507
1569840910.9737985,34,0.7233868837356567
1569840912.2015314,35,0.7485305666923523
1569840913.4389944,36,0.7367097735404968
1569840914.671435,37,0.7214929461479187
1569840915.8972077,38,0.7309626340866089
1569840917.130744,39,0.7265216708183289
1569840918.3650942,40,0.7542777061462402
1569840919.6014678,41,0.7478774785995483
1569840920.8336933,42,0.7237460613250732
1569840922.0602973,43,0.7496081590652466
1569840923.290353,44,0.7548654675483704
1569840924.5229113,45,0.7479428052902222
1569840925.7534614,46,0.733444333076477
1569840926.981274,47,0.7470611333847046
1569840928.2074432,48,0.737297534942627
1569840929.441709,49,0.7656413316726685
1569840930.6707814,50,0.7734456658363342
1569840931.9024186,51,0.755812406539917
1569840933.1419957,52,0.7388976216316223
1569840934.3705966,53,0.760906457901001
1569840935.6091166,54,0.7592411041259766
1569840936.8401604,55,0.7469958066940308
1569840938.0691009,56,0.7388322949409485
1569840939.2951703,57,0.738538384437561
1569840940.51909,58,0.7614942789077759
1569840941.7478683,59,0.736644446849823
1569840942.9807425,60,0.7636820673942566
1569840944.2393928,61,0.769723117351532
1569840945.4719033,62,0.7529062032699585
1569840946.700805,63,0.762082040309906
1569840947.931587,64,0.7517306804656982
1569840949.1594434,65,0.7382445335388184
1569840950.3890429,66,0.7413139939308167
1569840951.6272836,67,0.7552899718284607
1569840952.8638575,68,0.7322688102722168
1569840954.0891962,69,0.7511429190635681
1569840955.3155746,70,0.7612003684043884
1569840956.5509617,71,0.7369383573532104
1569840957.786209,72,0.7445141077041626
1569840959.0338013,73,0.7278278470039368
1569840960.2760546,74,0.7378852963447571
1569840961.509113,75,0.7714864015579224
1569840962.7444806,76,0.763453483581543
1569840963.9722736,77,0.7559430599212646
1569840965.1989946,78,0.7416731715202332
1569840966.425051,79,0.7218521237373352
1569840967.6552167,80,0.734032154083252
1569840968.8914971,81,0.7523837685585022
1569840970.1274436,82,0.7520898580551147
1569840971.354858,83,0.7306034564971924
1569840972.5903993,84,0.7543429732322693
1569840973.8179827,85,0.7451018691062927
1569840975.3935826,86,0.7453957796096802
1569840976.6231809,87,0.7448732852935791
1569840977.8536463,88,0.7413139939308167
1569840979.0837195,89,0.7492489814758301
1569840980.3170965,90,0.7353382706642151
1569840981.5536087,91,0.7472897171974182
1569840982.7920341,92,0.7633882164955139
1569840984.0231562,93,0.741085410118103
1569840985.2536564,94,0.7363505959510803
1569840986.4841685,95,0.7513715028762817
1569840987.7177181,96,0.7363505959510803
1569840988.96437,97,0.767829179763794
1569840990.19774,98,0.7483019828796387
1569840991.4305851,99,0.7416731715202332
1569840992.6788766,100,0.7422609925270081
1569840993.9319396,101,0.7470611333847046
1569840995.163459,102,0.758359432220459
1569840996.3906813,103,0.7530368566513062
1569840997.6172976,104,0.7439263463020325
1569840998.8406525,105,0.74036705493927
1569841000.071393,106,0.7608411908149719
1569841001.3107045,107,0.7477142214775085
1569841002.5448086,108,0.7710292339324951
1569841003.771839,109,0.735991358757019
1569841005.0029156,110,0.7577064037322998
1569841006.2317939,111,0.7615595459938049
1569841007.4795043,112,0.7618534564971924
1569841008.7183197,113,0.7288401126861572
1569841009.9493778,114,0.7435671091079712
1569841011.1802347,115,0.7713231444358826
1569841012.4145129,116,0.7485958933830261
1569841013.6402292,117,0.7681230306625366
1569841014.8710063,118,0.742914080619812
1569841016.1144958,119,0.7414446473121643
1569841017.3471344,120,0.7589472532272339
1569841018.5820098,121,0.7369383573532104
1569841019.8148928,122,0.7441549301147461
1569841021.053618,123,0.7536899447441101
1569841022.285038,124,0.7338035702705383
1569841023.5242157,125,0.7592411041259766
1569841024.7719975,126,0.7457549571990967
1569841026.0050578,127,0.7694292068481445
1569841027.2431376,128,0.7438610196113586
1569841028.479708,129,0.7565308213233948
1569841029.7270813,130,0.7413139939308167
1569841030.9809196,131,0.7540491223335266
1569841032.2172887,132,0.7442201972007751
1569841033.4508514,133,0.7463427186012268
1569841034.6800754,134,0.7555185556411743
1569841035.9078681,135,0.7614942789077759
1569841037.1377866,136,0.7335749864578247
1569841038.3751538,137,0.7203174233436584
1569841039.6050315,138,0.7287748456001282
1569841040.8372326,139,0.7488897442817688
1569841042.0693986,140,0.7400731444358826
1569841043.308974,141,0.7338035702705383
1569841044.543831,142,0.765282154083252
1569841045.7873132,143,0.7450366020202637
1569841047.0213804,144,0.763975977897644
1569841048.2538378,145,0.7325627207756042
1569841049.4878662,146,0.7548654675483704
1569841050.724405,147,0.7523184418678284
1569841051.955677,148,0.7445141077041626
1569841053.1923716,149,0.7537552118301392
1569841054.4273405,150,0.7441549301147461
1569841055.665341,151,0.7287748456001282
1569841056.8904626,152,0.764629065990448
1569841058.1153228,153,0.7253461480140686
1569841059.3441987,154,0.7407262325286865
1569841060.5770848,155,0.7457549571990967
1569841061.807942,156,0.7526776194572449
1569841063.0541844,157,0.7439263463020325
1569841064.284979,158,0.7391261458396912
1569841065.517407,159,0.7293626070022583
1569841066.751627,160,0.7630943059921265
1569841067.99362,161,0.7469958066940308
1569841069.2239316,162,0.7439263463020325
1569841070.4574316,163,0.7630943059921265
1569841071.6936686,164,0.7387669682502747
1569841072.9273586,165,0.7419670820236206
1569841074.160838,166,0.734097421169281
1569841075.3923123,167,0.7446773648262024
1569841076.6290805,168,0.7360566854476929
1569841077.857436,169,0.7460488677024841
1569841079.0850542,170,0.7495428323745728
1569841080.3221238,171,0.7479428052902222
1569841081.5534034,172,0.7652168273925781
1569841082.7910066,173,0.7388322949409485
1569841084.020558,174,0.7375914454460144
1569841085.2715936,175,0.7451018691062927
1569841086.5024223,176,0.7526776194572449
1569841087.737288,177,0.7369383573532104
1569841088.9730406,178,0.7428487539291382
1569841090.1944335,179,0.737297534942627
1569841091.420705,180,0.7488897442817688
1569841092.6752949,181,0.7432079315185547
1569841093.941098,182,0.7397792339324951
1569841095.1696868,183,0.7510122656822205
1569841096.40732,184,0.760906457901001
1569841097.6428704,185,0.7397139668464661
1569841098.882886,186,0.7529715299606323
1569841100.1227486,187,0.7445141077041626
1569841101.349578,188,0.7357627749443054
1569841102.59803,189,0.7432732582092285
1569841103.8353157,190,0.7469958066940308
1569841105.0678248,191,0.7451018691062927
1569841106.3007917,192,0.7338035702705383
1569841107.5377905,193,0.7485958933830261
1569841108.785265,194,0.7498367428779602
1569841110.015304,195,0.7132641077041626
1569841111.2416637,196,0.7548654675483704
1569841112.4770381,197,0.7338035702705383
1569841113.710828,198,0.7338035702705383
1569841114.9452908,199,0.739191472530365
