Wall time,Step,Value
1569840840.444864,0,0.3858506977558136
1569840841.7489963,1,0.3663194477558136
1569840843.005424,2,0.4674479067325592
1569840844.272344,3,0.4787326455116272
1569840845.534308,4,0.4809027910232544
1569840846.808806,5,0.5403645634651184
1569840848.0895374,6,0.5416666865348816
1569840849.3778799,7,0.5685763955116272
1569840850.6675143,8,0.5746527910232544
1569840851.9433424,9,0.5868055820465088
1569840853.2232602,10,0.5629340410232544
1569840854.5165572,11,0.5681423544883728
1569840855.798045,12,0.5915798544883728
1569840857.0869641,13,0.5972222089767456
1569840858.3847275,14,0.5872395634651184
1569840859.6833029,15,0.6414930820465088
1569840860.9793606,16,0.6519097089767456
1569840862.2668395,17,0.6566840410232544
1569840863.5691204,18,0.6571180820465088
1569840864.8591301,19,0.6427951455116272
1569840866.1339054,20,0.6636284589767456
1569840867.4245243,21,0.6427951455116272
1569840868.7235565,22,0.6605902910232544
1569840870.0191333,23,0.6749131679534912
1569840871.3123298,24,0.6901041865348816
1569840872.606272,25,0.6979166865348816
1569840873.8996696,26,0.6749131679534912
1569840875.2034194,27,0.6931423544883728
1569840876.5016603,28,0.6853298544883728
1569840877.786254,29,0.6870659589767456
1569840879.083597,30,0.6979166865348816
1569840880.3774664,31,0.7191840410232544
1569840881.6775763,32,0.7139756679534912
1569840882.9728744,33,0.7248263955116272
1569840884.2713351,34,0.7413194179534912
1569840885.5621798,35,0.7395833134651184
1569840886.8497877,36,0.7291666865348816
1569840888.1396954,37,0.7439236044883728
1569840889.432022,38,0.7443576455116272
1569840890.728501,39,0.7534722089767456
1569840892.0136967,40,0.7526041865348816
1569840893.305248,41,0.7699652910232544
1569840894.5997152,42,0.7578125
1569840895.887321,43,0.7699652910232544
1569840897.17358,44,0.7764756679534912
1569840898.468037,45,0.76171875
1569840899.7713594,46,0.7625868320465088
1569840901.065601,47,0.7638888955116272
1569840902.367058,48,0.77734375
1569840903.6646593,49,0.7756076455116272
1569840904.9726915,50,0.7769097089767456
1569840906.2737045,51,0.7777777910232544
1569840907.5733786,52,0.7717013955116272
1569840908.8767154,53,0.7760416865348816
1569840910.169536,54,0.7717013955116272
1569840911.4669557,55,0.7825520634651184
1569840912.7776449,56,0.76171875
1569840914.0692847,57,0.7842881679534912
1569840915.376571,58,0.7677951455116272
1569840916.6726332,59,0.7925347089767456
1569840917.9712827,60,0.7860243320465088
1569840919.2578962,61,0.7821180820465088
1569840920.555879,62,0.7834201455116272
1569840921.8545432,63,0.8020833134651184
1569840923.128264,64,0.7864583134651184
1569840924.418064,65,0.7955729365348816
1569840925.7290099,66,0.7821180820465088
1569840927.0278401,67,0.7877604365348816
1569840928.3213692,68,0.7838541865348816
1569840929.6093583,69,0.7981770634651184
1569840930.9057877,70,0.7855902910232544
1569840932.207182,71,0.7803819179534912
1569840933.5035307,72,0.7981770634651184
1569840934.795521,73,0.796875
1569840936.0926213,74,0.8059895634651184
1569840937.3863344,75,0.7964409589767456
1569840938.664559,76,0.7907986044883728
1569840939.963412,77,0.8077256679534912
1569840941.2580554,78,0.8029513955116272
1569840942.5462422,79,0.7990451455116272
1569840943.8373291,80,0.7986111044883728
1569840945.1351762,81,0.80078125
1569840946.4274802,82,0.7903645634651184
1569840947.7116299,83,0.8111979365348816
1569840948.9839168,84,0.7986111044883728
1569840950.2585833,85,0.8142361044883728
1569840951.5595353,86,0.7960069179534912
1569840952.8634224,87,0.8012152910232544
1569840954.1607754,88,0.7808159589767456
1569840955.4427083,89,0.7951388955116272
1569840956.703643,90,0.7960069179534912
1569840957.957288,91,0.8111979365348816
1569840959.2131865,92,0.7986111044883728
1569840960.4734223,93,0.7921006679534912
1569840961.7691638,94,0.79296875
1569840963.0373204,95,0.8012152910232544
1569840964.3293283,96,0.7986111044883728
1569840965.614369,97,0.8033854365348816
1569840966.877809,98,0.8068576455116272
1569840968.1413307,99,0.7894965410232544
1569840969.3977659,100,0.8107638955116272
1569840970.6526198,101,0.8068576455116272
1569840971.90967,102,0.8068576455116272
1569840973.1634293,103,0.7760416865348816
1569840974.4383495,104,0.8103298544883728
1569840975.7025414,105,0.8016493320465088
1569840976.9609373,106,0.7947048544883728
1569840978.2152655,107,0.7795138955116272
1569840979.4682524,108,0.8042534589767456
1569840980.722174,109,0.7925347089767456
1569840981.9717903,110,0.7890625
1569840983.2234435,111,0.7986111044883728
1569840984.4850874,112,0.7964409589767456
1569840985.7425349,113,0.8155381679534912
1569840987.00267,114,0.7734375
1569840988.2627847,115,0.8051215410232544
1569840989.527336,116,0.8077256679534912
1569840990.7889955,117,0.8125
1569840992.0474184,118,0.8077256679534912
1569840993.3052483,119,0.7790798544883728
1569840994.567316,120,0.7838541865348816
1569840995.821008,121,0.8055555820465088
1569840997.0728865,122,0.8003472089767456
1569840998.3264291,123,0.7829861044883728
1569840999.5821989,124,0.7934027910232544
1569841000.854056,125,0.7782118320465088
1569841002.1473708,126,0.8042534589767456
1569841003.4334435,127,0.7955729365348816
1569841004.7236638,128,0.8038194179534912
1569841005.9897344,129,0.7899305820465088
1569841007.2518275,130,0.8003472089767456
1569841008.5073972,131,0.7864583134651184
1569841009.759726,132,0.7886284589767456
1569841011.0137975,133,0.7690972089767456
1569841012.2697065,134,0.7660590410232544
1569841013.5262055,135,0.7960069179534912
1569841014.782745,136,0.7921006679534912
1569841016.0731468,137,0.7777777910232544
1569841017.365971,138,0.7990451455116272
1569841018.6553235,139,0.7842881679534912
1569841019.9484773,140,0.7942708134651184
1569841021.239723,141,0.7769097089767456
1569841022.5348878,142,0.7894965410232544
1569841023.8247807,143,0.8111979365348816
1569841025.1284907,144,0.7960069179534912
1569841026.4147377,145,0.7873263955116272
1569841027.6986036,146,0.7912326455116272
1569841028.994668,147,0.7981770634651184
1569841030.2880423,148,0.7951388955116272
1569841031.5731115,149,0.7907986044883728
1569841032.8683174,150,0.7899305820465088
1569841034.1579902,151,0.7864583134651184
1569841035.4646082,152,0.7847222089767456
1569841036.7593253,153,0.7899305820465088
1569841038.0534415,154,0.7795138955116272
1569841039.3465335,155,0.7877604365348816
1569841040.6327093,156,0.7964409589767456
1569841041.8923454,157,0.7743055820465088
1569841043.2077026,158,0.7894965410232544
1569841044.5034363,159,0.7712673544883728
1569841045.7971852,160,0.7960069179534912
1569841047.0816028,161,0.7764756679534912
1569841048.3360443,162,0.7916666865348816
1569841049.5911193,163,0.7886284589767456
1569841050.8514655,164,0.7756076455116272
1569841052.1233385,165,0.7782118320465088
1569841053.4132102,166,0.7925347089767456
1569841054.7027383,167,0.78515625
1569841055.9817197,168,0.8033854365348816
1569841057.2459092,169,0.8029513955116272
1569841058.535406,170,0.7886284589767456
1569841059.7861829,171,0.7816840410232544
1569841061.0409467,172,0.7790798544883728
1569841062.2972746,173,0.7842881679534912
1569841063.5570943,174,0.7912326455116272
1569841064.818033,175,0.7829861044883728
1569841066.076066,176,0.7981770634651184
1569841067.3370104,177,0.80078125
1569841068.5930228,178,0.7899305820465088
1569841069.869335,179,0.79296875
1569841071.1621983,180,0.8003472089767456
1569841072.4527647,181,0.7738715410232544
1569841073.7150235,182,0.7942708134651184
1569841074.9761598,183,0.7894965410232544
1569841076.2310092,184,0.7938368320465088
1569841077.499688,185,0.8072916865348816
1569841078.762594,186,0.7847222089767456
1569841080.0239236,187,0.8055555820465088
1569841081.2919188,188,0.7994791865348816
1569841082.5554717,189,0.796875
1569841083.8152034,190,0.7873263955116272
1569841085.073746,191,0.7921006679534912
1569841086.3454027,192,0.7821180820465088
1569841087.603353,193,0.7907986044883728
1569841088.8933067,194,0.7786458134651184
1569841090.1837635,195,0.7881944179534912
1569841091.483692,196,0.7899305820465088
1569841092.7618861,197,0.7994791865348816
1569841094.053422,198,0.7942708134651184
1569841095.3356338,199,0.8029513955116272
