Wall time,Step,Value
1569841137.2536576,0,0.3432362973690033
1569841138.5746021,1,0.35338184237480164
1569841139.8651817,2,0.39910101890563965
1569841141.15508,3,0.4971746504306793
1569841142.4505477,4,0.5512842535972595
1569841143.7391157,5,0.5901541113853455
1569841145.0290906,6,0.6099457740783691
1569841146.2979407,7,0.6071489453315735
1569841147.5732186,8,0.5947060585021973
1569841148.8588552,9,0.5915239453315735
1569841150.1184323,10,0.6057791113853455
1569841151.3927097,11,0.6006278395652771
1569841152.6814382,12,0.591252863407135
1569841153.9760957,13,0.6158105134963989
1569841155.272334,14,0.6286386847496033
1569841156.5707366,15,0.6147688627243042
1569841157.8649366,16,0.620690643787384
1569841159.1662922,17,0.6311643719673157
1569841160.4589224,18,0.6324771642684937
1569841161.7545314,19,0.648758590221405
1569841163.0541308,20,0.6830765008926392
1569841164.3481038,21,0.6802796721458435
1569841165.6352973,22,0.6789098381996155
1569841166.9287288,23,0.679180920124054
1569841168.2117665,24,0.6847745180130005
1569841169.4963372,25,0.6798943877220154
1569841170.7534552,26,0.6856592297554016
1569841172.0189335,27,0.6869149804115295
1569841173.2784474,28,0.7048944234848022
1569841174.5556903,29,0.6827482581138611
1569841175.836433,30,0.683190643787384
1569841177.132313,31,0.6923944354057312
1569841178.4290743,32,0.6937642693519592
1569841179.7409594,33,0.7056078910827637
1569841181.0341747,34,0.6891552805900574
1569841182.3353498,35,0.7013270258903503
1569841183.6286428,36,0.70149827003479
1569841184.917908,37,0.6954623460769653
1569841186.1761587,38,0.6958476305007935
1569841187.451283,39,0.7143265008926392
1569841188.743002,40,0.7066495418548584
1569841190.029341,41,0.7024828791618347
1569841191.3209672,42,0.7214469313621521
1569841192.6146204,43,0.721561074256897
1569841193.911065,44,0.7230451107025146
1569841195.2062995,45,0.7181078791618347
1569841196.5044565,46,0.7309360504150391
1569841197.8052297,47,0.7275399565696716
1569841199.100342,48,0.746504008769989
1569841200.3941066,49,0.7417380213737488
1569841201.7044852,50,0.7364726066589355
1569841203.0011134,51,0.7565924525260925
1569841204.2962294,52,0.7417380213737488
1569841205.5904427,53,0.7479309439659119
1569841206.884492,54,0.7500713467597961
1569841208.1828268,55,0.7520976066589355
1569841209.4864047,56,0.744691789150238
1569841210.7811978,57,0.7722745537757874
1569841212.078246,58,0.7365297079086304
1569841213.3732872,59,0.7416238784790039
1569841214.6645625,60,0.7597745656967163
1569841215.9588926,61,0.7402539849281311
1569841217.2542832,62,0.752311646938324
1569841218.5429082,63,0.7589468955993652
1569841219.840475,64,0.755821943283081
1569841221.1363232,65,0.7524257898330688
1569841222.4389749,66,0.7513841390609741
1569841223.7428715,67,0.7492437362670898
1569841225.0363476,68,0.7490867376327515
1569841226.3265553,69,0.7479309439659119
1569841227.611009,70,0.7580764889717102
1569841228.9062576,71,0.771118700504303
1569841230.1837356,72,0.7586758136749268
1569841231.4685652,73,0.7545661926269531
1569841232.7584493,74,0.7696917653083801
1569841234.0514069,75,0.7565924525260925
1569841235.3488166,76,0.7500142455101013
1569841236.64089,77,0.7565354108810425
1569841237.9284456,78,0.7568635940551758
1569841239.217993,79,0.7644834518432617
1569841240.5084143,80,0.7669520378112793
1569841241.8059328,81,0.7707905173301697
1569841243.095939,82,0.7591181397438049
1569841244.3750398,83,0.7638270258903503
1569841245.6691313,84,0.769306480884552
1569841246.9508278,85,0.7569777369499207
1569841248.243589,86,0.7423373460769653
1569841249.5330138,87,0.754180908203125
1569841250.8208919,88,0.7642123103141785
1569841252.1145885,89,0.7490296959877014
1569841253.4148378,90,0.7611443996429443
1569841254.709308,91,0.752811074256897
1569841255.9941437,92,0.7579623460769653
1569841257.2567155,93,0.7613584399223328
1569841258.5433457,94,0.7459617853164673
1569841259.820488,95,0.7552796602249146
1569841261.0839202,96,0.7514411807060242
1569841262.3952029,97,0.7680507898330688
1569841263.6950116,98,0.7586187124252319
1569841264.9893174,99,0.7576912045478821
1569841266.285081,100,0.7594463229179382
1569841267.5744076,101,0.7672802805900574
1569841268.8661168,102,0.7618008255958557
1569841270.1526403,103,0.754180908203125
1569841271.4170828,104,0.7532534003257751
1569841272.7022147,105,0.7527539730072021
1569841273.9894288,106,0.7643265128135681
1569841275.28698,107,0.7718321681022644
1569841276.5917628,108,0.7530822157859802
1569841277.8865242,109,0.7584046721458435
1569841279.178707,110,0.750998854637146
1569841280.472229,111,0.7636129856109619
1569841281.7709558,112,0.7545091509819031
1569841283.0588524,113,0.7576341032981873
1569841284.361246,114,0.7690924406051636
1569841285.6609225,115,0.7644263505935669
1569841286.9489312,116,0.7625142931938171
1569841288.2391815,117,0.7592751383781433
1569841289.5393214,118,0.7575770616531372
1569841290.8288035,119,0.7620719075202942
1569841292.1184978,120,0.7537956833839417
1569841293.404426,121,0.7552226185798645
1569841294.6943154,122,0.7694206833839417
1569841295.9776254,123,0.750998854637146
1569841297.238453,124,0.7655251026153564
1569841298.5219676,125,0.7489725947380066
1569841299.8029141,126,0.7649257779121399
1569841301.093924,127,0.7562642693519592
1569841302.3892648,128,0.7542380094528198
1569841303.672071,129,0.7347745299339294
1569841304.949843,130,0.7669520378112793
1569841306.242111,131,0.7580764889717102
1569841307.518048,132,0.7638841271400452
1569841308.792294,133,0.7517694234848022
1569841310.08624,134,0.76394122838974
1569841311.3796005,135,0.7539098262786865
1569841312.6482744,136,0.7468321919441223
1569841313.928902,137,0.7551655173301697
1569841315.2116585,138,0.7497431635856628
1569841316.513077,139,0.7568635940551758
1569841317.8175683,140,0.7607591152191162
1569841319.1100225,141,0.7574200630187988
1569841320.40877,142,0.7624571919441223
1569841321.7035084,143,0.763498842716217
1569841322.981908,144,0.7575770616531372
1569841324.246301,145,0.7386130094528198
1569841325.502856,146,0.7773116230964661
1569841326.7653525,147,0.7627283334732056
1569841328.0260675,148,0.7595034241676331
1569841329.2908928,149,0.7525970339775085
1569841330.5562649,150,0.7696917653083801
1569841331.8541617,151,0.7538527250289917
1569841333.153077,152,0.7570348381996155
1569841334.445193,153,0.7493578791618347
1569841335.7450724,154,0.7618008255958557
1569841337.039942,155,0.7565354108810425
1569841338.3285594,156,0.7486444115638733
1569841339.617145,157,0.7681078910827637
1569841340.8860073,158,0.7846603989601135
1569841342.152096,159,0.7770405411720276
1569841343.452475,160,0.7638270258903503
1569841344.7496233,161,0.7584046721458435
1569841346.0612986,162,0.7520976066589355
1569841347.3259027,163,0.7718892693519592
1569841348.587432,164,0.7610302567481995
1569841349.8563612,165,0.7431078553199768
1569841351.1220357,166,0.7624000906944275
1569841352.4143536,167,0.7599886059761047
1569841353.7143564,168,0.7499001026153564
1569841355.0057766,169,0.7586758136749268
1569841356.2788415,170,0.7683789730072021
1569841357.561517,171,0.7618578672409058
1569841358.846054,172,0.779123842716217
1569841360.1075811,173,0.762129008769989
1569841361.3817577,174,0.7700770497322083
1569841362.6682925,175,0.754680335521698
1569841363.9429512,176,0.7597745656967163
1569841365.224312,177,0.7622431516647339
1569841366.50866,178,0.7637128829956055
1569841367.7807178,179,0.771446943283081
1569841369.0696054,180,0.7590039968490601
1569841370.3345654,181,0.7618008255958557
1569841371.616937,182,0.7715610861778259
1569841372.889081,183,0.765311062335968
1569841374.1896162,184,0.7704623341560364
1569841375.4877975,185,0.7566495537757874
1569841376.775563,186,0.7660245299339294
1569841378.0678875,187,0.7663527131080627
1569841379.3361075,188,0.7604880332946777
1569841380.6081705,189,0.7632848024368286
1569841381.8766835,190,0.7555508017539978
1569841383.1444547,191,0.764811635017395
1569841384.436933,192,0.7580193877220154
1569841385.7062232,193,0.7770975828170776
1569841386.9709895,194,0.7619149684906006
1569841388.238775,195,0.769805908203125
1569841389.5346386,196,0.7681078910827637
1569841390.8491263,197,0.7801655530929565
1569841392.1729856,198,0.7673373222351074
1569841393.4713526,199,0.7618008255958557
