Wall time,Step,Value
1569840924.3235142,0,0.28342804312705994
1569840925.7855756,1,0.31534090638160706
1569840927.221105,2,0.3540482819080353
1569840928.6568074,3,0.38397252559661865
1569840930.0980856,4,0.42954546213150024
1569840931.5346503,5,0.501112699508667
1569840932.9672472,6,0.4904119372367859
1569840934.405709,7,0.5265388488769531
1569840935.8481152,8,0.5248816013336182
1569840937.2823596,9,0.5460227131843567
1569840938.715309,10,0.5258996486663818
1569840940.157003,11,0.5479640364646912
1569840941.5869515,12,0.5424952507019043
1569840943.0223634,13,0.5506155490875244
1569840944.465381,14,0.5974668264389038
1569840945.8999853,15,0.6046164631843567
1569840947.3353817,16,0.6007102131843567
1569840948.766234,17,0.6273910999298096
1569840950.20573,18,0.6098484992980957
1569840951.6465707,19,0.6124526262283325
1569840953.083409,20,0.6355350613594055
1569840954.5265992,21,0.6407433748245239
1569840955.9617603,22,0.6355587244033813
1569840957.39652,23,0.6544507741928101
1569840958.831064,24,0.6778408885002136
1569840960.2624402,25,0.6635180115699768
1569840961.6929278,26,0.6684185862541199
1569840963.1258104,27,0.6866240501403809
1569840964.5634205,28,0.6791430115699768
1569840966.0016174,29,0.6775094866752625
1569840967.4336083,30,0.6980113387107849
1569840968.8654914,31,0.7006155252456665
1569840970.3058949,32,0.6895359754562378
1569840971.7425237,33,0.7234138250350952
1569840973.183699,34,0.7006155252456665
1569840974.634646,35,0.7003077864646912
1569840976.0683722,36,0.7224195003509521
1569840977.4981527,37,0.7172585129737854
1569840978.9261005,38,0.7243844866752625
1569840980.367423,39,0.7162641882896423
1569840981.801403,40,0.7240293622016907
1569840983.2380946,41,0.7302320003509521
1569840984.6723902,42,0.7383522987365723
1569840986.1156046,43,0.7295928001403809
1569840987.5521224,44,0.753006637096405
1569840988.9823341,45,0.7432528138160706
1569840990.4133337,46,0.7507575750350952
1569840991.848064,47,0.7468276619911194
1569840993.285279,48,0.732149600982666
1569840994.7253294,49,0.7315577864646912
1569840996.1565514,50,0.7429450750350952
1569840997.5875359,51,0.7582149505615234
1569840999.0267534,52,0.7465198636054993
1569841000.4677653,53,0.7604640126228333
1569841001.8967664,54,0.7552793622016907
1569841003.3313937,55,0.756912887096405
1569841004.7618046,56,0.7722064256668091
1569841006.1927872,57,0.7464962005615234
1569841007.6252544,58,0.7848958373069763
1569841009.0578651,59,0.775449812412262
1569841010.4976292,60,0.7611032128334045
1569841011.930842,61,0.759493350982666
1569841013.383234,62,0.7641098499298096
1569841014.8209507,63,0.7543087005615234
1569841016.2553916,64,0.7572442889213562
1569841017.701122,65,0.7572442889213562
1569841019.138783,66,0.7556344866752625
1569841020.5684664,67,0.7692945003509521
1569841022.0064468,68,0.7556108236312866
1569841023.4406257,69,0.760819137096405
1569841024.872863,70,0.7663352489471436
1569841026.3265252,71,0.7718750238418579
1569841027.7769787,72,0.7676609754562378
1569841029.222146,73,0.7572680115699768
1569841030.6582696,74,0.7471827864646912
1569841032.1103368,75,0.7552793622016907
1569841033.5469,76,0.764725387096405
1569841034.9818006,77,0.7582386136054993
1569841036.4135067,78,0.7481297254562378
1569841037.8481045,79,0.7686553001403809
1569841039.2877178,80,0.7446022629737854
1569841040.7234454,81,0.7513731122016907
1569841042.1484358,82,0.755918562412262
1569841043.5825424,83,0.7692471742630005
1569841045.0223038,84,0.7540009617805481
1569841046.4528382,85,0.7413115501403809
1569841047.8925283,86,0.7565814256668091
1569841049.3285697,87,0.7692708373069763
1569841050.7672958,88,0.7543087005615234
1569841052.2039466,89,0.7656960487365723
1569841053.6377587,90,0.7705729007720947
1569841055.0887651,91,0.7712358236312866
1569841056.5190775,92,0.7605113387107849
1569841057.9505334,93,0.7624289989471436
1569841059.3870158,94,0.7708806991577148
1569841060.8238919,95,0.7494555115699768
1569841062.2587228,96,0.7585464119911194
1569841063.707302,97,0.7325047254562378
1569841065.4700208,98,0.7461884617805481
1569841066.903477,99,0.7533617615699768
1569841068.3371458,100,0.7699100375175476
1569841069.7681456,101,0.7721827626228333
1569841071.2023642,102,0.7562500238418579
1569841072.6517117,103,0.7757812738418579
1569841074.083456,104,0.7731770873069763
1569841075.5170786,105,0.7689867615699768
1569841076.9483411,106,0.7839015126228333
1569841078.386205,107,0.7572680115699768
1569841079.817085,108,0.7643939256668091
1569841081.247148,109,0.7715672254562378
1569841082.6770382,110,0.7601799368858337
1569841084.1085114,111,0.7699337005615234
1569841085.536564,112,0.7562736868858337
1569841086.9686475,113,0.7809895873069763
1569841088.428801,114,0.779024600982666
1569841089.8755429,115,0.7718986868858337
1569841091.313164,116,0.772537887096405
1569841092.74353,117,0.7669744491577148
1569841094.1733956,118,0.7624526619911194
1569841095.6073792,119,0.7692471742630005
1569841097.044102,120,0.7572680115699768
1569841098.4821188,121,0.7598484754562378
1569841099.9116268,122,0.7523437738418579
1569841101.3422453,123,0.7604876756668091
1569841102.7856667,124,0.7578835487365723
1569841104.226965,125,0.7328361868858337
1569841105.657742,126,0.767305850982666
1569841107.0881846,127,0.7637547254562378
1569841108.518607,128,0.743868350982666
1569841109.9584703,129,0.7526988387107849
1569841111.3889616,130,0.7575757503509521
1569841112.8223803,131,0.7634233236312866
1569841114.2532544,132,0.7738399505615234
1569841115.68351,133,0.764725387096405
1569841117.1224272,134,0.7575757503509521
1569841118.5612452,135,0.7565814256668091
1569841119.996521,136,0.7464962005615234
1569841121.4311442,137,0.7510653138160706
1569841122.8668933,138,0.7533143758773804
1569841124.3010173,139,0.7611505389213562
1569841125.7281365,140,0.7442234754562378
1569841127.1626167,141,0.7650331258773804
1569841128.5925348,142,0.7455255389213562
1569841130.026096,143,0.7523674368858337
1569841131.4627705,144,0.7533380389213562
1569841132.9076068,145,0.7500710487365723
1569841134.343166,146,0.7666666507720947
1569841135.7723384,147,0.7728692889213562
1569841137.2058666,148,0.7718513011932373
1569841138.6369557,149,0.7409564256668091
1569841140.0757477,150,0.7702651619911194
1569841141.5034044,151,0.7543087005615234
1569841142.9545841,152,0.7773674130439758
1569841144.391978,153,0.7699573636054993
1569841145.8254447,154,0.7549479007720947
1569841147.2587888,155,0.7403172254562378
1569841148.707378,156,0.7419507503509521
1569841150.1560068,157,0.7660037875175476
1569841151.5926206,158,0.7702651619911194
1569841153.0282948,159,0.7712358236312866
1569841154.4636457,160,0.7699337005615234
1569841155.8980181,161,0.7536695003509521
1569841157.3329585,162,0.7452178001403809
1569841158.7830644,163,0.7455492615699768
1569841160.2223063,164,0.7637547254562378
1569841161.653283,165,0.7517045736312866
1569841163.085566,166,0.7709043622016907
1569841164.5229998,167,0.7800189256668091
1569841165.959732,168,0.7741477489471436
1569841167.3960984,169,0.7731770873069763
1569841168.827996,170,0.7806581258773804
1569841170.2617333,171,0.7731770873069763
1569841171.695666,172,0.7510416507720947
1569841173.1410935,173,0.7559658885002136
1569841174.5739322,174,0.7618134617805481
1569841176.0058463,175,0.775449812412262
1569841177.443027,176,0.7530303001403809
1569841178.8968744,177,0.7589015364646912
1569841180.332787,178,0.7543087005615234
1569841181.7681096,179,0.7660511136054993
1569841183.213378,180,0.7624526619911194
1569841184.6436968,181,0.7481533885002136
1569841186.0779479,182,0.771212100982666
1569841187.523453,183,0.7666903138160706
1569841188.9608023,184,0.7513967752456665
1569841190.401012,185,0.7683001756668091
1569841191.8423712,186,0.7607954740524292
1569841193.2756388,187,0.7471354007720947
1569841194.7081242,188,0.7624763250350952
1569841196.1425898,189,0.7787168622016907
1569841197.576672,190,0.7643939256668091
1569841199.013318,191,0.756912887096405
1569841200.4572117,192,0.7543323636054993
1569841201.895802,193,0.7611505389213562
1569841203.335774,194,0.7761126756668091
1569841204.7683525,195,0.7634233236312866
1569841206.2013736,196,0.7813210487365723
1569841207.637156,197,0.7621212005615234
1569841209.071327,198,0.7605113387107849
1569841210.5169375,199,0.7744791507720947
