Wall time,Step,Value
1569840891.3931587,0,0.32211539149284363
1569840892.6922808,1,0.3847934603691101
1569840893.939581,2,0.3482905924320221
1569840895.181304,3,0.4258368909358978
1569840896.434971,4,0.49341168999671936
1569840897.6968691,5,0.5297364592552185
1569840898.9684777,6,0.602118968963623
1569840900.2259176,7,0.6144943237304688
1569840901.5023384,8,0.6767272353172302
1569840902.7583988,9,0.6290954351425171
1569840904.0276027,10,0.6626602411270142
1569840905.2912972,11,0.6655982732772827
1569840906.5430598,12,0.6763710975646973
1569840907.7869198,13,0.6812677979469299
1569840909.0348933,14,0.6927528381347656
1569840910.2868752,15,0.693198025226593
1569840911.5443745,16,0.6924857497215271
1569840912.7951705,17,0.6932870149612427
1569840914.0671291,18,0.6954237818717957
1569840915.3490453,19,0.7185719609260559
1569840916.633806,20,0.7088675498962402
1569840917.9065423,21,0.6989850401878357
1569840919.1866724,22,0.7005876302719116
1569840920.4741273,23,0.7229344844818115
1569840921.7602212,24,0.6988959908485413
1569840923.0389886,25,0.7013888955116272
1569840924.317025,26,0.71875
1569840925.578695,27,0.7260505557060242
1569840926.8460944,28,0.7311253547668457
1569840928.11677,29,0.717503547668457
1569840929.3606465,30,0.7264957427978516
1569840930.6080194,31,0.71518874168396
1569840931.8579795,32,0.7305021286010742
1569840933.108554,33,0.7159900069236755
1569840934.3544335,34,0.7125177979469299
1569840935.6013722,35,0.7308582663536072
1569840936.8672013,36,0.7398504018783569
1569840938.1496627,37,0.7353988885879517
1569840939.4264286,38,0.7339743375778198
1569840940.716896,39,0.7519586682319641
1569840942.0053334,40,0.7228454351425171
1569840943.2889314,41,0.7509793639183044
1569840944.5566242,42,0.7321047186851501
1569840945.8008823,43,0.748753547668457
1569840947.0458698,44,0.7366452813148499
1569840948.288247,45,0.75445157289505
1569840949.5308723,46,0.7547186613082886
1569840950.777505,47,0.7593482732772827
1569840952.0268762,48,0.7555199265480042
1569840953.2732158,49,0.7570334672927856
1569840954.5280993,50,0.7417200803756714
1569840955.785419,51,0.7312144041061401
1569840957.033533,52,0.7597044110298157
1569840958.2775922,53,0.7409188151359558
1569840959.5245779,54,0.74643874168396
1569840960.7783208,55,0.748753547668457
1569840962.026524,56,0.7567663788795471
1569840963.2684128,57,0.7556089758872986
1569840964.5088947,58,0.751246452331543
1569840965.7564242,59,0.7467948794364929
1569840967.0132403,60,0.75356125831604
1569840968.2586172,61,0.7646011114120483
1569840969.5046585,62,0.7507122755050659
1569840970.7564263,63,0.7433226704597473
1569840972.024978,64,0.7556089758872986
1569840973.2835853,65,0.7584579586982727
1569840974.565824,66,0.755698025226593
1569840975.8330548,67,0.7393162250518799
1569840977.1026843,68,0.753027081489563
1569840978.3579621,69,0.7479522824287415
1569840979.6081388,70,0.7579237818717957
1569840980.8552842,71,0.7518696784973145
1569840982.1013691,72,0.7477742433547974
1569840983.344657,73,0.7426103949546814
1569840984.5892327,74,0.7345085740089417
1569840985.844439,75,0.7654024362564087
1569840987.088801,76,0.7477742433547974
1569840988.3375344,77,0.75267094373703
1569840989.582585,78,0.7566773295402527
1569840990.8405783,79,0.7486645579338074
1569840992.0877287,80,0.7474181056022644
1569840993.3430367,81,0.7446581125259399
1569840994.5879636,82,0.7400285005569458
1569840995.8678677,83,0.7568554282188416
1569840997.1322377,84,0.7489316463470459
1569840998.4054124,85,0.752136766910553
1569840999.6586514,86,0.7564992904663086
1569841000.9351265,87,0.7349537014961243
1569841002.1949677,88,0.7411859035491943
1569841003.4447134,89,0.7654024362564087
1569841004.698684,90,0.75178062915802
1569841005.9744236,91,0.7657585740089417
1569841007.2425804,92,0.7418091297149658
1569841008.4907568,93,0.7518696784973145
1569841009.7388582,94,0.7701210975646973
1569841010.9912496,95,0.7654024362564087
1569841012.242237,96,0.7500890493392944
1569841013.4925315,97,0.7692307829856873
1569841014.7480597,98,0.7702100872993469
1569841016.0079558,99,0.7564102411270142
1569841017.2582066,100,0.7640669345855713
1569841018.5022206,101,0.7573896050453186
1569841019.7551498,102,0.7415420413017273
1569841021.0065696,103,0.7411859035491943
1569841022.2529845,104,0.7637107968330383
1569841023.5021713,105,0.7508012652397156
1569841024.7677047,106,0.7738603949546814
1569841026.0127316,107,0.7536503076553345
1569841027.2689185,108,0.7558760643005371
1569841028.512544,109,0.780715823173523
1569841029.7681768,110,0.7650462985038757
1569841031.0175962,111,0.758368968963623
1569841032.2636905,112,0.7628205418586731
1569841033.5084171,113,0.7732371687889099
1569841034.7537556,114,0.7678952813148499
1569841036.0015337,115,0.749643862247467
1569841037.2477224,116,0.7660256624221802
1569841038.5005603,117,0.7553418874740601
1569841039.7527003,118,0.7681623697280884
1569841040.9981904,119,0.7586360573768616
1569841042.2505744,120,0.7613959908485413
1569841043.4964497,121,0.7628205418586731
1569841044.7425578,122,0.7582799196243286
1569841045.999674,123,0.7638888955116272
1569841047.2468398,124,0.7409188151359558
1569841048.4909954,125,0.7619302272796631
1569841049.7353163,126,0.7570334672927856
1569841050.9827821,127,0.7754629850387573
1569841052.236797,128,0.75267094373703
1569841053.484369,129,0.7604166865348816
1569841054.7427301,130,0.7636218070983887
1569841055.994139,131,0.7626424431800842
1569841057.2381678,132,0.7410078644752502
1569841058.487687,133,0.7619302272796631
1569841059.7408068,134,0.7691417336463928
1569841060.9981663,135,0.7646011114120483
1569841062.2442844,136,0.7622863054275513
1569841063.4961715,137,0.7700320482254028
1569841064.7483487,138,0.774661660194397
1569841066.0263746,139,0.7692307829856873
1569841067.2922008,140,0.7564992904663086
1569841068.560038,141,0.7611289024353027
1569841069.8345058,142,0.7597934603691101
1569841071.108866,143,0.7462607026100159
1569841072.3680096,144,0.7608618140220642
1569841073.6145244,145,0.7637107968330383
1569841074.8669777,146,0.7571225166320801
1569841076.1262012,147,0.7759081125259399
1569841077.3777401,148,0.7648682594299316
1569841078.6225984,149,0.7705662250518799
1569841079.8765123,150,0.7399394512176514
1569841081.1306636,151,0.74910968542099
1569841082.3847647,152,0.7630876302719116
1569841083.633766,153,0.7424323558807373
1569841084.8832579,154,0.7501780390739441
1569841086.1330395,155,0.7616630792617798
1569841087.4034824,156,0.7528489828109741
1569841088.6773524,157,0.7702991366386414
1569841089.9275503,158,0.7602385878562927
1569841091.176818,159,0.7547186613082886
1569841092.4331365,160,0.7688746452331543
1569841093.6939275,161,0.7546296119689941
1569841094.9701703,162,0.7307692170143127
1569841096.2360287,163,0.7697649598121643
1569841097.4982424,164,0.754807710647583
1569841098.7547,165,0.7750177979469299
1569841100.0285847,166,0.7639779448509216
1569841101.2945487,167,0.754273533821106
1569841102.582954,168,0.7485755085945129
1569841103.8456702,169,0.7634437084197998
1569841105.0973575,170,0.7602385878562927
1569841106.362166,171,0.75356125831604
1569841107.647201,172,0.7652243375778198
1569841108.9034657,173,0.7651353478431702
1569841110.1523268,174,0.7435007095336914
1569841111.4134505,175,0.7669159770011902
1569841112.6908364,176,0.7689636945724487
1569841113.9570546,177,0.7486645579338074
1569841115.2106209,178,0.7815170884132385
1569841116.4614158,179,0.7504451274871826
1569841117.7044866,180,0.7729700803756714
1569841118.9465632,181,0.7743945717811584
1569841120.199147,182,0.7699429988861084
1569841121.4588525,183,0.7649572491645813
1569841122.7105095,184,0.7691417336463928
1569841123.9656806,185,0.7735933065414429
1569841125.2165246,186,0.746616780757904
1569841126.4748797,187,0.7657585740089417
1569841127.7284334,188,0.7397614121437073
1569841128.9856598,189,0.7501780390739441
1569841130.2737665,190,0.7642450332641602
1569841131.5453434,191,0.7735933065414429
1569841132.8206122,192,0.7646901607513428
1569841134.1035204,193,0.7703881859779358
1569841135.3686988,194,0.7555199265480042
1569841136.6665916,195,0.7634437084197998
1569841137.9225519,196,0.7644230723381042
1569841139.1758904,197,0.7507122755050659
1569841140.426609,198,0.7645121216773987
1569841141.6867456,199,0.7625533938407898
