Wall time,Step,Value
1569840898.7938604,0,0.30822956562042236
1569840900.082697,1,0.36226850748062134
1569840901.3630164,2,0.3377234935760498
1569840902.6308124,3,0.3390006422996521
1569840903.9085941,4,0.39339879155158997
1569840905.1871896,5,0.5219508409500122
1569840906.456919,6,0.5612228512763977
1569840907.71536,7,0.5765884518623352
1569840908.9730835,8,0.5695242881774902
1569840910.2276368,9,0.584690272808075
1569840911.486875,10,0.5873643159866333
1569840912.76135,11,0.5977809429168701
1569840914.0343904,12,0.6174569129943848
1569840915.3028371,13,0.6025303602218628
1569840916.5721922,14,0.6298291683197021
1569840917.8296466,15,0.618853747844696
1569840919.0813353,16,0.6273148059844971
1569840920.3456614,17,0.6566091775894165
1569840921.6104052,18,0.6355363726615906
1569840922.8676379,19,0.6817129850387573
1569840924.1303785,20,0.694564163684845
1569840925.3925107,21,0.6954821348190308
1569840926.6529286,22,0.7010695934295654
1569840927.9104981,23,0.7056593298912048
1569840929.1710608,24,0.7310424447059631
1569840930.4317336,25,0.7416187524795532
1569840931.6866732,26,0.7432950139045715
1569840932.951675,27,0.74042147397995
1569840934.2207353,28,0.7387851476669312
1569840935.4851172,29,0.7438936829566956
1569840936.745336,30,0.7310424447059631
1569840937.9958048,31,0.7391443252563477
1569840939.2522125,32,0.7317209243774414
1569840940.515798,33,0.7557072043418884
1569840941.77007,34,0.7630108594894409
1569840943.0430536,35,0.7532327771186829
1569840944.3118339,36,0.7628911137580872
1569840945.5817425,37,0.756465494632721
1569840946.8424199,38,0.764008641242981
1569840948.0956688,39,0.7753831148147583
1569840949.3618913,40,0.7712324261665344
1569840950.6272845,41,0.7700750231742859
1569840951.8875463,42,0.7599776387214661
1569840953.1527097,43,0.7610552310943604
1569840954.415757,44,0.7717911601066589
1569840955.68135,45,0.7840836644172668
1569840956.947485,46,0.7817688584327698
1569840958.229941,47,0.7920258641242981
1569840959.487921,48,0.8016842007637024
1569840960.7434309,49,0.795059084892273
1569840962.0053663,50,0.782567024230957
1569840963.2667904,51,0.7955380082130432
1569840964.5301652,52,0.788713276386261
1569840965.800677,53,0.7918263077735901
1569840967.0696232,54,0.7814096212387085
1569840968.341033,55,0.8009658455848694
1569840969.6025336,56,0.7937819361686707
1569840970.8563232,57,0.7949393391609192
1569840972.126294,58,0.7862787246704102
1569840973.3811657,59,0.7996886968612671
1569840974.6429145,60,0.7784163355827332
1569840975.895939,61,0.8116219639778137
1569840977.1621222,62,0.8073515295982361
1569840978.4312897,63,0.7906689047813416
1569840979.6957633,64,0.795657753944397
1569840980.950913,65,0.7840836644172668
1569840982.210699,66,0.7998084425926208
1569840983.4676573,67,0.7985312938690186
1569840984.7307603,68,0.8111430406570435
1569840985.9936335,69,0.795976996421814
1569840987.263171,70,0.7958971858024597
1569840988.5324862,71,0.7926245331764221
1569840989.7929418,72,0.7958572506904602
1569840991.0549023,73,0.7994492053985596
1569840992.3097963,74,0.7890325784683228
1569840993.5731957,75,0.7970545887947083
1569840994.8452601,76,0.8021232485771179
1569840996.1031573,77,0.7958572506904602
1569840997.3607123,78,0.8015645146369934
1569840998.6254983,79,0.803520143032074
1569840999.8927324,80,0.7952985167503357
1569841001.167015,81,0.7891921997070312
1569841002.4275856,82,0.8006465435028076
1569841003.6911192,83,0.7811701893806458
1569841004.957739,84,0.7963362336158752
1569841006.2158785,85,0.7778176665306091
1569841007.4882057,86,0.7929837107658386
1569841008.7617626,87,0.7848818898200989
1569841010.0270727,88,0.7878751754760742
1569841011.2873642,89,0.787915050983429
1569841012.5575993,90,0.7996088862419128
1569841013.827813,91,0.7921854853630066
1569841015.1049767,92,0.7946200370788574
1569841016.3666945,93,0.8018039464950562
1569841017.6314225,94,0.8000478744506836
1569841018.8927262,95,0.7897509336471558
1569841020.1562538,96,0.7785360813140869
1569841021.4144332,97,0.8023626804351807
1569841022.6727004,98,0.7920657992362976
1569841023.941183,99,0.7931034564971924
1569841025.205249,100,0.7907886505126953
1569841026.4575682,101,0.8110632300376892
1569841027.7162514,102,0.8007263541221619
1569841028.9826329,103,0.7857998013496399
1569841030.2418926,104,0.7884738445281982
1569841031.4950638,105,0.7905491590499878
1569841032.7467878,106,0.8043183088302612
1569841034.003163,107,0.7986510396003723
1569841035.2608097,108,0.7980523705482483
1569841036.5219262,109,0.8000478744506836
1569841037.7767937,110,0.7851213216781616
1569841039.0400825,111,0.7905491590499878
1569841040.310348,112,0.7986510396003723
1569841041.5662956,113,0.7892720103263855
1569841042.817275,114,0.7951787710189819
1569841044.0809932,115,0.7920657992362976
1569841045.3366299,116,0.7994492053985596
1569841046.5962102,117,0.7949393391609192
1569841047.8572605,118,0.7883540987968445
1569841049.1234806,119,0.7859195470809937
1569841050.3772278,120,0.7736271023750305
1569841051.6366315,121,0.7839639186859131
1569841052.903327,122,0.7890325784683228
1569841054.172757,123,0.7915070056915283
1569841055.4473925,124,0.781848669052124
1569841056.7058802,125,0.7963362336158752
1569841057.9622447,126,0.7800127863883972
1569841059.2258677,127,0.7954182624816895
1569841060.5009313,128,0.7962563633918762
1569841061.7576628,129,0.7798930406570435
1569841063.0118403,130,0.7867576479911804
1569841064.2763426,131,0.7899904251098633
1569841065.551371,132,0.7905491590499878
1569841066.8131561,133,0.788114607334137
1569841068.0723283,134,0.7782567143440247
1569841069.3303943,135,0.78779536485672
1569841070.6017745,136,0.7915868163108826
1569841071.8661184,137,0.7883540987968445
1569841073.1260185,138,0.7859195470809937
1569841074.3926945,139,0.790309727191925
1569841075.6713603,140,0.7857998013496399
1569841076.927247,141,0.7757423520088196
1569841078.2036884,142,0.7918263077735901
1569841079.458003,143,0.7790948152542114
1569841080.7164733,144,0.7980523705482483
1569841081.9730031,145,0.77470463514328
1569841083.239176,146,0.7743454575538635
1569841084.50253,147,0.7874361276626587
1569841085.7706556,148,0.7859594225883484
1569841087.0310159,149,0.7929837107658386
1569841088.2875419,150,0.7734275460243225
1569841089.5574188,151,0.7828065156936646
1569841090.8155773,152,0.7599776387214661
1569841092.0968854,153,0.7806114554405212
1569841093.3635144,154,0.7933428883552551
1569841094.6297112,155,0.8039990663528442
1569841095.9243045,156,0.7855603694915771
1569841097.229191,157,0.7850015759468079
1569841098.5295908,158,0.7664830684661865
1569841099.8679945,159,0.7719109058380127
1569841101.178831,160,0.7832854390144348
1569841102.482781,161,0.7962164878845215
1569841103.795801,162,0.7778176665306091
1569841105.1215076,163,0.7920258641242981
1569841106.3995318,164,0.7878751754760742
1569841107.6570723,165,0.8116219639778137
1569841108.9229207,166,0.795059084892273
1569841110.1871133,167,0.7851213216781616
1569841111.4521823,168,0.7819684147834778
1569841112.7160437,169,0.7832854390144348
1569841113.9780104,170,0.7885536551475525
1569841115.2360568,171,0.7668023705482483
1569841116.4928489,172,0.7784961462020874
1569841117.7523406,173,0.758461058139801
1569841119.0097136,174,0.7833652496337891
1569841120.2763195,175,0.7767800092697144
1569841121.5325322,176,0.7699154019355774
1569841122.797057,177,0.7861589789390564
1569841124.0533717,178,0.7929837107658386
1569841125.3314724,179,0.7787356376647949
1569841126.590746,180,0.7836845517158508
1569841127.8580294,181,0.7683189511299133
1569841129.1161294,182,0.788912832736969
1569841130.386652,183,0.7610152959823608
1569841131.6524312,184,0.772270143032074
1569841132.9235609,185,0.7681992053985596
1569841134.1955035,186,0.7797732949256897
1569841135.4616556,187,0.7873163819313049
1569841136.725484,188,0.7848818898200989
1569841138.0117493,189,0.788114607334137
1569841139.2816472,190,0.7764208316802979
1569841140.5516446,191,0.7634498476982117
1569841141.8166566,192,0.7539511322975159
1569841143.0827463,193,0.7657647132873535
1569841144.3457482,194,0.7613745331764221
1569841145.6120343,195,0.7599776387214661
1569841146.8758852,196,0.7699552774429321
1569841148.1431563,197,0.7662436366081238
1569841149.4057314,198,0.7757423520088196
1569841150.675608,199,0.7711925506591797
