Wall time,Step,Value
1569840903.037714,0,0.39467594027519226
1569840904.2835891,1,0.35995370149612427
1569840905.5186117,2,0.36342594027519226
1569840906.7559435,3,0.37037035822868347
1569840907.9788764,4,0.33217594027519226
1569840909.205895,5,0.2986111044883728
1569840910.4402983,6,0.35300925374031067
1569840911.6645575,7,0.4895833432674408
1569840912.896411,8,0.46759259700775146
1569840914.1312864,9,0.4826388955116272
1569840915.3584146,10,0.5196759104728699
1569840916.5845046,11,0.5231481194496155
1569840917.8161137,12,0.5601851940155029
1569840919.0500336,13,0.5196759104728699
1569840920.2883584,14,0.5104166865348816
1569840921.5163586,15,0.5439814925193787
1569840922.74968,16,0.5636574029922485
1569840923.9709196,17,0.5474537014961243
1569840925.184087,18,0.5972222089767456
1569840926.3702788,19,0.5763888955116272
1569840927.5700357,20,0.5902777910232544
1569840928.7691083,21,0.6053240895271301
1569840929.9901896,22,0.5729166865348816
1569840931.2160833,23,0.6006944179534912
1569840932.4493127,24,0.5914351940155029
1569840933.6701944,25,0.5856481194496155
1569840934.8648267,26,0.6215277910232544
1569840936.082509,27,0.6111111044883728
1569840937.310424,28,0.6180555820465088
1569840938.5193088,29,0.6180555820465088
1569840939.7446485,30,0.6215277910232544
1569840940.9761016,31,0.6076388955116272
1569840942.203528,32,0.6296296119689941
1569840943.4402974,33,0.6168981194496155
1569840944.670437,34,0.625
1569840945.8889315,35,0.6400462985038757
1569840947.100334,36,0.6331018805503845
1569840948.3412175,37,0.6481481194496155
1569840949.5626087,38,0.6759259104728699
1569840950.7966397,39,0.6782407164573669
1569840952.0223157,40,0.6712962985038757
1569840953.2508287,41,0.6770833134651184
1569840954.4809015,42,0.6759259104728699
1569840955.7126641,43,0.6909722089767456
1569840956.9405222,44,0.6817129850387573
1569840958.1642725,45,0.6851851940155029
1569840959.390055,46,0.6967592835426331
1569840960.6254947,47,0.6886574029922485
1569840961.8528397,48,0.6967592835426331
1569840963.0811245,49,0.6875
1569840964.3145611,50,0.6898148059844971
1569840965.5456543,51,0.6909722089767456
1569840966.7745507,52,0.7025462985038757
1569840967.989276,53,0.7060185074806213
1569840969.2123523,54,0.7152777910232544
1569840970.4358692,55,0.7106481194496155
1569840971.6623945,56,0.7048611044883728
1569840972.8692784,57,0.7129629850387573
1569840974.0955524,58,0.7106481194496155
1569840975.3309944,59,0.7060185074806213
1569840976.5528164,60,0.7118055820465088
1569840977.785714,61,0.7222222089767456
1569840979.0306249,62,0.7152777910232544
1569840980.2625327,63,0.71875
1569840981.4949741,64,0.7268518805503845
1569840982.7243524,65,0.7094907164573669
1569840983.9502861,66,0.7210648059844971
1569840985.182553,67,0.7175925970077515
1569840986.405824,68,0.7395833134651184
1569840987.6363778,69,0.7164351940155029
1569840988.8737323,70,0.7337962985038757
1569840990.1066434,71,0.7268518805503845
1569840991.336142,72,0.7222222089767456
1569840992.5739415,73,0.7222222089767456
1569840993.7991793,74,0.7048611044883728
1569840995.0341084,75,0.7268518805503845
1569840996.2607102,76,0.7268518805503845
1569840997.4851005,77,0.7245370149612427
1569840998.7136884,78,0.7256944179534912
1569840999.9483004,79,0.7268518805503845
1569841001.180103,80,0.7314814925193787
1569841002.410158,81,0.7372685074806213
1569841003.6423998,82,0.7361111044883728
1569841004.8800707,83,0.7303240895271301
1569841006.1124163,84,0.7291666865348816
1569841007.3390138,85,0.7268518805503845
1569841008.574534,86,0.7349537014961243
1569841009.8091412,87,0.7372685074806213
1569841011.0411797,88,0.7511574029922485
1569841012.2740579,89,0.7303240895271301
1569841013.5056524,90,0.7280092835426331
1569841014.738474,91,0.71875
1569841015.9698002,92,0.7476851940155029
1569841017.1955764,93,0.7303240895271301
1569841018.4257777,94,0.7418981194496155
1569841019.6485424,95,0.75
1569841020.871022,96,0.7465277910232544
1569841022.0956168,97,0.7384259104728699
1569841023.31249,98,0.7511574029922485
1569841024.5364208,99,0.7314814925193787
1569841025.7550015,100,0.7326388955116272
1569841026.9579852,101,0.7476851940155029
1569841028.1584659,102,0.7291666865348816
1569841029.3575995,103,0.7407407164573669
1569841030.5572405,104,0.7245370149612427
1569841031.7723138,105,0.7245370149612427
1569841032.989925,106,0.7349537014961243
1569841034.204368,107,0.7430555820465088
1569841035.429362,108,0.7314814925193787
1569841036.6635747,109,0.7418981194496155
1569841037.887822,110,0.7303240895271301
1569841039.1147494,111,0.7175925970077515
1569841040.3534858,112,0.7349537014961243
1569841041.5853999,113,0.7280092835426331
1569841042.8161144,114,0.7442129850387573
1569841044.0564263,115,0.7361111044883728
1569841045.293888,116,0.7337962985038757
1569841046.5260909,117,0.7164351940155029
1569841047.7532308,118,0.7291666865348816
1569841048.979725,119,0.7384259104728699
1569841050.204104,120,0.7638888955116272
1569841051.4422145,121,0.7592592835426331
1569841052.6760786,122,0.7442129850387573
1569841053.912379,123,0.75
1569841055.1471157,124,0.7604166865348816
1569841056.39039,125,0.7476851940155029
1569841057.6258905,126,0.7314814925193787
1569841058.8631928,127,0.75
1569841060.0925305,128,0.7349537014961243
1569841061.3165634,129,0.7465277910232544
1569841062.5421023,130,0.7569444179534912
1569841063.778319,131,0.7546296119689941
1569841065.0374818,132,0.7523148059844971
1569841066.2703962,133,0.7430555820465088
1569841067.5050054,134,0.7465277910232544
1569841068.7366002,135,0.7662037014961243
1569841069.9604769,136,0.7453703880310059
1569841071.1903062,137,0.7546296119689941
1569841072.4220924,138,0.7476851940155029
1569841073.660782,139,0.7476851940155029
1569841074.9051278,140,0.7696759104728699
1569841076.1406443,141,0.7326388955116272
1569841077.3789423,142,0.7453703880310059
1569841078.6142657,143,0.7592592835426331
1569841079.8485463,144,0.7604166865348816
1569841081.0883648,145,0.7615740895271301
1569841082.3211412,146,0.7453703880310059
1569841083.5595548,147,0.7592592835426331
1569841084.7934632,148,0.7349537014961243
1569841086.024894,149,0.7581018805503845
1569841087.2493272,150,0.7743055820465088
1569841088.4787366,151,0.7604166865348816
1569841089.7113588,152,0.7534722089767456
1569841090.9506285,153,0.7569444179534912
1569841092.1909888,154,0.7430555820465088
1569841093.420006,155,0.7685185074806213
1569841094.6558647,156,0.7569444179534912
1569841095.882034,157,0.7569444179534912
1569841097.1223679,158,0.7546296119689941
1569841098.3568199,159,0.7581018805503845
1569841099.5868552,160,0.7638888955116272
1569841100.8216133,161,0.7569444179534912
1569841102.0604992,162,0.7569444179534912
1569841103.2962267,163,0.7627314925193787
1569841104.5220597,164,0.7488425970077515
1569841105.7512972,165,0.7627314925193787
1569841106.9961033,166,0.7488425970077515
1569841108.233107,167,0.7557870149612427
1569841109.4854238,168,0.7696759104728699
1569841110.7226548,169,0.7615740895271301
1569841111.9652507,170,0.7407407164573669
1569841113.1903574,171,0.7638888955116272
1569841114.4331515,172,0.7777777910232544
1569841115.6623821,173,0.7662037014961243
1569841116.8753405,174,0.7407407164573669
1569841118.0966249,175,0.7604166865348816
1569841119.3262672,176,0.7488425970077515
1569841120.5570838,177,0.7685185074806213
1569841121.786466,178,0.7685185074806213
1569841123.0302274,179,0.7615740895271301
1569841124.2485125,180,0.7546296119689941
1569841125.4775517,181,0.7534722089767456
1569841126.7132237,182,0.7615740895271301
1569841127.9442332,183,0.7650462985038757
1569841129.1911397,184,0.7604166865348816
1569841130.4173632,185,0.7523148059844971
1569841131.657544,186,0.7291666865348816
1569841132.8883467,187,0.7442129850387573
1569841134.1304352,188,0.7534722089767456
1569841135.3794801,189,0.7604166865348816
1569841136.6085448,190,0.7511574029922485
1569841137.8544416,191,0.7523148059844971
1569841139.093784,192,0.7615740895271301
1569841140.3373537,193,0.7546296119689941
1569841141.5713453,194,0.7662037014961243
1569841142.8140433,195,0.7731481194496155
1569841144.0576952,196,0.7719907164573669
1569841145.3067079,197,0.7638888955116272
1569841146.539939,198,0.75
1569841147.7743478,199,0.7465277910232544
