Wall time,Step,Value
1569840890.9762542,0,0.32047325372695923
1569840892.2366827,1,0.2811214029788971
1569840893.4896224,2,0.31725823879241943
1569840894.7336738,3,0.34375
1569840895.9879227,4,0.35506686568260193
1569840897.2379081,5,0.33924898505210876
1569840898.4822698,6,0.47106480598449707
1569840899.718549,7,0.5156893134117126
1569840900.9762194,8,0.5688014626502991
1569840902.2270038,9,0.5860339403152466
1569840903.4716988,10,0.5922067761421204
1569840904.7291405,11,0.6186985373497009
1569840905.9782808,12,0.6283436417579651
1569840907.2265377,13,0.6189557909965515
1569840908.4738152,14,0.6222993731498718
1569840909.7180295,15,0.6412037014961243
1569840910.9621139,16,0.6422325372695923
1569840912.211805,17,0.6829989552497864
1569840913.4539511,18,0.6793981194496155
1569840914.7047849,19,0.6993312835693359
1569840915.9684963,20,0.7172067761421204
1569840917.2267442,21,0.7037037014961243
1569840918.464154,22,0.7078189253807068
1569840919.706138,23,0.6943158507347107
1569840920.9663782,24,0.7096193432807922
1569840922.2164817,25,0.7233796119689941
1569840923.4729366,26,0.7025462985038757
1569840924.7251027,27,0.7323817014694214
1569840925.982047,28,0.7110339403152466
1569840927.234085,29,0.7355967164039612
1569840928.482972,30,0.7332819104194641
1569840929.7285984,31,0.7345678806304932
1569840930.9828942,32,0.7507715821266174
1569840932.2320793,33,0.7268518805503845
1569840933.478351,34,0.7395833134651184
1569840934.7311225,35,0.761188268661499
1569840935.9856615,36,0.7466563582420349
1569840937.2331107,37,0.7537294030189514
1569840938.4757133,38,0.7554012537002563
1569840939.7229297,39,0.7669752836227417
1569840940.9636784,40,0.7636317014694214
1569840942.208092,41,0.7629886865615845
1569840943.4558725,42,0.7623456716537476
1569840944.7136261,43,0.7712191343307495
1569840945.963587,44,0.7487139701843262
1569840947.2127972,45,0.7849794030189514
1569840948.4661446,46,0.761188268661499
1569840949.7118437,47,0.7528291940689087
1569840950.9578738,48,0.7597736716270447
1569840952.2126122,49,0.7669752836227417
1569840953.4605649,50,0.7575874328613281
1569840954.7034163,51,0.7696759104728699
1569840955.9495065,52,0.7681326866149902
1569840957.1921163,53,0.7818930149078369
1569840958.4431634,54,0.7662037014961243
1569840959.6874762,55,0.7629886865615845
1569840960.933492,56,0.7750771641731262
1569840962.1878655,57,0.7744341492652893
1569840963.4371026,58,0.7600308656692505
1569840964.686815,59,0.7650462985038757
1569840965.9303088,60,0.7628600597381592
1569840967.1735225,61,0.7678754925727844
1569840968.4175212,62,0.7725051641464233
1569840969.6678524,63,0.7511574029922485
1569840970.9316127,64,0.7663323283195496
1569840972.1683495,65,0.7645319104194641
1569840973.406153,66,0.7734053730964661
1569840974.6561952,67,0.755272626876831
1569840975.9068637,68,0.762217104434967
1569840977.148313,69,0.7498713731765747
1569840978.39817,70,0.7673611044883728
1569840979.6456745,71,0.7668467164039612
1569840980.886063,72,0.7727623581886292
1569840982.1260643,73,0.7694187164306641
1569840983.3742704,74,0.7313528656959534
1569840984.62843,75,0.7290380597114563
1569840985.8742805,76,0.7772634029388428
1569840987.1244018,77,0.7557870149612427
1569840988.3841639,78,0.7717335224151611
1569840989.6359475,79,0.7803497910499573
1569840990.8815553,80,0.7735339403152466
1569840992.126068,81,0.7550154328346252
1569840993.368402,82,0.7813786268234253
1569840994.6632743,83,0.755915641784668
1569840995.9131494,84,0.783178985118866
1569840997.1555853,85,0.7902520298957825
1569840998.4018042,86,0.7501286268234253
1569840999.6561556,87,0.744727373123169
1569841000.9061344,88,0.7863940596580505
1569841002.160424,89,0.7755915522575378
1569841003.4157922,90,0.783178985118866
1569841004.6733656,91,0.7716049551963806
1569841005.9224148,92,0.7821502089500427
1569841007.1784647,93,0.7623456716537476
1569841008.4235864,94,0.765174925327301
1569841009.666144,95,0.7541152238845825
1569841010.9143782,96,0.7534722089767456
1569841012.1665132,97,0.7444701790809631
1569841013.4177976,98,0.7727623581886292
1569841014.6716979,99,0.7843364477157593
1569841015.9245129,100,0.7669752836227417
1569841017.187586,101,0.7628600597381592
1569841018.4379427,102,0.7739197611808777
1569841019.6873963,103,0.7362397313117981
1569841020.9286284,104,0.748971164226532
1569841022.170611,105,0.7394547462463379
1569841023.417878,106,0.7542438507080078
1569841024.6634288,107,0.741769552230835
1569841025.9071085,108,0.7664608955383301
1569841027.1669083,109,0.7424125671386719
1569841028.414613,110,0.755915641784668
1569841029.6673944,111,0.7272376418113708
1569841030.9111485,112,0.7399691343307495
1569841032.158073,113,0.7546296119689941
1569841033.4135795,114,0.7506430149078369
1569841034.6583319,115,0.7494856119155884
1569841035.9200053,116,0.7466563582420349
1569841037.1680925,117,0.7605452537536621
1569841038.40828,118,0.7298096418380737
1569841039.6521657,119,0.7600308656692505
1569841040.901571,120,0.7485854029655457
1569841042.1532958,121,0.7628600597381592
1569841043.3978221,122,0.7379115223884583
1569841044.656268,123,0.7541152238845825
1569841045.9176662,124,0.7438271641731262
1569841047.173736,125,0.7415123581886292
1569841048.4283488,126,0.7682613134384155
1569841049.6788626,127,0.7664608955383301
1569841050.92379,128,0.7524434328079224
1569841052.1716034,129,0.7681326866149902
1569841053.4165332,130,0.7354680895805359
1569841054.6623654,131,0.7597736716270447
1569841055.9125752,132,0.7479423880577087
1569841057.1638105,133,0.7615740895271301
1569841058.4041069,134,0.7536008358001709
1569841059.656675,135,0.7781635522842407
1569841060.8978322,136,0.7600308656692505
1569841062.1373343,137,0.7463991641998291
1569841063.3834808,138,0.7707047462463379
1569841064.6324828,139,0.7618312835693359
1569841065.891403,140,0.7722479701042175
1569841067.1337392,141,0.780221164226532
1569841068.4020216,142,0.7442129850387573
1569841069.6477418,143,0.7717335224151611
1569841070.8863585,144,0.7709619402885437
1569841072.1318488,145,0.7454989552497864
1569841073.376702,146,0.7435699701309204
1569841074.6215432,147,0.7481995820999146
1569841075.8680992,148,0.7663323283195496
1569841077.1136372,149,0.7366254925727844
1569841078.3587847,150,0.7686471343040466
1569841079.6038249,151,0.7721193432807922
1569841080.8520849,152,0.7565586566925049
1569841082.0977643,153,0.7677469253540039
1569841083.3465765,154,0.7511574029922485
1569841084.5931199,155,0.7808641791343689
1569841085.853424,156,0.7745627760887146
1569841087.1076498,157,0.7763631939888
1569841088.3570113,158,0.7569444179534912
1569841089.6042857,159,0.7668467164039612
1569841090.8484297,160,0.7557870149612427
1569841092.096991,161,0.7564300298690796
1569841093.341051,162,0.7525720000267029
1569841094.6034768,163,0.7574588656425476
1569841095.848316,164,0.7644032835960388
1569841097.09282,165,0.7727623581886292
1569841098.3478122,166,0.7694187164306641
1569841099.5920973,167,0.7605452537536621
1569841100.8387759,168,0.7628600597381592
1569841102.082692,169,0.7554012537002563
1569841103.328802,170,0.7635030746459961
1569841104.575733,171,0.7669752836227417
1569841105.8209646,172,0.7668467164039612
1569841107.0635428,173,0.7402263283729553
1569841108.312865,174,0.7674897313117981
1569841109.5559049,175,0.7570730447769165
1569841110.798053,176,0.7593878507614136
1569841112.041929,177,0.7735339403152466
1569841113.288027,178,0.7780349850654602
1569841114.5433056,179,0.755915641784668
1569841115.797829,180,0.7674897313117981
1569841117.0436926,181,0.7727623581886292
1569841118.2975664,182,0.7636317014694214
1569841119.5693018,183,0.7656893134117126
1569841120.8222606,184,0.7717335224151611
1569841122.1095245,185,0.7745627760887146
1569841123.4895658,186,0.7518004179000854
1569841124.8319888,187,0.7318673133850098
1569841126.156329,188,0.7750771641731262
1569841127.4440339,189,0.7483282089233398
1569841128.747275,190,0.7541152238845825
1569841130.0875142,191,0.7721193432807922
1569841131.3951433,192,0.752957820892334
1569841132.7635822,193,0.7775205969810486
1569841134.0755959,194,0.751928985118866
1569841135.3617713,195,0.7721193432807922
1569841136.6517901,196,0.7757201790809631
1569841137.9454918,197,0.7501286268234253
1569841139.2283738,198,0.7505143880844116
1569841140.5193806,199,0.7501286268234253
