Wall time,Step,Value
1569840839.7905388,0,0.3958333432674408
1569840841.1186666,1,0.3923611044883728
1569840842.4103074,2,0.38310185074806213
1569840843.6953,3,0.4166666567325592
1569840845.0288935,4,0.45254629850387573
1569840846.3374588,5,0.48495370149612427
1569840847.577284,6,0.4965277910232544
1569840848.837359,7,0.45370370149612427
1569840850.124157,8,0.5289351940155029
1569840851.4188445,9,0.5081018805503845
1569840852.725096,10,0.47685185074806213
1569840854.0200377,11,0.5393518805503845
1569840855.326578,12,0.5219907164573669
1569840856.6421947,13,0.5081018805503845
1569840857.9459996,14,0.5648148059844971
1569840859.2646925,15,0.48842594027519226
1569840860.574986,16,0.5219907164573669
1569840861.8988175,17,0.5439814925193787
1569840863.2590032,18,0.47337964177131653
1569840864.5947363,19,0.43518519401550293
1569840865.9304323,20,0.5138888955116272
1569840867.2711635,21,0.5289351940155029
1569840868.617554,22,0.5775462985038757
1569840869.9923437,23,0.5092592835426331
1569840871.3468642,24,0.5520833134651184
1569840872.67602,25,0.5868055820465088
1569840873.950737,26,0.6157407164573669
1569840875.2124636,27,0.5497685074806213
1569840876.4788132,28,0.5902777910232544
1569840877.7880783,29,0.5474537014961243
1569840879.0919998,30,0.6342592835426331
1569840880.4116554,31,0.5300925970077515
1569840881.7295368,32,0.6145833134651184
1569840883.038892,33,0.5798611044883728
1569840884.3360515,34,0.5879629850387573
1569840885.6526878,35,0.5694444179534912
1569840886.9774761,36,0.5775462985038757
1569840888.3012848,37,0.5740740895271301
1569840889.5925286,38,0.5439814925193787
1569840890.9145784,39,0.6006944179534912
1569840892.2579856,40,0.6018518805503845
1569840893.5947602,41,0.6053240895271301
1569840894.9149652,42,0.6446759104728699
1569840896.2328465,43,0.6493055820465088
1569840897.5653107,44,0.5648148059844971
1569840898.8309555,45,0.6747685074806213
1569840900.0932574,46,0.625
1569840901.3540652,47,0.6261574029922485
1569840902.6042411,48,0.6180555820465088
1569840903.8682356,49,0.5925925970077515
1569840905.1345708,50,0.5925925970077515
1569840906.3803318,51,0.6319444179534912
1569840907.6286747,52,0.5983796119689941
1569840908.885385,53,0.5821759104728699
1569840910.1296399,54,0.6342592835426331
1569840911.3873332,55,0.5960648059844971
1569840912.6420684,56,0.6296296119689941
1569840913.9066093,57,0.5983796119689941
1569840915.1626499,58,0.6539351940155029
1569840916.4116766,59,0.5902777910232544
1569840917.6597178,60,0.6307870149612427
1569840918.9195192,61,0.6203703880310059
1569840920.1712866,62,0.6331018805503845
1569840921.4223847,63,0.5995370149612427
1569840922.6727533,64,0.6967592835426331
1569840923.926628,65,0.6296296119689941
1569840925.1897726,66,0.6319444179534912
1569840926.4417841,67,0.6284722089767456
1569840927.6913779,68,0.6643518805503845
1569840928.948191,69,0.6712962985038757
1569840930.2049768,70,0.6446759104728699
1569840931.477533,71,0.6585648059844971
1569840932.7168686,72,0.6041666865348816
1569840933.956589,73,0.6446759104728699
1569840935.1867597,74,0.6284722089767456
1569840936.4415832,75,0.6087962985038757
1569840937.6892107,76,0.6574074029922485
1569840938.9495473,77,0.6053240895271301
1569840940.202146,78,0.5995370149612427
1569840941.4484339,79,0.6631944179534912
1569840942.702323,80,0.6354166865348816
1569840943.9451313,81,0.6388888955116272
1569840945.1896937,82,0.6585648059844971
1569840946.437877,83,0.5787037014961243
1569840947.6826522,84,0.5972222089767456
1569840948.935373,85,0.6550925970077515
1569840950.1774485,86,0.5706018805503845
1569840951.4262786,87,0.5763888955116272
1569840952.671044,88,0.6099537014961243
1569840953.9165266,89,0.6458333134651184
1569840955.1709301,90,0.6307870149612427
1569840956.4159753,91,0.6678240895271301
1569840957.6603885,92,0.6180555820465088
1569840958.9072666,93,0.6134259104728699
1569840960.156773,94,0.6238425970077515
1569840961.4112315,95,0.6782407164573669
1569840962.6569226,96,0.6076388955116272
1569840963.9101775,97,0.6585648059844971
1569840965.1616857,98,0.59375
1569840966.4061549,99,0.6111111044883728
1569840967.6543958,100,0.6435185074806213
1569840968.9053054,101,0.5960648059844971
1569840970.1512203,102,0.6377314925193787
1569840971.3972142,103,0.6388888955116272
1569840972.6460757,104,0.6261574029922485
1569840973.890977,105,0.5879629850387573
1569840975.1568372,106,0.5798611044883728
1569840976.3941615,107,0.6168981194496155
1569840977.6451297,108,0.5532407164573669
1569840978.8945546,109,0.6226851940155029
1569840980.1453862,110,0.6203703880310059
1569840981.3942256,111,0.6122685074806213
1569840982.6451805,112,0.5844907164573669
1569840983.9113185,113,0.5694444179534912
1569840985.166905,114,0.6006944179534912
1569840986.4322736,115,0.625
1569840987.6747851,116,0.6273148059844971
1569840988.9204342,117,0.6631944179534912
1569840990.166463,118,0.6099537014961243
1569840991.4212048,119,0.6273148059844971
1569840992.664488,120,0.5729166865348816
1569840993.902043,121,0.6655092835426331
1569840995.1590223,122,0.5925925970077515
1569840996.403348,123,0.6296296119689941
1569840997.650444,124,0.6770833134651184
1569840998.9031534,125,0.6030092835426331
1569841000.1440957,126,0.6261574029922485
1569841001.388628,127,0.6076388955116272
1569841002.6356223,128,0.6192129850387573
1569841003.876735,129,0.6354166865348816
1569841005.1520097,130,0.6134259104728699
1569841006.4001498,131,0.6574074029922485
1569841007.6575117,132,0.6226851940155029
1569841008.905523,133,0.6342592835426331
1569841010.1568263,134,0.6689814925193787
1569841011.3959482,135,0.6145833134651184
1569841012.6425369,136,0.6388888955116272
1569841013.8860245,137,0.6666666865348816
1569841015.1352324,138,0.6435185074806213
1569841016.3851361,139,0.6759259104728699
1569841017.6332116,140,0.6597222089767456
1569841018.9067197,141,0.6099537014961243
1569841020.1568005,142,0.6550925970077515
1569841021.4009044,143,0.6365740895271301
1569841022.6469727,144,0.6273148059844971
1569841023.8962204,145,0.6226851940155029
1569841025.1505313,146,0.6770833134651184
1569841026.3925555,147,0.6180555820465088
1569841027.6459193,148,0.6805555820465088
1569841028.8953114,149,0.6122685074806213
1569841030.140861,150,0.6504629850387573
1569841031.390315,151,0.6550925970077515
1569841032.6393795,152,0.6296296119689941
1569841033.896578,153,0.6388888955116272
1569841035.1564875,154,0.6504629850387573
1569841036.3967707,155,0.6273148059844971
1569841037.6418388,156,0.6585648059844971
1569841038.8960903,157,0.6342592835426331
1569841040.1368139,158,0.6493055820465088
1569841041.3815644,159,0.6203703880310059
1569841042.6262777,160,0.6782407164573669
1569841043.877165,161,0.6909722089767456
1569841045.125161,162,0.6944444179534912
1569841046.376724,163,0.6423611044883728
1569841047.6207964,164,0.6481481194496155
1569841048.86476,165,0.7060185074806213
1569841050.1194403,166,0.6597222089767456
1569841051.370299,167,0.6423611044883728
1569841052.6210063,168,0.6273148059844971
1569841053.869438,169,0.7199074029922485
1569841055.1158533,170,0.6631944179534912
1569841056.3614483,171,0.6851851940155029
1569841057.5960448,172,0.6342592835426331
1569841058.8475559,173,0.6400462985038757
1569841060.086613,174,0.7071759104728699
1569841061.333114,175,0.6921296119689941
1569841062.5863528,176,0.6921296119689941
1569841063.8353882,177,0.6655092835426331
1569841065.0795183,178,0.6620370149612427
1569841066.3332698,179,0.6944444179534912
1569841067.5827003,180,0.6666666865348816
1569841068.841236,181,0.6365740895271301
1569841070.0865557,182,0.7025462985038757
1569841071.3233185,183,0.7291666865348816
1569841072.5793915,184,0.6712962985038757
1569841073.8247585,185,0.6701388955116272
1569841075.0829084,186,0.6134259104728699
1569841076.3356097,187,0.6666666865348816
1569841077.5824525,188,0.6377314925193787
1569841078.841321,189,0.6446759104728699
1569841080.1021514,190,0.65625
1569841081.3505237,191,0.6481481194496155
1569841082.6060917,192,0.5972222089767456
1569841083.8473172,193,0.6273148059844971
1569841085.091978,194,0.5902777910232544
1569841086.3366544,195,0.6585648059844971
1569841087.586536,196,0.6643518805503845
1569841088.8408687,197,0.6724537014961243
1569841090.0829432,198,0.6550925970077515
1569841091.3250964,199,0.6168981194496155
