Wall time,Step,Value
1569841130.7128346,0,0.3552536368370056
1569841131.9809813,1,0.3855072557926178
1569841133.2294788,2,0.3600996434688568
1569841134.477676,3,0.33668479323387146
1569841135.7362535,4,0.3870471119880676
1569841136.9897504,5,0.4105072319507599
1569841138.2353342,6,0.432201087474823
1569841139.4889028,7,0.4644927680492401
1569841140.740522,8,0.5429800748825073
1569841141.9935763,9,0.5563405752182007
1569841143.2361307,10,0.5542572736740112
1569841144.4911895,11,0.5408967137336731
1569841145.7333474,12,0.53464674949646
1569841147.0029573,13,0.5827445387840271
1569841148.259944,14,0.5231431126594543
1569841149.5156827,15,0.559646725654602
1569841150.7772598,16,0.5377717614173889
1569841152.0298455,17,0.6052989363670349
1569841153.284075,18,0.6143568754196167
1569841154.5670793,19,0.6033967137336731
1569841155.888071,20,0.6381340622901917
1569841157.1715295,21,0.6419383883476257
1569841158.4620426,22,0.6511775255203247
1569841159.8104389,23,0.6431612372398376
1569841161.1013339,24,0.6664401888847351
1569841162.4507527,25,0.6530344486236572
1569841163.8001425,26,0.6829257011413574
1569841165.0777273,27,0.62160325050354
1569841166.378185,28,0.662635862827301
1569841167.7390985,29,0.6471467614173889
1569841169.0463223,30,0.6238677501678467
1569841170.348815,31,0.6778985261917114
1569841171.6723037,32,0.6957880258560181
1569841173.0032566,33,0.6869112253189087
1569841174.3371139,34,0.6869112253189087
1569841175.6507156,35,0.7013133764266968
1569841176.9681406,36,0.7062047123908997
1569841178.294853,37,0.7060235738754272
1569841179.637377,38,0.7086503505706787
1569841180.9258006,39,0.7204257249832153
1569841182.2140048,40,0.7119112610816956
1569841183.4935267,41,0.7164402008056641
1569841184.7537587,42,0.7261775135993958
1569841186.0261688,43,0.7202445864677429
1569841187.275688,44,0.7370923757553101
1569841188.5420191,45,0.725135862827301
1569841189.806601,46,0.7555253505706787
1569841191.0638864,47,0.7268568873405457
1569841192.3160071,48,0.7596920132637024
1569841193.5696368,49,0.6985507011413574
1569841194.823113,50,0.7160779237747192
1569841196.0876162,51,0.7543025612831116
1569841197.3474667,52,0.7343297004699707
1569841198.6016977,53,0.724592387676239
1569841199.861332,54,0.7445651888847351
1569841201.11151,55,0.7447463870048523
1569841202.3778934,56,0.7240942120552063
1569841203.6313887,57,0.743342399597168
1569841204.8793697,58,0.774592399597168
1569841206.125569,59,0.738315224647522
1569841207.3674958,60,0.7622735500335693
1569841208.6129863,61,0.7435235381126404
1569841209.8651483,62,0.7223278880119324
1569841211.1075835,63,0.7484148740768433
1569841212.3610077,64,0.7579709887504578
1569841213.606736,65,0.729619562625885
1569841214.8587253,66,0.7711503505706787
1569841216.1104653,67,0.7457427382469177
1569841217.357369,68,0.7282155752182007
1569841218.607466,69,0.7416213750839233
1569841219.8718693,70,0.7586503624916077
1569841221.1277218,71,0.7476902008056641
1569841222.380616,72,0.7634963989257812
1569841223.635563,73,0.7329257130622864
1569841224.8955164,74,0.769565224647522
1569841226.1354551,75,0.7634963989257812
1569841227.3824556,76,0.7562047243118286
1569841228.6287098,77,0.7744565010070801
1569841229.875444,78,0.7808876633644104
1569841231.1291468,79,0.7622735500335693
1569841232.3811986,80,0.7511775493621826
1569841233.6353917,81,0.7628170251846313
1569841234.8825657,82,0.738315224647522
1569841236.1350663,83,0.7610507011413574
1569841237.38264,84,0.7859148383140564
1569841238.6254203,85,0.7721920013427734
1569841239.8676078,86,0.7829710245132446
1569841241.1048186,87,0.732744574546814
1569841242.352585,88,0.7450634241104126
1569841243.5997355,89,0.7629529237747192
1569841244.8458242,90,0.7587862610816956
1569841246.0987136,91,0.7774003744125366
1569841247.3484292,92,0.7461503744125366
1569841248.5950353,93,0.7782608866691589
1569841249.8567116,94,0.7388134002685547
1569841251.092069,95,0.7688858509063721
1569841252.3398173,96,0.7878170013427734
1569841253.5882573,97,0.7831068634986877
1569841254.839894,98,0.7325633764266968
1569841256.097589,99,0.7398550510406494
1569841257.3492475,100,0.7697463631629944
1569841258.5962732,101,0.7549818754196167
1569841259.8456163,102,0.7615941762924194
1569841261.102749,103,0.7874547243118286
1569841262.374639,104,0.79076087474823
1569841263.632684,105,0.7601901888847351
1569841264.8926897,106,0.7631340622901917
1569841266.1474066,107,0.7699275612831116
1569841267.40208,108,0.7742753624916077
1569841268.6617362,109,0.7688858509063721
1569841269.9140375,110,0.7730525135993958
1569841271.1789343,111,0.7572463750839233
1569841272.4403336,112,0.7959691882133484
1569841273.7020533,113,0.7749547362327576
1569841274.95254,114,0.7587862610816956
1569841276.2172546,115,0.7813858985900879
1569841277.4699714,116,0.7822463512420654
1569841278.7253222,117,0.7865942120552063
1569841279.9892764,118,0.772554337978363
1569841281.2519937,119,0.763994574546814
1569841282.5070744,120,0.7865942120552063
1569841283.765864,121,0.7859148383140564
1569841285.017293,122,0.7730525135993958
1569841286.2675025,123,0.7808423638343811
1569841287.5198736,124,0.7911232113838196
1569841288.7712862,125,0.7817481756210327
1569841290.0377355,126,0.7697463631629944
1569841291.2976418,127,0.7832880616188049
1569841292.5524805,128,0.7674818634986877
1569841293.8100595,129,0.8004981875419617
1569841295.0620925,130,0.7803441882133484
1569841296.3296778,131,0.7952898740768433
1569841297.588922,132,0.7699275612831116
1569841298.835312,133,0.7930253744125366
1569841300.0868134,134,0.7822463512420654
1569841301.3227518,135,0.7961503863334656
1569841302.5697882,136,0.792663037776947
1569841303.8192077,137,0.7883152365684509
1569841305.0752318,138,0.7673007249832153
1569841306.3286192,139,0.7620924115180969
1569841307.572632,140,0.7737318873405457
1569841308.8216043,141,0.7895380258560181
1569841310.0689225,142,0.785190224647522
1569841311.3297899,143,0.7895380258560181
1569841312.5774374,144,0.7970108985900879
1569841313.832591,145,0.7803441882133484
1569841315.0737834,146,0.7728713750839233
1569841316.3215399,147,0.79076087474823
1569841317.5746627,148,0.779619574546814
1569841318.8314884,149,0.7874547243118286
1569841320.0788004,150,0.7810235619544983
1569841321.3499289,151,0.7732337117195129
1569841322.6027236,152,0.7749547362327576
1569841323.8531463,153,0.7947463989257812
1569841325.1019046,154,0.7834692001342773
1569841326.3530333,155,0.8004981875419617
1569841327.6048336,156,0.787635862827301
1569841328.846955,157,0.7803441882133484
1569841330.0972362,158,0.7942481637001038
1569841331.350709,159,0.7601901888847351
1569841332.5978346,160,0.7822463512420654
1569841333.850492,161,0.7883152365684509
1569841335.110088,162,0.7947463989257812
1569841336.3721192,163,0.7723278999328613
1569841337.622065,164,0.7693840861320496
1569841338.8654702,165,0.7831068634986877
1569841340.1130977,166,0.7812047004699707
1569841341.3528514,167,0.7805253863334656
1569841342.5952325,168,0.7756340503692627
1569841343.8326354,169,0.757201075553894
1569841345.0853605,170,0.7791213989257812
1569841346.3282228,171,0.7644927501678467
1569841347.5679724,172,0.8004981875419617
1569841348.8077924,173,0.7799819111824036
1569841350.0526462,174,0.7928441762924194
1569841351.2954595,175,0.7612318992614746
1569841352.5381658,176,0.7959691882133484
1569841353.7923217,177,0.765896737575531
1569841355.0295193,178,0.7587862610816956
1569841356.3395796,179,0.7803441882133484
1569841357.6211448,180,0.7890398502349854
1569841358.922447,181,0.7725090384483337
1569841360.213627,182,0.8003170490264893
1569841361.512281,183,0.7772191762924194
1569841362.7911472,184,0.7678442001342773
1569841364.1157918,185,0.7834692001342773
1569841365.457262,186,0.7721920013427734
1569841366.72915,187,0.7813858985900879
1569841367.9819016,188,0.7827898263931274
1569841369.258962,189,0.7846920490264893
1569841370.5545788,190,0.7855525612831116
1569841371.8387046,191,0.782065212726593
1569841373.130831,192,0.7897192239761353
1569841374.4267762,193,0.785733699798584
1569841375.7310998,194,0.7591485381126404
1569841377.0183694,195,0.7631340622901917
1569841378.3139722,196,0.7780796885490417
1569841379.6164415,197,0.7938858866691589
1569841380.8975773,198,0.7668025493621826
1569841382.1582355,199,0.7874547243118286
