Wall time,Step,Value
1569840856.0470226,0,0.28626543283462524
1569840857.4043775,1,0.46875
1569840858.7373328,2,0.501928985118866
1569840860.0705976,3,0.5451388955116272
1569840861.4034863,4,0.5628858208656311
1569840862.7408895,5,0.5690586566925049
1569840864.0808892,6,0.6057098507881165
1569840865.425722,7,0.5999228358268738
1569840866.7650154,8,0.5574845671653748
1569840868.1055856,9,0.6030092835426331
1569840869.4333522,10,0.5551697611808777
1569840870.7733085,11,0.5933641791343689
1569840872.1045642,12,0.647376537322998
1569840873.437534,13,0.6878858208656311
1569840874.779803,14,0.6670524477958679
1569840876.1137047,15,0.6442901492118835
1569840877.4501617,16,0.6689814925193787
1569840878.7951822,17,0.7218364477157593
1569840880.141145,18,0.7148919701576233
1569840881.48017,19,0.720678985118866
1569840882.8108294,20,0.7091049551963806
1569840884.143496,21,0.6940586566925049
1569840885.480652,22,0.7673611044883728
1569840886.8174112,23,0.7214506268501282
1569840888.153202,24,0.7380401492118835
1569840889.4889681,25,0.7179784178733826
1569840890.8303957,26,0.6929012537002563
1569840892.1599782,27,0.7372685074806213
1569840893.4932654,28,0.7372685074806213
1569840894.830977,29,0.7172067761421204
1569840896.1598778,30,0.7638888955116272
1569840897.4936893,31,0.7040895223617554
1569840898.828818,32,0.716821014881134
1569840900.1741061,33,0.7399691343307495
1569840901.5156908,34,0.7573302388191223
1569840902.8640962,35,0.7596450448036194
1569840904.1999066,36,0.7137345671653748
1569840905.539492,37,0.7353395223617554
1569840906.8736987,38,0.7457561492919922
1569840908.2109222,39,0.738811731338501
1569840909.5449686,40,0.7364969253540039
1569840910.8880901,41,0.7330247163772583
1569840912.2237475,42,0.7808641791343689
1569840913.5576982,43,0.7885802388191223
1569840914.8945699,44,0.7681326866149902
1569840916.2259095,45,0.7434413433074951
1569840917.564704,46,0.7372685074806213
1569840918.9029596,47,0.7615740895271301
1569840920.2496858,48,0.7970678806304932
1569840921.5890107,49,0.7866512537002563
1569840922.9319649,50,0.8028549551963806
1569840924.2797763,51,0.7719907164573669
1569840925.6447423,52,0.7800925970077515
1569840926.980672,53,0.7507715821266174
1569840928.3175766,54,0.7777777910232544
1569840929.6588979,55,0.7708333134651184
1569840931.0023303,56,0.7631173133850098
1569840932.3387682,57,0.790123462677002
1569840933.671994,58,0.8024691343307495
1569840935.0037026,59,0.8094135522842407
1569840936.3390887,60,0.7534722089767456
1569840937.6708975,61,0.7835648059844971
1569840939.0099838,62,0.7878086566925049
1569840940.3420773,63,0.7989969253540039
1569840941.6773658,64,0.7870370149612427
1569840943.015873,65,0.7692901492118835
1569840944.353383,66,0.7870370149612427
1569840945.685537,67,0.779321014881134
1569840947.0210996,68,0.8094135522842407
1569840948.355188,69,0.8097993731498718
1569840949.6818438,70,0.8024691343307495
1569840951.025458,71,0.7692901492118835
1569840952.361691,72,0.7870370149612427
1569840953.6947074,73,0.7758487462997437
1569840955.025275,74,0.7665895223617554
1569840956.3531468,75,0.8163580298423767
1569840957.6845412,76,0.7565586566925049
1569840959.0155675,77,0.810571014881134
1569840960.3574939,78,0.7689043283462524
1569840961.7000215,79,0.8132715821266174
1569840963.0274851,80,0.7905092835426331
1569840964.3600948,81,0.7970678806304932
1569840965.6849952,82,0.7970678806304932
1569840967.013643,83,0.7939814925193787
1569840968.3457284,84,0.8240740895271301
1569840969.6855388,85,0.8028549551963806
1569840971.0273187,86,0.8121141791343689
1569840972.36372,87,0.8086419701576233
1569840973.7007563,88,0.8140432238578796
1569840975.0444481,89,0.8040123581886292
1569840976.370362,90,0.7461419701576233
1569840977.7248106,91,0.792438268661499
1569840979.0602582,92,0.7824074029922485
1569840980.4053833,93,0.7962962985038757
1569840981.731976,94,0.8051697611808777
1569840983.073519,95,0.7816358208656311
1569840984.4019945,96,0.8152006268501282
1569840985.7340956,97,0.7986111044883728
1569840987.0707014,98,0.7881944179534912
1569840988.4034286,99,0.8009259104728699
1569840989.738781,100,0.8086419701576233
1569840991.0699399,101,0.758873462677002
1569840992.4172919,102,0.7835648059844971
1569840993.7489467,103,0.8005401492118835
1569840995.0775564,104,0.7804784178733826
1569840996.4116948,105,0.8263888955116272
1569840997.7400718,106,0.8117284178733826
1569840999.068885,107,0.7781635522842407
1569841000.417733,108,0.7268518805503845
1569841001.754285,109,0.8016975522041321
1569841003.0908337,110,0.8082561492919922
1569841004.4287248,111,0.8117284178733826
1569841005.7618525,112,0.783178985118866
1569841007.1003418,113,0.8140432238578796
1569841008.4316514,114,0.761188268661499
1569841009.7621365,115,0.7800925970077515
1569841011.1052969,116,0.7781635522842407
1569841012.4485216,117,0.7804784178733826
1569841013.7816,118,0.792438268661499
1569841015.115444,119,0.8128858208656311
1569841016.447698,120,0.8016975522041321
1569841017.7807813,121,0.7584876418113708
1569841019.1189919,122,0.8217592835426331
1569841020.4544837,123,0.7889660596847534
1569841021.792751,124,0.7862654328346252
1569841023.1259856,125,0.7704475522041321
1569841024.4617088,126,0.7951388955116272
1569841025.795006,127,0.8140432238578796
1569841027.128983,128,0.7912808656692505
1569841028.4717336,129,0.7712191343307495
1569841029.8089645,130,0.7627314925193787
1569841031.1419861,131,0.7982252836227417
1569841032.469987,132,0.7523148059844971
1569841033.7999136,133,0.7789351940155029
1569841035.1350732,134,0.7912808656692505
1569841036.4703672,135,0.7654321193695068
1569841037.8018317,136,0.8233024477958679
1569841039.133366,137,0.7970678806304932
1569841040.4833426,138,0.7770061492919922
1569841041.8133934,139,0.7615740895271301
1569841043.148957,140,0.7928240895271301
1569841044.4917881,141,0.7835648059844971
1569841045.82458,142,0.7847222089767456
1569841047.1604054,143,0.7669752836227417
1569841048.4910939,144,0.7847222089767456
1569841049.8330495,145,0.7824074029922485
1569841051.16749,146,0.7527006268501282
1569841052.5100987,147,0.7993826866149902
1569841053.8647726,148,0.751928985118866
1569841055.2136118,149,0.7874228358268738
1569841056.5489504,150,0.8028549551963806
1569841057.8851755,151,0.7345678806304932
1569841059.218715,152,0.7511574029922485
1569841060.5560977,153,0.7962962985038757
1569841061.8937237,154,0.8020833134651184
1569841063.2349734,155,0.7488425970077515
1569841064.5701597,156,0.7654321193695068
1569841065.9049702,157,0.814428985118866
1569841067.2399564,158,0.7642747163772583
1569841068.5719821,159,0.7866512537002563
1569841069.9117107,160,0.8024691343307495
1569841071.2516968,161,0.7746913433074951
1569841072.5903776,162,0.7897376418113708
1569841073.9316301,163,0.7376543283462524
1569841075.2653935,164,0.7677469253540039
1569841076.6000056,165,0.7916666865348816
1569841077.9430985,166,0.7507715821266174
1569841079.2834866,167,0.792438268661499
1569841080.6297414,168,0.7870370149612427
1569841081.9732785,169,0.779321014881134
1569841083.3075368,170,0.8206018805503845
1569841084.6412382,171,0.8101851940155029
1569841085.9757085,172,0.7496141791343689
1569841087.3110995,173,0.8097993731498718
1569841088.650385,174,0.779321014881134
1569841089.9839265,175,0.772376537322998
1569841091.3228972,176,0.7905092835426331
1569841092.6590693,177,0.7777777910232544
1569841093.9989052,178,0.8175154328346252
1569841095.3392603,179,0.8163580298423767
1569841096.679956,180,0.7989969253540039
1569841098.0171902,181,0.7974537014961243
1569841099.3616168,182,0.8028549551963806
1569841100.7005844,183,0.7835648059844971
1569841102.030979,184,0.8140432238578796
1569841103.374573,185,0.7993826866149902
1569841104.7153485,186,0.7496141791343689
1569841106.0532448,187,0.7982252836227417
1569841107.3952785,188,0.7781635522842407
1569841108.7293015,189,0.7816358208656311
1569841110.0650673,190,0.7966821193695068
1569841111.4101715,191,0.7804784178733826
1569841112.7464588,192,0.8086419701576233
1569841114.0856473,193,0.7974537014961243
1569841115.437838,194,0.770061731338501
1569841116.7758176,195,0.7554012537002563
1569841118.1274981,196,0.772376537322998
1569841119.462886,197,0.8198302388191223
1569841120.8030553,198,0.7538580298423767
1569841122.1352015,199,0.779321014881134
