Wall time,Step,Value
1565121805.7585413,0,0.1264880895614624
1565121812.3863986,1,0.1274801641702652
1565121818.940235,2,0.1284722238779068
1565121825.5500917,3,0.1349206417798996
1565121832.084608,4,0.167658731341362
1565121838.657728,5,0.1889880895614624
1565121845.1755474,6,0.1681547611951828
1565121851.7479186,7,0.1428571492433548
1565121858.2997496,8,0.1572420597076416
1565121864.8777685,9,0.1289682537317276
1565121871.4343758,10,0.125
1565121877.9838684,11,0.164682537317276
1565121884.494211,12,0.16170634329319
1565121891.0450406,13,0.1884920597076416
1565121897.5878222,14,0.1498015820980072
1565121904.1713767,15,0.1354166716337204
1565121910.7041688,16,0.1711309552192688
1565121917.271663,17,0.1443452388048172
1565121923.8518286,18,0.1875
1565121930.4490294,19,0.2485119104385376
1565121937.0150785,20,0.1631944477558136
1565121943.5878115,21,0.162202388048172
1565121950.168963,22,0.2142857164144516
1565121956.7109637,23,0.2256944477558136
1565121963.3003035,24,0.1443452388048172
1565121969.909061,25,0.1195436492562294
1565121976.4710934,26,0.1240079328417778
1565121983.0301785,27,0.136408731341362
1565121989.616723,28,0.1587301641702652
1565121996.1998978,29,0.1805555522441864
1565122002.8092535,30,0.1329365074634552
1565122009.361534,31,0.1765872985124588
1565122015.9227219,32,0.1780754029750824
1565122022.5162225,33,0.116567462682724
1565122029.0697489,34,0.1755952388048172
1565122035.609351,35,0.1780754029750824
1565122042.1715517,36,0.1116071417927742
1565122048.7969265,37,0.1140872985124588
1565122055.3742626,38,0.1388888955116272
1565122061.934871,39,0.1691468209028244
1565122068.5395865,40,0.2291666716337204
1565122075.1034236,41,0.1964285671710968
1565122081.6958113,42,0.1011904776096344
1565122088.2887502,43,0.1160714253783226
1565122094.904153,44,0.1205357164144516
1565122101.4578223,45,0.1746031790971756
1565122108.0134737,46,0.2504960298538208
1565122114.554643,47,0.2123015820980072
1565122121.0736396,48,0.195932537317276
1565122127.6685596,49,0.221726194024086
1565122134.257953,50,0.0962301567196846
1565122140.848207,51,0.2028769850730896
1565122147.4155228,52,0.2827380895614624
1565122154.0227418,53,0.19295634329319
1565122160.6128817,54,0.2604166567325592
1565122167.2068877,55,0.2455357164144516
1565122173.7535565,56,0.293154776096344
1565122180.3395321,57,0.2296627014875412
1565122186.9334981,58,0.2544642984867096
1565122193.5007336,59,0.2162698358297348
1565122200.0550807,60,0.252480149269104
1565122206.6497529,61,0.2048611044883728
1565122213.194281,62,0.2718254029750824
1565122219.7755296,63,0.2976190447807312
1565122226.369362,64,0.2227182537317276
1565122232.92128,65,0.247023805975914
1565122239.5484107,66,0.2375992089509964
1565122246.1175995,67,0.2638888955116272
1565122252.732172,68,0.1711309552192688
1565122259.3550136,69,0.2757936418056488
1565122265.9561894,70,0.2738095223903656
1565122272.5162544,71,0.212797611951828
1565122279.0845506,72,0.2113095223903656
1565122285.6449084,73,0.179067462682724
1565122292.206528,74,0.147817462682724
1565122298.72808,75,0.2405754029750824
1565122305.2560806,76,0.212797611951828
1565122311.79724,77,0.27033731341362
1565122318.3461905,78,0.2098214328289032
1565122324.9319146,79,0.2772817313671112
1565122331.475748,80,0.2534722089767456
1565122338.0587313,81,0.2926587164402008
1565122344.5737097,82,0.2028769850730896
1565122351.1010003,83,0.275297611951828
1565122357.6827884,84,0.1875
1565122364.3042212,85,0.241567462682724
1565122370.8705125,86,0.2748015820980072
1565122377.430076,87,0.2058531790971756
1565122383.9906194,88,0.1875
1565122390.5406132,89,0.2063492089509964
1565122397.0593555,90,0.2653769850730896
1565122403.6464946,91,0.1979166716337204
1565122410.2511096,92,0.2966269850730896
1565122416.789075,93,0.2341269850730896
1565122423.3725889,94,0.2792658805847168
1565122429.8933039,95,0.320932537317276
1565122436.4316165,96,0.2341269850730896
1565122442.9776897,97,0.27033731341362
1565122449.5187016,98,0.2390872985124588
1565122456.0555847,99,0.3278769850730896
1565122462.5740988,100,0.3239087164402008
1565122469.1404278,101,0.306547611951828
1565122475.6942172,102,0.261904776096344
1565122482.217408,103,0.272817462682724
1565122488.7690976,104,0.3120039701461792
1565122495.326013,105,0.3169642984867096
1565122501.8769403,106,0.1681547611951828
1565122508.447156,107,0.227182537317276
1565122515.0363758,108,0.331845223903656
1565122521.5550196,109,0.3249008059501648
1565122528.148625,110,0.2862103283405304
1565122534.7043428,111,0.3070436418056488
1565122541.2992191,112,0.3645833432674408
1565122547.8549502,113,0.1324404776096344
1565122554.4343693,114,0.235615074634552
1565122561.01859,115,0.3060515820980072
1565122567.6125684,116,0.2435515820980072
1565122574.216132,117,0.2023809552192688
1565122580.7883043,118,0.2901785671710968
1565122587.3961248,119,0.2152777761220932
1565122593.9955177,120,0.1889880895614624
1565122600.5557811,121,0.2380952388048172
1565122607.1904159,122,0.3596230149269104
1565122613.7908018,123,0.3467261791229248
1565122620.3542318,124,0.3333333432674408
1565122626.9451432,125,0.3397817313671112
1565122633.5231135,126,0.326884925365448
1565122640.1230462,127,0.3392857015132904
1565122646.7076597,128,0.3239087164402008
1565122653.2645211,129,0.2876984179019928
1565122659.8183107,130,0.3020833432674408
1565122666.3550594,131,0.3313491940498352
1565122672.8995845,132,0.3591269850730896
1565122679.4384665,133,0.314980149269104
1565122686.0053902,134,0.3541666567325592
1565122692.5945606,135,0.2822420597076416
1565122699.1158738,136,0.2961309552192688
1565122705.6384268,137,0.3000991940498352
1565122712.2301073,138,0.3179563581943512
1565122718.797576,139,0.3417658805847168
1565122725.3421059,140,0.3402777910232544
1565122731.861887,141,0.3313491940498352
1565122738.4166486,142,0.2827380895614624
1565122745.018612,143,0.1612103134393692
1565122751.5959353,144,0.3323412835597992
1565122758.2050762,145,0.2772817313671112
1565122764.793196,146,0.3700396716594696
1565122771.3922827,147,0.113591268658638
1565122777.993213,148,0.130952388048172
1565122784.5139003,149,0.1269841343164444
1565122791.058374,150,0.1870039701461792
1565122797.6183345,151,0.2177579402923584
1565122804.199023,152,0.1875
1565122810.7442641,153,0.2534722089767456
1565122817.2950184,154,0.2346230149269104
1565122823.8577619,155,0.224702388048172
1565122830.4670434,156,0.2460317462682724
1565122837.0412729,157,0.3164682686328888
1565122843.6482058,158,0.2638888955116272
1565122850.205838,159,0.1889880895614624
1565122856.8236506,160,0.2038690447807312
1565122863.4412222,161,0.1830357164144516
1565123113.7669125,162,0.2202380895614624
1565123120.3583517,163,0.2688491940498352
1565123126.9313526,164,0.2534722089767456
1565123133.5079913,165,0.2614087164402008
1565123140.0589035,166,0.2777777910232544
1565123146.6138952,167,0.2961309552192688
1565123153.1285427,168,0.2624008059501648
1565123159.7176547,169,0.2425595223903656
1565123166.324411,170,0.3115079402923584
1565123172.932138,171,0.3194444477558136
1565123179.5096724,172,0.3452380895614624
1565123186.108809,173,0.3407738208770752
1565123192.7060766,174,0.258432537317276
1565123199.2452629,175,0.2723214328289032
1565123205.842085,176,0.2827380895614624
1565123212.4297805,177,0.2713293731212616
1565123219.0503304,178,0.3596230149269104
1565123225.6049008,179,0.1755952388048172
1565123232.140258,180,0.1840277761220932
1565123238.7197738,181,0.2118055522441864
1565123245.3222027,182,0.1810515820980072
1565123251.9273343,183,0.2455357164144516
1565123258.5258646,184,0.1914682537317276
1565123265.1160657,185,0.2028769850730896
1565123271.6987762,186,0.2614087164402008
1565123278.2496557,187,0.304067462682724
1565123284.8263638,188,0.2098214328289032
1565123291.4305646,189,0.287202388048172
1565123298.040803,190,0.2504960298538208
1565123304.6403952,191,0.293154776096344
1565123311.2349494,192,0.324404776096344
1565123317.812612,193,0.3144841194152832
1565123324.3915486,194,0.2881944477558136
1565123330.924608,195,0.2802579402923584
1565123337.4655154,196,0.2772817313671112
1565123344.01148,197,0.2222222238779068
1565123350.6213562,198,0.26091268658638
1565123357.200742,199,0.3035714328289032
