Wall time,Step,Value
1565121642.4757478,0,0.11619970947504044
1565121648.7432432,1,0.11179956793785095
1565121655.0230815,2,0.2373383641242981
1565121661.2868524,3,0.18803879618644714
1565121667.5618694,4,0.1610991358757019
1565121673.7921596,5,0.1956716924905777
1565121680.0503883,6,0.14484554529190063
1565121686.344334,7,0.1524784415960312
1565121692.5978749,8,0.16720545291900635
1565121698.8510513,9,0.15948276221752167
1565121705.098044,10,0.1681034415960312
1565121711.3859863,11,0.1577765792608261
1565121717.6809258,12,0.18283045291900635
1565121724.0033054,13,0.16540947556495667
1565121730.332152,14,0.16118893027305603
1565121736.629925,15,0.15607039630413055
1565121742.8917694,16,0.1663074642419815
1565121749.1451252,17,0.16900143027305603
1565121755.398098,18,0.23383620381355286
1565121761.7042363,19,0.15768678486347198
1565121768.0110729,20,0.19836565852165222
1565121774.2968752,21,0.16469109058380127
1565121780.5582263,22,0.18283045291900635
1565121786.8408625,23,0.1923491358757019
1565121793.1078668,24,0.19225934147834778
1565121799.3613877,25,0.2227909415960312
1565121805.583634,26,0.1524784415960312
1565121811.8557127,27,0.1786099076271057
1565121818.1265824,28,0.17510776221752167
1565121824.352207,29,0.20285560190677643
1565121830.658196,30,0.2235991358757019
1565121836.9714537,31,0.29633620381355286
1565121843.288214,32,0.2954382300376892
1565121849.6056597,33,0.28771552443504333
1565121855.9231217,34,0.304238498210907
1565121862.1811674,35,0.304238498210907
1565121868.508119,36,0.18884697556495667
1565121874.7836385,37,0.1915409415960312
1565121881.0217931,38,0.2634698152542114
1565121887.2680948,39,0.3006465435028076
1565121893.5362985,40,0.33979883790016174
1565121899.8261876,41,0.2633800208568573
1565121906.1544523,42,0.3422234058380127
1565121912.4435997,43,0.3206717073917389
1565121918.7560859,44,0.31456536054611206
1565121925.0666676,45,0.16208691895008087
1565121931.3491728,46,0.14637212455272675
1565121937.6796029,47,0.1491558849811554
1565121943.9552164,48,0.16900143027305603
1565121950.2367516,49,0.17582614719867706
1565121956.5029895,50,0.18013648688793182
1565121962.7513149,51,0.17313218116760254
1565121969.007154,52,0.16118893027305603
1565121975.2392335,53,0.1681932508945465
1565121981.50683,54,0.15598060190677643
1565121987.802597,55,0.1897449642419815
1565121994.059544,56,0.19145114719867706
1565122000.298751,57,0.1335308849811554
1565122006.556016,58,0.19486351311206818
1565122012.8558059,59,0.17941810190677643
1565122019.1685402,60,0.16720545291900635
1565122025.4920902,61,0.18803879618644714
1565122031.757697,62,0.26176366209983826
1565122038.0612185,63,0.21919898688793182
1565122044.3664393,64,0.2235991358757019
1565122050.6800163,65,0.2607758641242981
1565122056.9609122,66,0.1760057508945465
1565122063.2631693,67,0.24856321513652802
1565122069.5082753,68,0.2425466924905777
1565122075.7969866,69,0.24784483015537262
1565122082.084985,70,0.27631106972694397
1565122088.3430164,71,0.258261501789093
1565122094.6107707,72,0.23581178486347198
1565122100.9005127,73,0.23653016984462738
1565122107.182333,74,0.16379310190677643
1565122113.4440103,75,0.26176366209983826
1565122119.6899347,76,0.21668462455272675
1565122125.9724858,77,0.22790947556495667
1565122132.2567832,78,0.23311781883239746
1565122138.5697985,79,0.23221983015537262
1565122144.9054215,80,0.25646552443504333
1565122151.1447551,81,0.22530531883239746
1565122157.4153295,82,0.2071659415960312
1565122163.6807444,83,0.2581717073917389
1565122169.9462276,84,0.25134697556495667
1565122176.2155502,85,0.29373204708099365
1565122182.5086455,86,0.22871766984462738
1565122188.790823,87,0.3170797526836395
1565122195.053751,88,0.24694684147834778
1565122201.2932534,89,0.23742815852165222
1565122207.6063478,90,0.24084052443504333
1565122213.8790927,91,0.2444324642419815
1565122220.1561732,92,0.2547593414783478
1565122226.4659197,93,0.29894036054611206
1565122232.736036,94,0.2686781585216522
1565122239.040437,95,0.22009697556495667
1565122245.3626928,96,0.2530531585216522
1565122251.6962638,97,0.22799928486347198
1565122257.9737651,98,0.3102550208568573
1565122264.2532604,99,0.2521551847457886
1565122270.520131,100,0.25493893027305603
1565122276.7939692,101,0.29633620381355286
1565122283.0762289,102,0.26427802443504333
1565122289.3615265,103,0.26167383790016174
1565122295.6265352,104,0.2574532926082611
1565122301.8939579,105,0.2780172526836395
1565122308.1934397,106,0.2954382300376892
1565122314.4669693,107,0.2547593414783478
1565122320.693392,108,0.20878233015537262
1565122327.0405612,109,0.26248204708099365
1565122333.3649282,110,0.2998383641242981
1565122339.6853995,111,0.2909482717514038
1565122345.929205,112,0.2359015792608261
1565122352.1737878,113,0.24946120381355286
1565122358.4166255,114,0.3188757300376892
1565122364.6931083,115,0.2625718414783478
1565122370.9969804,116,0.2893318831920624
1565122377.3154294,117,0.2755926847457886
1565122383.5789082,118,0.2780172526836395
1565122389.9071908,119,0.2843031585216522
1565122396.2576332,120,0.28071120381355286
1565122402.5320458,121,0.2842133641242981
1565122408.846104,122,0.25655531883239746
1565122415.1480343,123,0.2748742699623108
1565122421.4283013,124,0.25125718116760254
1565122427.731279,125,0.28071120381355286
1565122434.0252514,126,0.24353447556495667
1565122440.3568847,127,0.25466954708099365
1565122446.6822164,128,0.2815193831920624
1565122453.0259614,129,0.26948633790016174
1565122459.3673687,130,0.28771552443504333
1565122465.7016387,131,0.25915947556495667
1565122472.0156236,132,0.30405890941619873
1565122478.3122451,133,0.29373204708099365
1565122484.5915916,134,0.2566451132297516
1565122490.9093232,135,0.257363498210907
1565122497.1877468,136,0.2685883641242981
1565122503.472393,137,0.24084052443504333
1565122509.748585,138,0.29112786054611206
1565122516.013682,139,0.32237786054611206
1565122522.2478216,140,0.26427802443504333
1565122528.5378394,141,0.28852370381355286
1565122534.803584,142,0.23751795291900635
1565122541.0907135,143,0.2703843414783478
1565122547.3958669,144,0.27990302443504333
1565122553.7166471,145,0.3031609058380127
1565122559.9975522,146,0.2945402264595032
1565122566.3268661,147,0.24865302443504333
1565122572.6590545,148,0.29480963945388794
1565122578.97758,149,0.2711027264595032
1565122585.2815435,150,0.3526400923728943
1565122591.5433958,151,0.3507543206214905
1565122597.802023,152,0.3128592073917389
1565122604.1148682,153,0.2824173867702484
1565122610.43344,154,0.23572197556495667
1565122616.761056,155,0.2764008641242981
1565122623.0782795,156,0.27918463945388794
1565122629.33154,157,0.2842133641242981
1565122635.598595,158,0.2755926847457886
1565122641.897093,159,0.30756106972694397
1565122648.141974,160,0.3274066150188446
1565122654.4626577,161,0.29633620381355286
1565122660.7277944,162,0.33791306614875793
1565122666.98353,163,0.21928879618644714
1565122673.2742,164,0.2521551847457886
1565122679.6037216,165,0.2953484058380127
1565122685.8927608,166,0.27990302443504333
1565122692.2361538,167,0.28960129618644714
1565122698.5346937,168,0.3023527264595032
1565122704.8555882,169,0.257363498210907
1565122711.169491,170,0.3076508641242981
1565122717.460869,171,0.3021731376647949
1565122723.717531,172,0.2730782926082611
1565122729.9820716,173,0.304238498210907
1565122736.2513952,174,0.3483297526836395
1565122742.5385869,175,0.31896552443504333
1565122748.836771,176,0.3248922526836395
1565122755.1621647,177,0.2703843414783478
1565122761.3989797,178,0.29894036054611206
1565122767.6654198,179,0.31456536054611206
1565122773.965159,180,0.3101652264595032
1565122780.217807,181,0.3065732717514038
1565122786.5037143,182,0.2790050208568573
1565122792.7584014,183,0.2764008641242981
1565122799.0197423,184,0.3179777264595032
1565122805.341232,185,0.2659842073917389
1565122811.6140723,186,0.3292923867702484
1565122817.8705785,187,0.27738866209983826
1565122824.1527328,188,0.3257902264595032
1565122830.415147,189,0.2945402264595032
1565122836.6611044,190,0.2764906585216522
1565122842.9253232,191,0.23563218116760254
1565122849.198952,192,0.33010056614875793
1565122855.4508522,193,0.25314295291900635
1565122861.772971,194,0.31384697556495667
1565123118.839297,195,0.3016343414783478
1565123125.1585815,196,0.3127693831920624
1565123131.4513018,197,0.29292383790016174
1565123137.7449126,198,0.27209052443504333
1565123143.9907062,199,0.2625718414783478
