Wall time,Step,Value
1565121800.5246398,0,0.09090909361839294
1565121807.1549602,1,0.08830492198467255
1565121813.7353935,2,0.08167613297700882
1565121820.3336916,3,0.08783143758773804
1565121826.931844,4,0.11339962482452393
1565121833.5523589,5,0.11529356241226196
1565121840.1279051,6,0.08948863297700882
1565121846.7206137,7,0.13399621844291687
1565121853.3479772,8,0.11387310922145844
1565121859.9361753,9,0.1479640156030655
1565121866.5754306,10,0.11955492198467255
1565121873.1522057,11,0.14701704680919647
1565121879.7232633,12,0.13612689077854156
1565121886.2934144,13,0.12476325780153275
1565121892.8588805,14,0.13517992198467255
1565121899.4239104,15,0.12997159361839294
1565121906.007738,16,0.16264204680919647
1565121912.6380122,17,0.14038825035095215
1565121919.2695456,18,0.15482954680919647
1565121925.8766823,19,0.12855114042758942
1565121932.4736207,20,0.12215909361839294
1565121939.0464633,21,0.15743371844291687
1565121945.6129096,22,0.12476325780153275
1565121952.2130392,23,0.14038825035095215
1565121958.826946,24,0.1875
1565121965.4165618,25,0.14867424964904785
1565121972.0013077,26,0.19081439077854156
1565121978.5877793,27,0.14820075035095215
1565121985.1485496,28,0.11837121099233627
1565121991.7546308,29,0.14299242198467255
1565121998.3368235,30,0.15861742198467255
1565122004.9463723,31,0.12831439077854156
1565122011.5197268,32,0.13091856241226196
1565122018.115745,33,0.13257575035095215
1565122024.7053344,34,0.12594696879386902
1565122031.3341765,35,0.14393939077854156
1565122037.9526823,36,0.16122159361839294
1565122044.538157,37,0.16122159361839294
1565122051.1714787,38,0.22490529716014862
1565122057.776172,39,0.16382575035095215
1565122064.3532395,40,0.17566287517547607
1565122070.933102,41,0.19128787517547607
1565122077.5545154,42,0.2026515156030655
1565122084.1983283,43,0.20667614042758942
1565122090.8382847,44,0.13778409361839294
1565122097.4870641,45,0.12121212482452393
1565122104.0574567,46,0.18868371844291687
1565122110.6575801,47,0.1557765156030655
1565122117.2900593,48,0.15222537517547607
1565122123.9181018,49,0.16429924964904785
1565122130.4885185,50,0.13920454680919647
1565122137.0728948,51,0.18134470283985138
1565122143.6730068,52,0.2156723439693451
1565122150.2656038,53,0.18655303120613098
1565122156.8410568,54,0.17826704680919647
1565122163.4222925,55,0.2426609843969345
1565122170.040476,56,0.19649621844291687
1565122176.6140158,57,0.15340909361839294
1565122183.2035255,58,0.17092803120613098
1565122189.797717,59,0.15222537517547607
1565122196.4213934,60,0.12310606241226196
1565122203.0658553,61,0.12476325780153275
1565122209.6600595,62,0.16169507801532745
1565122216.2832704,63,0.16264204680919647
1565122222.8916745,64,0.13565340638160706
1565122229.5145822,65,0.16785037517547607
1565122236.0969658,66,0.17211174964904785
1565122242.6808348,67,0.13470643758773804
1565122249.2814736,68,0.14133523404598236
1565122255.8768358,69,0.16690340638160706
1565122262.4656563,70,0.15009470283985138
1565122269.0881786,71,0.16642992198467255
1565122275.7092972,72,0.2192234843969345
1565122282.3280184,73,0.13660037517547607
1565122288.9328594,74,0.14346590638160706
1565122295.5143633,75,0.1614583283662796
1565122302.133335,76,0.16264204680919647
1565122308.7261903,77,0.13304924964904785
1565122315.3134646,78,0.2166193127632141
1565122321.8996136,79,0.19128787517547607
1565122328.5050888,80,0.14204545319080353
1565122335.0876355,81,0.18844696879386902
1565122341.6459973,82,0.1640625
1565122348.2624152,83,0.12428977340459824
1565122354.8606052,84,0.11813446879386902
1565122361.4964917,85,0.24384470283985138
1565122368.078512,86,0.20478220283985138
1565122374.6953793,87,0.14914773404598236
1565122381.2870822,88,0.1557765156030655
1565122387.8917797,89,0.1905776560306549
1565122394.5180094,90,0.19389204680919647
1565122401.120248,91,0.1661931872367859
1565122407.7166743,92,0.17613635957241058
1565122414.3667514,93,0.16169507801532745
1565122420.9674103,94,0.22419507801532745
1565122427.564301,95,0.2395833283662796
1565122434.1691105,96,0.19389204680919647
1565122440.803513,97,0.23295454680919647
1565122447.3989372,98,0.14038825035095215
1565122453.957698,99,0.12121212482452393
1565122460.5420845,100,0.12949810922145844
1565122467.1235228,101,0.13731060922145844
1565122473.7235274,102,0.13920454680919647
1565122480.3278413,103,0.14772726595401764
1565122486.979265,104,0.21188446879386902
1565122493.621855,105,0.18418560922145844
1565122500.2244937,106,0.21377840638160706
1565122506.8336723,107,0.13825757801532745
1565122513.4174404,108,0.22253787517547607
1565122520.0145319,109,0.20217803120613098
1565122526.621863,110,0.2213541716337204
1565122533.1824632,111,0.2691761255264282
1565122539.799512,112,0.23342803120613098
1565122546.4159346,113,0.25852271914482117
1565122552.9868164,114,0.24313446879386902
1565122559.5630536,115,0.18039773404598236
1565122566.133069,116,0.2495265156030655
1565122572.771361,117,0.2696496248245239
1565122579.342987,118,0.2521306872367859
1565122585.9560556,119,0.24076704680919647
1565122592.5644124,120,0.2260890156030655
1565122599.1678946,121,0.23887310922145844
1565122605.7759597,122,0.15814393758773804
1565122612.3834074,123,0.21780303120613098
1565122618.9419117,124,0.20478220283985138
1565122625.538775,125,0.290009468793869
1565122632.10454,126,0.31439393758773804
1565122638.6674511,127,0.30137309432029724
1565122645.2785664,128,0.22987689077854156
1565122651.940205,129,0.2921401560306549
1565122658.5695274,130,0.2443181872367859
1565122665.1885877,131,0.2556818127632141
1565122671.8371372,132,0.266571968793869
1565122678.4885948,133,0.28882575035095215
1565122685.129945,134,0.27012309432029724
1565122691.7283163,135,0.16950757801532745
1565122698.375125,136,0.31534090638160706
1565122704.969389,137,0.2769886255264282
1565122711.5993106,138,0.290009468793869
1565122718.232289,139,0.24053029716014862
1565122724.8363576,140,0.33001893758773804
1565122731.4009562,141,0.3397253751754761
1565122738.0052984,142,0.2781723439693451
1565122744.5984986,143,0.3108428120613098
1565122751.1703498,144,0.22040720283985138
1565122757.7468114,145,0.3042140007019043
1565122764.3218002,146,0.28101325035095215
1565122770.9240358,147,0.25071021914482117
1565122777.5102155,148,0.2760416567325592
1565122784.109843,149,0.20691287517547607
1565122790.74337,150,0.27225378155708313
1565122797.3664916,151,0.21875
1565122803.9962335,152,0.2717803120613098
1565122810.5793626,153,0.3345170319080353
1565122817.2263246,154,0.18678976595401764
1565122823.8479302,155,0.25118371844291687
1565122830.4278796,156,0.18607954680919647
1565122837.005634,157,0.19412878155708313
1565122843.6113527,158,0.26444128155708313
1565122850.198382,159,0.24597537517547607
1565122856.7825992,160,0.22206439077854156
1565122863.38059,161,0.32575756311416626
1565123113.8131924,162,0.2833806872367859
1565123120.4110053,163,0.2660984992980957
1565123127.0049748,164,0.32149621844291687
1565123133.6081045,165,0.3006628751754761
1565123140.1856792,166,0.3108428120613098
1565123146.792386,167,0.2322443127632141
1565123153.404942,168,0.27320075035095215
1565123159.9987552,169,0.24384470283985138
1565123166.5934105,170,0.3264678120613098
1565123173.1528647,171,0.2904829680919647
1565123179.734262,172,0.303740531206131
1565123186.3210695,173,0.24763257801532745
1565123192.9374244,174,0.16737689077854156
1565123202.2918696,175,0.23863635957241058
1565123208.850026,176,0.34256628155708313
1565123215.4115353,177,0.35179924964904785
1565123222.0511508,178,0.3238636255264282
1565123228.6794283,179,0.34611743688583374
1565123235.2949893,180,0.3181818127632141
1565123241.8894408,181,0.3016098439693451
1565123248.5384967,182,0.3207859992980957
1565123255.1953425,183,0.35748106241226196
1565123261.7618756,184,0.297821968793869
1565123268.367649,185,0.35440340638160706
1565123274.9609203,186,0.3577178120613098
1565123281.537902,187,0.3217329680919647
1565123288.1392663,188,0.274384468793869
1565123294.723304,189,0.34303978085517883
1565123301.2921143,190,0.297821968793869
1565123307.8552248,191,0.31912878155708313
1565123314.4769883,192,0.32694128155708313
1565123321.0860212,193,0.36955493688583374
1565123327.6948178,194,0.3655303120613098
1565123334.2650256,195,0.29403409361839294
1565123340.8758745,196,0.24644885957241058
1565123347.4448383,197,0.2421875
1565123354.0383432,198,0.3399621248245239
1565123360.6181068,199,0.11245264858007431
