Wall time,Step,Value
1565121649.262767,0,0.125
1565121656.513022,1,0.1180555522441864
1565121663.373988,2,0.1284722238779068
1565121670.687166,3,0.15625
1565121677.9125507,4,0.1284722238779068
1565121685.1913486,5,0.1770833283662796
1565121692.165368,6,0.1423611044883728
1565121699.4247286,7,0.1666666716337204
1565121706.4508107,8,0.2326388955116272
1565121713.4181812,9,0.1319444477558136
1565121720.7245197,10,0.1840277761220932
1565121727.6832151,11,0.1423611044883728
1565121735.0406,12,0.1319444477558136
1565121742.3604143,13,0.1215277761220932
1565121749.6208682,14,0.125
1565121756.9261262,15,0.1215277761220932
1565121764.2810416,16,0.1319444477558136
1565121771.6006644,17,0.1458333283662796
1565121778.5658903,18,0.1597222238779068
1565121785.8670433,19,0.0972222238779068
1565121793.2194698,20,0.1319444477558136
1565121800.257875,21,0.1493055522441864
1565121807.2228258,22,0.1527777761220932
1565121814.1320572,23,0.1458333283662796
1565121820.987764,24,0.1631944477558136
1565121827.9146018,25,0.2048611044883728
1565121834.8220372,26,0.1631944477558136
1565121842.1743603,27,0.1631944477558136
1565121849.095666,28,0.15625
1565121856.067134,29,0.1944444477558136
1565121862.9657948,30,0.1666666716337204
1565121869.9183884,31,0.1666666716337204
1565121876.874621,32,0.1875
1565121883.836315,33,0.1770833283662796
1565121890.795722,34,0.1631944477558136
1565121897.8644252,35,0.1493055522441864
1565121905.0979624,36,0.2118055522441864
1565121912.4462798,37,0.2048611044883728
1565121919.5815423,38,0.1840277761220932
1565121926.5010407,39,0.1736111044883728
1565121933.720902,40,0.1944444477558136
1565121941.0823083,41,0.15625
1565121948.0138948,42,0.1770833283662796
1565121955.2378643,43,0.2118055522441864
1565121962.3563907,44,0.1840277761220932
1565121969.7128377,45,0.2256944477558136
1565121976.6572964,46,0.2152777761220932
1565121983.5720031,47,0.1805555522441864
1565121990.7424364,48,0.1875
1565121998.0088158,49,0.1597222238779068
1565122005.178356,50,0.2048611044883728
1565122012.509622,51,0.1875
1565122019.7508385,52,0.1944444477558136
1565122027.0933015,53,0.2256944477558136
1565122034.235318,54,0.2222222238779068
1565122041.141057,55,0.2361111044883728
1565122048.0483384,56,0.1909722238779068
1565122054.9936025,57,0.2222222238779068
1565122061.9129152,58,0.2083333283662796
1565122068.8531928,59,0.1909722238779068
1565122076.0028982,60,0.1909722238779068
1565122083.026251,61,0.1944444477558136
1565122090.1997235,62,0.2222222238779068
1565122097.3662581,63,0.2326388955116272
1565122104.537338,64,0.2465277761220932
1565122111.5633645,65,0.1979166716337204
1565122118.9196188,66,0.2152777761220932
1565122125.9529312,67,0.1736111044883728
1565122132.943403,68,0.1458333283662796
1565122139.9727004,69,0.1909722238779068
1565122147.1982718,70,0.1909722238779068
1565122154.5513191,71,0.1909722238779068
1565122161.8417053,72,0.2256944477558136
1565122168.8843236,73,0.2222222238779068
1565122176.2267673,74,0.2534722089767456
1565122183.5633938,75,0.2013888955116272
1565122190.917804,76,0.2222222238779068
1565122198.0272183,77,0.2326388955116272
1565122205.302491,78,0.25
1565122212.4327328,79,0.2256944477558136
1565122219.5624042,80,0.2048611044883728
1565122226.7787054,81,0.1840277761220932
1565122233.794555,82,0.2534722089767456
1565122240.6945717,83,0.21875
1565122247.812298,84,0.21875
1565122255.0936358,85,0.2222222238779068
1565122262.2697153,86,0.2152777761220932
1565122269.2051742,87,0.2708333432674408
1565122276.401411,88,0.2361111044883728
1565122283.5927045,89,0.2430555522441864
1565122290.8825014,90,0.2465277761220932
1565122297.8524816,91,0.1979166716337204
1565122304.8403935,92,0.2013888955116272
1565122311.7923625,93,0.2326388955116272
1565122318.9974995,94,0.2465277761220932
1565122326.3584871,95,0.1840277761220932
1565122333.6984267,96,0.1979166716337204
1565122340.9887207,97,0.2534722089767456
1565122348.2759454,98,0.2361111044883728
1565122355.1815362,99,0.25
1565122362.4358072,100,0.2673611044883728
1565122369.7082586,101,0.2777777910232544
1565122376.7570276,102,0.2534722089767456
1565122383.67115,103,0.2534722089767456
1565122390.6308784,104,0.2916666567325592
1565122397.5918806,105,0.2673611044883728
1565122404.8595383,106,0.28125
1565122411.8279788,107,0.2430555522441864
1565122419.1814003,108,0.2881944477558136
1565122426.478318,109,0.2777777910232544
1565122433.3636744,110,0.2708333432674408
1565122440.2910492,111,0.25
1565122447.2306435,112,0.1736111044883728
1565122454.1087732,113,0.2291666716337204
1565122461.0059671,114,0.2881944477558136
1565122468.1343923,115,0.2361111044883728
1565122475.3302717,116,0.1736111044883728
1565122482.4075098,117,0.2256944477558136
1565122489.5642695,118,0.2638888955116272
1565122496.8005698,119,0.2673611044883728
1565122504.1383622,120,0.2881944477558136
1565122511.4364862,121,0.2430555522441864
1565122518.6592457,122,0.25
1565122525.8950539,123,0.2881944477558136
1565122532.8308382,124,0.2951388955116272
1565122539.7962484,125,0.2743055522441864
1565122546.8763669,126,0.2465277761220932
1565122554.2338603,127,0.2951388955116272
1565122561.5564928,128,0.3125
1565122568.5430763,129,0.2881944477558136
1565122575.5081267,130,0.3090277910232544
1565122582.4817393,131,0.3194444477558136
1565122589.4127374,132,0.2708333432674408
1565122596.4648569,133,0.3090277910232544
1565122603.4417784,134,0.2673611044883728
1565122610.7712824,135,0.2986111044883728
1565122618.1000245,136,0.3263888955116272
1565122625.261172,137,0.2673611044883728
1565122632.3984845,138,0.2916666567325592
1565122639.5692227,139,0.2743055522441864
1565122646.4856257,140,0.2534722089767456
1565122653.3977747,141,0.3090277910232544
1565122660.5586896,142,0.3368055522441864
1565122667.884126,143,0.3159722089767456
1565122675.2126558,144,0.1701388955116272
1565122682.1825626,145,0.1388888955116272
1565122689.248824,146,0.2569444477558136
1565122696.6079032,147,0.2430555522441864
1565122703.9610388,148,0.2361111044883728
1565122710.9454644,149,0.1388888955116272
1565122718.0495691,150,0.1423611044883728
1565122725.4070988,151,0.15625
1565122732.6642642,152,0.15625
1565122739.5644677,153,0.1527777761220932
1565122746.8568501,154,0.15625
1565122753.7823184,155,0.15625
1565122760.6866748,156,0.1631944477558136
1565122767.9934795,157,0.1631944477558136
1565122775.3464763,158,0.1631944477558136
1565122782.3022144,159,0.1666666716337204
1565122789.2274857,160,0.1631944477558136
1565122796.1630027,161,0.1631944477558136
1565122803.0972195,162,0.15625
1565122810.0673518,163,0.1527777761220932
1565122817.0414226,164,0.15625
1565122824.2730649,165,0.1736111044883728
1565122831.166354,166,0.1736111044883728
1565122838.0850382,167,0.1527777761220932
1565122845.1803477,168,0.1527777761220932
1565122852.4868195,169,0.1527777761220932
1565122859.705371,170,0.1527777761220932
1565122866.9507895,171,0.1527777761220932
1565123119.7080102,172,0.1527777761220932
1565123127.0157425,173,0.1527777761220932
1565123134.1964796,174,0.1527777761220932
1565123141.470237,175,0.1527777761220932
1565123148.5558465,176,0.1527777761220932
1565123155.5047328,177,0.15625
1565123162.859672,178,0.1701388955116272
1565123170.1079235,179,0.1631944477558136
1565123177.079837,180,0.1597222238779068
1565123184.2024975,181,0.1631944477558136
1565123191.4653852,182,0.1805555522441864
1565123198.6853564,183,0.1631944477558136
1565123205.6386716,184,0.1597222238779068
1565123212.540447,185,0.1736111044883728
1565123219.6285672,186,0.1736111044883728
1565123226.5576596,187,0.1597222238779068
1565123233.687599,188,0.1736111044883728
1565123240.922597,189,0.1736111044883728
1565123248.1766224,190,0.1631944477558136
1565123255.082655,191,0.1666666716337204
1565123262.3978932,192,0.1631944477558136
1565123269.6590652,193,0.1736111044883728
1565123276.9464595,194,0.1770833283662796
1565123283.8506484,195,0.1597222238779068
1565123291.1240907,196,0.1597222238779068
1565123298.4040947,197,0.1597222238779068
1565123305.7311084,198,0.1770833283662796
1565123312.5507953,199,0.1597222238779068
