Wall time,Step,Value
1565121806.5915568,0,0.1736111044883728
1565121813.2327502,1,0.1741071492433548
1565121819.816125,2,0.1681547611951828
1565121826.408971,3,0.21329365670681
1565121833.046456,4,0.1483134925365448
1565121839.7032232,5,0.1870039701461792
1565121846.3495638,6,0.1894841343164444
1565121853.0202398,7,0.1726190447807312
1565121859.6691291,8,0.1865079402923584
1565121866.3078334,9,0.1626984179019928
1565121872.9289498,10,0.1631944477558136
1565121879.5471413,11,0.1894841343164444
1565121886.2012408,12,0.1805555522441864
1565121892.829909,13,0.1825396865606308
1565121899.4727519,14,0.164682537317276
1565121906.0926018,15,0.18204365670681
1565121912.752324,16,0.1835317462682724
1565121919.3677444,17,0.2207341343164444
1565121925.9893966,18,0.1463293582201004
1565121932.647239,19,0.1671627014875412
1565121939.2878804,20,0.201884925365448
1565121945.8881986,21,0.2008928507566452
1565121952.541939,22,0.1701388955116272
1565121959.1923463,23,0.1741071492433548
1565121965.8589976,24,0.1631944477558136
1565121972.4560637,25,0.1909722238779068
1565121979.068792,26,0.1572420597076416
1565121985.745456,27,0.1939484179019928
1565121992.3855402,28,0.1582341343164444
1565121999.0064566,29,0.1607142835855484
1565122005.6625621,30,0.2118055522441864
1565122012.2604465,31,0.1949404776096344
1565122018.891656,32,0.1686507910490036
1565122025.509985,33,0.2202380895614624
1565122032.1814694,34,0.21329365670681
1565122038.8388505,35,0.2033730149269104
1565122045.5120535,36,0.2152777761220932
1565122052.138571,37,0.1924603134393692
1565122058.8097901,38,0.1612103134393692
1565122065.4343429,39,0.1369047611951828
1565122072.086758,40,0.1875
1565122078.7144392,41,0.1850198358297348
1565122085.3094566,42,0.1894841343164444
1565122091.979579,43,0.1889880895614624
1565122098.5871785,44,0.1795634925365448
1565122105.2322237,45,0.1889880895614624
1565122111.9134493,46,0.1884920597076416
1565122118.5886323,47,0.1870039701461792
1565122125.2601154,48,0.1875
1565122131.9126768,49,0.1884920597076416
1565122138.5563364,50,0.1889880895614624
1565122145.211509,51,0.1899801641702652
1565122151.876347,52,0.1889880895614624
1565122158.5502722,53,0.1894841343164444
1565122165.1611934,54,0.1879960298538208
1565122171.7590432,55,0.141865074634552
1565122178.3866892,56,0.1736111044883728
1565122185.0421612,57,0.1944444477558136
1565122191.7442374,58,0.184523805975914
1565122198.411048,59,0.18204365670681
1565122205.0325422,60,0.2033730149269104
1565122211.6788442,61,0.2063492089509964
1565122218.3518753,62,0.2083333283662796
1565122225.0303144,63,0.2088293582201004
1565122231.698208,64,0.2083333283662796
1565122238.3519785,65,0.133432537317276
1565122244.9700952,66,0.2068452388048172
1565122251.6356146,67,0.2108134925365448
1565122258.2370338,68,0.1914682537317276
1565122264.8855114,69,0.164682537317276
1565122271.4760222,70,0.2068452388048172
1565122278.0888898,71,0.2113095223903656
1565122284.7573988,72,0.1671627014875412
1565122291.435544,73,0.1374007910490036
1565122298.07494,74,0.1552579402923584
1565122304.7467318,75,0.1557539701461792
1565122311.3381546,76,0.1597222238779068
1565122317.9263606,77,0.2108134925365448
1565122324.545582,78,0.1612103134393692
1565122331.1367002,79,0.1949404776096344
1565122337.749322,80,0.2078372985124588
1565122344.3595018,81,0.1949404776096344
1565122350.9592233,82,0.176091268658638
1565122357.5693076,83,0.1527777761220932
1565122364.233652,84,0.1631944477558136
1565122370.891492,85,0.133432537317276
1565122377.5758793,86,0.1631944477558136
1565122384.2222195,87,0.1755952388048172
1565122390.8179905,88,0.1483134925365448
1565122397.4940567,89,0.153273805975914
1565122404.1702564,90,0.1825396865606308
1565122410.8512688,91,0.1830357164144516
1565122417.5134828,92,0.2088293582201004
1565122424.1916296,93,0.2083333283662796
1565122430.8452327,94,0.1805555522441864
1565122437.5318973,95,0.1855158656835556
1565122444.21642,96,0.1870039701461792
1565122450.8507807,97,0.1691468209028244
1565122457.4367387,98,0.1557539701461792
1565122464.0755641,99,0.2212301641702652
1565122470.7318287,100,0.1879960298538208
1565122477.4003868,101,0.176091268658638
1565122484.0457253,102,0.1939484179019928
1565122490.7095063,103,0.1825396865606308
1565122497.3616314,104,0.21329365670681
1565122504.0399597,105,0.1765872985124588
1565122510.6974783,106,0.1413690447807312
1565122517.3491108,107,0.1378968209028244
1565122524.0355792,108,0.1939484179019928
1565122530.6823437,109,0.1522817462682724
1565122537.258051,110,0.1324404776096344
1565122543.85664,111,0.133432537317276
1565122550.534275,112,0.1765872985124588
1565122557.1863482,113,0.1884920597076416
1565122563.8082852,114,0.1329365074634552
1565122570.4594412,115,0.1889880895614624
1565122577.125727,116,0.18204365670681
1565122583.773549,117,0.1299603134393692
1565122590.437403,118,0.1349206417798996
1565122597.1122732,119,0.1428571492433548
1565122603.7597997,120,0.15625
1565122610.4067214,121,0.1865079402923584
1565122617.0165884,122,0.1517857164144516
1565122623.6386037,123,0.1612103134393692
1565122630.2259371,124,0.159226194024086
1565122636.8421454,125,0.1651785671710968
1565122643.4231148,126,0.139384925365448
1565122650.026914,127,0.2078372985124588
1565122656.6482801,128,0.1850198358297348
1565122663.311977,129,0.2028769850730896
1565122669.9795525,130,0.2063492089509964
1565122676.633413,131,0.1726190447807312
1565122683.286929,132,0.1483134925365448
1565122689.9526248,133,0.1770833283662796
1565122696.6011474,134,0.1954365074634552
1565122703.2619805,135,0.2003968209028244
1565122709.8983603,136,0.1612103134393692
1565122716.5688338,137,0.2108134925365448
1565122723.1671157,138,0.2063492089509964
1565122729.7683218,139,0.1994047611951828
1565122736.3561354,140,0.2083333283662796
1565122743.0087023,141,0.1785714328289032
1565122749.6343784,142,0.1463293582201004
1565122756.2677767,143,0.1493055522441864
1565122762.8659117,144,0.1572420597076416
1565122769.457708,145,0.2028769850730896
1565122776.118909,146,0.2123015820980072
1565122782.7659729,147,0.1736111044883728
1565122789.4255695,148,0.153273805975914
1565122796.0464847,149,0.1810515820980072
1565122802.6765418,150,0.1512896865606308
1565122809.3012524,151,0.2008928507566452
1565122815.94864,152,0.1388888955116272
1565122822.541014,153,0.170634925365448
1565122829.1585326,154,0.2098214328289032
1565122835.7666502,155,0.1552579402923584
1565122842.4413652,156,0.1835317462682724
1565122849.089492,157,0.1512896865606308
1565122855.7713819,158,0.1711309552192688
1565122862.4315484,159,0.1289682537317276
1565123113.7844899,160,0.1344245970249176
1565123120.4351292,161,0.1830357164144516
1565123127.0564759,162,0.1701388955116272
1565123133.6965861,163,0.1091269850730896
1565123140.3764374,164,0.164682537317276
1565123147.0144806,165,0.173115074634552
1565123153.652968,166,0.1661706417798996
1565123160.3116233,167,0.1810515820980072
1565123166.8999774,168,0.2237103134393692
1565123173.5492468,169,0.221726194024086
1565123180.210689,170,0.1691468209028244
1565123186.811406,171,0.181547611951828
1565123193.4067757,172,0.2142857164144516
1565123202.3126729,173,0.1775793582201004
1565123208.9268339,174,0.1855158656835556
1565123215.5023527,175,0.1974206417798996
1565123222.1653883,176,0.1780754029750824
1565123228.7662685,177,0.2048611044883728
1565123235.402928,178,0.2063492089509964
1565123242.0365875,179,0.144841268658638
1565123248.6852171,180,0.1488095223903656
1565123255.3443856,181,0.1860119104385376
1565123262.0029728,182,0.1825396865606308
1565123268.6555538,183,0.1681547611951828
1565123275.2612484,184,0.1552579402923584
1565123281.9334693,185,0.173115074634552
1565123288.547904,186,0.1755952388048172
1565123295.19205,187,0.1870039701461792
1565123301.8187153,188,0.1567460298538208
1565123308.4459527,189,0.1651785671710968
1565123315.1249382,190,0.2023809552192688
1565123321.758439,191,0.1587301641702652
1565123328.3611796,192,0.2266865074634552
1565123335.0147219,193,0.1780754029750824
1565123341.6287494,194,0.1984127014875412
1565123348.2132688,195,0.215773805975914
1565123354.7863374,196,0.2038690447807312
1565123361.3756094,197,0.1944444477558136
1565123367.9783642,198,0.193452388048172
1565123374.584135,199,0.2410714328289032
