Wall time,Step,Value
1565121651.1573493,0,0.14850427210330963
1565121657.7837222,1,0.15016025304794312
1565121664.3055813,2,0.14353632926940918
1565121670.90466,3,0.16207264363765717
1565121677.4573061,4,0.13643161952495575
1565121684.0232072,5,0.12254273146390915
1565121690.6568172,6,0.14668802917003632
1565121697.291141,7,0.17793802917003632
1565121703.8561149,8,0.14006410539150238
1565121710.4886866,9,0.14155982434749603
1565121717.0992491,10,0.1518162339925766
1565121723.6889758,11,0.13643161952495575
1565121730.3289175,12,0.15032051503658295
1565121736.9764395,13,0.15197649598121643
1565121743.543692,14,0.16041666269302368
1565121750.0852444,15,0.14519231021404266
1565121756.6665795,16,0.13824786245822906
1565121763.3078532,17,0.12649573385715485
1565121769.9342713,18,0.14684829115867615
1565121776.5036497,19,0.13477563858032227
1565121783.1380203,20,0.14321580529212952
1565121789.7572517,21,0.11907051503658295
1565121796.3953028,22,0.14172008633613586
1565121803.0463185,23,0.14668802917003632
1565121809.6886413,24,0.14155982434749603
1565121816.2163763,25,0.20918802917003632
1565121822.7587898,26,0.17297008633613586
1565121829.3352673,27,0.17131410539150238
1565121835.9370837,28,0.13114316761493683
1565121842.579368,29,0.15379273891448975
1565121849.1853552,30,0.17446580529212952
1565121855.8332782,31,0.15544871985912323
1565121862.3994403,32,0.16041666269302368
1565121869.0151224,33,0.15048076212406158
1565121875.646528,34,0.18125000596046448
1565121882.2988148,35,0.14155982434749603
1565121888.9392502,36,0.20373931527137756
1565121895.5845296,37,0.16586539149284363
1565121902.2373173,38,0.20373931527137756
1565121908.8881018,39,0.22275641560554504
1565121915.5193646,40,0.15379273891448975
1565121922.1535797,41,0.18141025304794312
1565121928.7487166,42,0.20208333432674408
1565121935.3887534,43,0.17943376302719116
1565121942.0396037,44,0.18851496279239655
1565121948.6477818,45,0.18851496279239655
1565121955.297568,46,0.22622863948345184
1565121961.9466448,47,0.13856837153434753
1565121968.5950665,48,0.1349359005689621
1565121975.2299988,49,0.1488247811794281
1565121981.7960482,50,0.19711539149284363
1565121988.4369125,51,0.25566238164901733
1565121995.0644617,52,0.22243589162826538
1565122001.7085161,53,0.2745192348957062
1565122008.3515623,54,0.2589743733406067
1565122014.9275274,55,0.22740384936332703
1565122021.5702505,56,0.18141025304794312
1565122028.185274,57,0.2364850491285324
1565122034.818108,58,0.22457264363765717
1565122041.4267628,59,0.2710469961166382
1565122048.0137026,60,0.2988247871398926
1565122054.6363142,61,0.26971152424812317
1565122061.241775,62,0.2715277671813965
1565122067.8373845,63,0.289903849363327
1565122074.4170222,64,0.19497863948345184
1565122081.0559447,65,0.26971152424812317
1565122087.6997378,66,0.22622863948345184
1565122094.339777,67,0.295352578163147
1565122100.9751399,68,0.260630339384079
1565122107.6063018,69,0.13643161952495575
1565122114.2712767,70,0.13311965763568878
1565122120.9187613,71,0.1258547008037567
1565122127.5490026,72,0.12964743375778198
1565122134.184893,73,0.10352563858032227
1565122140.7772892,74,0.19332264363765717
1565122147.424346,75,0.12270299345254898
1565122154.0783508,76,0.16041666269302368
1565122160.6406858,77,0.13808760046958923
1565122167.284446,78,0.16025641560554504
1565122173.9293442,79,0.12467948347330093
1565122180.5281906,80,0.17248931527137756
1565122187.1648612,81,0.15726496279239655
1565122193.8177261,82,0.1657051295042038
1565122200.4655755,83,0.1587606817483902
1565122207.0947208,84,0.14668802917003632
1565122213.6672826,85,0.16239316761493683
1565122220.307152,86,0.15908119082450867
1565122226.9259772,87,0.1640491485595703
1565122233.5756931,88,0.1657051295042038
1565122240.1670287,89,0.17232905328273773
1565122246.7827601,90,0.16239316761493683
1565122253.4176905,91,0.17825855314731598
1565122260.0102954,92,0.14519231021404266
1565122266.6461835,93,0.16768161952495575
1565122273.172505,94,0.16949786245822906
1565122279.797554,95,0.1661859005689621
1565122286.4127412,96,0.18125000596046448
1565122292.9958408,97,0.16768161952495575
1565122299.6476357,98,0.1279914528131485
1565122306.2868917,99,0.1691773533821106
1565122312.9193661,100,0.1795940101146698
1565122319.5073626,101,0.18125000596046448
1565122326.1551597,102,0.18456196784973145
1565122332.7836185,103,0.17777778208255768
1565122339.3650155,104,0.18472221493721008
1565122345.9205952,105,0.15560896694660187
1565122352.4565117,106,0.1795940101146698
1565122359.027509,107,0.1384081244468689
1565122365.5934432,108,0.13990384340286255
1565122372.2268007,109,0.1661859005689621
1565122378.8255007,110,0.18472221493721008
1565122385.3995566,111,0.1795940101146698
1565122392.0471363,112,0.1617521345615387
1565122398.6883402,113,0.14503204822540283
1565122405.3274353,114,0.1488247811794281
1565122411.9453242,115,0.15363247692584991
1565122418.5661762,116,0.15363247692584991
1565122425.1960661,117,0.13990384340286255
1565122431.7681894,118,0.1587606817483902
1565122438.3307507,119,0.15726496279239655
1565122444.956966,120,0.15560896694660187
1565122451.5151258,121,0.15892094373703003
1565122458.0435164,122,0.14353632926940918
1565122464.668106,123,0.14337606728076935
1565122471.2215445,124,0.14684829115867615
1565122477.7655382,125,0.15512821078300476
1565122484.3679836,126,0.1726495772600174
1565122490.99019,127,0.18985043466091156
1565122497.630663,128,0.15908119082450867
1565122504.257462,129,0.14684829115867615
1565122510.898252,130,0.15000000596046448
1565122517.5152557,131,0.11939102411270142
1565122524.1060562,132,0.16554486751556396
1565122530.7372336,133,0.18322649598121643
1565122537.3403034,134,0.16073718667030334
1565122543.9692354,135,0.16768161952495575
1565122550.6170623,136,0.1397435963153839
1565122557.2604237,137,0.15844017267227173
1565122563.9073756,138,0.16933760046958923
1565122570.5294023,139,0.17793802917003632
1565122577.1784205,140,0.17793802917003632
1565122583.8151114,141,0.14716880023479462
1565122590.4240057,142,0.16239316761493683
1565122597.0641825,143,0.15032051503658295
1565122603.7149792,144,0.15560896694660187
1565122610.3372138,145,0.16554486751556396
1565122616.9543896,146,0.15379273891448975
1565122623.5178828,147,0.16420939564704895
1565122630.2184553,148,0.162232905626297
1565122636.8583207,149,0.15213675796985626
1565122643.381138,150,0.15560896694660187
1565122650.001607,151,0.14519231021404266
1565122656.5432742,152,0.15213675796985626
1565122663.0826173,153,0.18157051503658295
1565122669.666525,154,0.1448718011379242
1565122676.298551,155,0.1483440101146698
1565122682.9477906,156,0.17644231021404266
1565122689.5952399,157,0.15892094373703003
1565122696.274116,158,0.17297008633613586
1565122702.9158804,159,0.16089743375778198
1565122709.5696375,160,0.16388888657093048
1565122716.2080672,161,0.1795940101146698
1565122722.8598957,162,0.15395298600196838
1565122729.4954708,163,0.1605769246816635
1565122736.1161265,164,0.1627136766910553
1565122742.646557,165,0.1453525573015213
1565122749.2228308,166,0.15048076212406158
1565122755.8371615,167,0.16388888657093048
1565122762.4083707,168,0.14337606728076935
1565122769.0508676,169,0.13295939564704895
1565122775.688194,170,0.17777778208255768
1565122782.3163214,171,0.17975427210330963
1565122788.9066625,172,0.15544871985912323
1565122795.5176427,173,0.15213675796985626
1565122802.1170278,174,0.15379273891448975
1565122808.7683256,175,0.18290598690509796
1565122815.4168003,176,0.17446580529212952
1565122822.0359976,177,0.13824786245822906
1565122828.6446595,178,0.16554486751556396
1565122835.197031,179,0.1761218011379242
1565122841.8476737,180,0.20010684430599213
1565122848.4952009,181,0.1900106817483902
1565122855.0255513,182,0.1587606817483902
1565122861.6645627,183,0.16602563858032227
1565123119.163521,184,0.16720084846019745
1565123125.7468877,185,0.18157051503658295
1565123132.2740874,186,0.1709935963153839
1565123138.8607554,187,0.2017628252506256
1565123145.4075305,188,0.19497863948345184
1565123152.0396411,189,0.15560896694660187
1565123158.676488,190,0.18504273891448975
1565123165.307403,191,0.18322649598121643
1565123171.9568274,192,0.17628204822540283
1565123178.5977862,193,0.20555555820465088
1565123185.2527556,194,0.19166666269302368
1565123191.7742639,195,0.1726495772600174
1565123198.3704858,196,0.20886752009391785
1565123205.0056443,197,0.17446580529212952
1565123211.5564015,198,0.20507478713989258
1565123218.195209,199,0.1830662339925766
