Wall time,Step,Value
1565121805.5367858,0,0.11822916567325592
1565121812.149295,1,0.0833333358168602
1565121818.7246025,2,0.14114584028720856
1565121825.3088715,3,0.07656250149011612
1565121831.89813,4,0.34322917461395264
1565121838.4980721,5,0.3151041567325592
1565121845.0762231,6,0.3291666805744171
1565121851.7032228,7,0.3151041567325592
1565121858.3172355,8,0.2786458432674408
1565121864.9125378,9,0.25312501192092896
1565121871.511071,10,0.19843749701976776
1565121878.0901859,11,0.3151041567325592
1565121884.6892471,12,0.28125
1565121891.2771974,13,0.2770833373069763
1565121897.8810058,14,0.21666666865348816
1565121904.5159013,15,0.2666666805744171
1565121911.092428,16,0.20520833134651184
1565121917.6800044,17,0.20624999701976776
1565121924.2492096,18,0.25729167461395264
1565121930.8381882,19,0.26875001192092896
1565121937.4063458,20,0.17135415971279144
1565121943.977503,21,0.20260415971279144
1565121950.5763657,22,0.19479165971279144
1565121957.1640072,23,0.20104166865348816
1565121963.755634,24,0.2692708373069763
1565121970.3424416,25,0.2552083432674408
1565121976.9451656,26,0.23489584028720856
1565121983.5166001,27,0.2640624940395355
1565121990.129686,28,0.22604165971279144
1565121996.7449782,29,0.26875001192092896
1565122003.3309686,30,0.24166665971279144
1565122009.899634,31,0.20624999701976776
1565122016.4906948,32,0.3453125059604645
1565122023.1230938,33,0.31979167461395264
1565122029.726058,34,0.2734375
1565122036.3260155,35,0.21979166567325592
1565122042.9205153,36,0.2395833283662796
1565122049.4774892,37,0.22812500596046448
1565122056.0755024,38,0.2953124940395355
1565122062.667294,39,0.23333333432674408
1565122069.2742639,40,0.2692708373069763
1565122075.8626657,41,0.2708333432674408
1565122082.46896,42,0.17031249403953552
1565122089.048869,43,0.29739582538604736
1565122095.5991518,44,0.2619791626930237
1565122102.1719644,45,0.2854166626930237
1565122108.753237,46,0.2619791626930237
1565122115.3479514,47,0.10781250149011612
1565122121.9658332,48,0.0729166641831398
1565122128.5802135,49,0.11041666567325592
1565122135.1540244,50,0.14635416865348816
1565122141.7944198,51,0.21145834028720856
1565122148.497643,52,0.0963541641831398
1565122155.059792,53,0.12968750298023224
1565122161.6701634,54,0.12968750298023224
1565122168.2670329,55,0.14791665971279144
1565122174.8723156,56,0.16718749701976776
1565122181.4881365,57,0.17083333432674408
1565122188.057256,58,0.24166665971279144
1565122194.6381307,59,0.16614583134651184
1565122201.2296147,60,0.15416666865348816
1565122207.8517215,61,0.27395832538604736
1565122214.4427183,62,0.21562500298023224
1565122221.0450907,63,0.23281249403953552
1565122227.6050208,64,0.0859375
1565122234.1869175,65,0.10520832985639572
1565122240.7687173,66,0.10000000149011612
1565122247.371942,67,0.10885416716337204
1565122253.9488401,68,0.09479166567325592
1565122260.5200286,69,0.11666666716337204
1565122267.0983596,70,0.08437500149011612
1565122273.695503,71,0.07916666567325592
1565122280.3271635,72,0.0859375
1565122286.896563,73,0.0911458358168602
1565122293.5131445,74,0.09218750149011612
1565122300.1228576,75,0.09218750149011612
1565122306.729463,76,0.10625000298023224
1565122313.3444548,77,0.10625000298023224
1565122319.973914,78,0.078125
1565122326.6060395,79,0.10625000298023224
1565122333.1744654,80,0.09218750149011612
1565122339.7783065,81,0.09218750149011612
1565122346.3629172,82,0.12031249701976776
1565122352.9496038,83,0.21562500298023224
1565122359.5637975,84,0.078125
1565122366.1591651,85,0.0807291641831398
1565122372.7163355,86,0.09218750149011612
1565122379.2993913,87,0.12031249701976776
1565122385.9385228,88,0.078125
1565122392.528453,89,0.10885416716337204
1565122399.1481848,90,0.08697916567325592
1565122405.7333996,91,0.20156249403953552
1565122412.321686,92,0.13437500596046448
1565122418.9156713,93,0.12083332985639572
1565122425.5041935,94,0.12343750149011612
1565122432.0718858,95,0.09479166567325592
1565122438.684409,96,0.12031249701976776
1565122445.2954948,97,0.14635416865348816
1565122451.9124691,98,0.13489583134651184
1565122458.5191772,99,0.16041666269302368
1565122465.1079514,100,0.0859375
1565122471.675454,101,0.09218750149011612
1565122478.295464,102,0.13489583134651184
1565122484.9257894,103,0.1770833283662796
1565122491.5299828,104,0.14010415971279144
1565122498.1223974,105,0.15416666865348816
1565122504.7386727,106,0.17604166269302368
1565122511.3166027,107,0.12031249701976776
1565122517.8873818,108,0.16458334028720856
1565122524.4528205,109,0.12083332985639572
1565122531.0389218,110,0.109375
1565122537.6091537,111,0.09479166567325592
1565122544.176042,112,0.10625000298023224
1565122550.7598102,113,0.2697916626930237
1565122557.3336496,114,0.14895834028720856
1565122563.920899,115,0.10885416716337204
1565122570.5334065,116,0.109375
1565122577.1184297,117,0.12187500298023224
1565122583.755465,118,0.2645833194255829
1565122590.3422914,119,0.2979166805744171
1565122596.9416697,120,0.22447916865348816
1565122603.5192468,121,0.11145833134651184
1565122610.1198452,122,0.10364583134651184
1565122616.6975498,123,0.12291666865348816
1565122623.329319,124,0.12968750298023224
1565122629.9211009,125,0.1067708358168602
1565122636.5409064,126,0.11406250298023224
1565122643.1220617,127,0.078125
1565122649.7066755,128,0.0807291641831398
1565122656.285551,129,0.10885416716337204
1565122662.8628256,130,0.13489583134651184
1565122669.4749007,131,0.21302083134651184
1565122676.0808902,132,0.08958332985639572
1565122682.6603825,133,0.09218750149011612
1565122689.2729592,134,0.0833333358168602
1565122695.8630176,135,0.22604165971279144
1565122702.457815,136,0.10885416716337204
1565122709.050445,137,0.13593749701976776
1565122715.6411521,138,0.10364583134651184
1565122722.2529552,139,0.11145833134651184
1565122728.8784554,140,0.3031249940395355
1565122735.4590392,141,0.17604166269302368
1565122742.0295293,142,0.13229165971279144
1565122748.5990226,143,0.13124999403953552
1565122755.2040079,144,0.15416666865348816
1565122761.7852402,145,0.13229165971279144
1565122768.4113572,146,0.09739582985639572
1565122774.989375,147,0.21666666865348816
1565122781.5707874,148,0.13593749701976776
1565122788.1570673,149,0.1197916641831398
1565122794.7446637,150,0.13593749701976776
1565122801.348366,151,0.2671875059604645
1565122807.918282,152,0.27916666865348816
1565122814.535423,153,0.24895833432674408
1565122821.1134446,154,0.14218750596046448
1565122827.6936395,155,0.078125
1565122834.2849004,156,0.09479166567325592
1565122840.8544104,157,0.10104166716337204
1565122847.483792,158,0.1041666641831398
1565122854.1135502,159,0.0911458358168602
1565122860.6886497,160,0.22864583134651184
1565123113.8028142,161,0.109375
1565123120.4045436,162,0.16041666269302368
1565123127.0049098,163,0.1770833283662796
1565123133.5832381,164,0.0885416641831398
1565123140.2090907,165,0.14895834028720856
1565123146.803264,166,0.19166666269302368
1565123153.3678648,167,0.2619791626930237
1565123159.938435,168,0.13750000298023224
1565123166.5273228,169,0.11562500149011612
1565123173.1231492,170,0.16093750298023224
1565123179.7202003,171,0.12708333134651184
1565123186.2852366,172,0.13489583134651184
1565123192.864819,173,0.2927083373069763
1565123199.4516084,174,0.14270833134651184
1565123206.0287592,175,0.1119791641831398
1565123212.6239917,176,0.18802084028720856
1565123219.1992555,177,0.1041666641831398
1565123225.826199,178,0.15937499701976776
1565123232.449516,179,0.22291666269302368
1565123239.0704355,180,0.16093750298023224
1565123245.6709216,181,0.2979166805744171
1565123252.2999914,182,0.16197916865348816
1565123258.9097803,183,0.23489584028720856
1565123265.5215516,184,0.1171875
1565123272.1074572,185,0.14791665971279144
1565123278.6908975,186,0.15052083134651184
1565123285.2440143,187,0.3125
1565123291.882887,188,0.22812500596046448
1565123298.462706,189,0.2796874940395355
1565123305.0392818,190,0.1927083283662796
1565123311.6108627,191,0.16041666269302368
1565123318.214559,192,0.09218750149011612
1565123324.7962925,193,0.0833333358168602
1565123331.3544981,194,0.11770833283662796
1565123337.937265,195,0.09218750149011612
1565123344.4990184,196,0.0989583358168602
1565123351.0780852,197,0.12083332985639572
1565123357.6166282,198,0.140625
1565123364.186533,199,0.11666666716337204
