Wall time,Step,Value
1565121639.22439,0,0.0911458358168602
1565121645.9928236,1,0.2536458373069763
1565121652.7100856,2,0.2536458373069763
1565121659.4206815,3,0.1015625
1565121666.1245675,4,0.21197916567325592
1565121672.8835292,5,0.18541666865348816
1565121679.6469786,6,0.09375
1565121686.3718364,7,0.16197916865348816
1565121693.096398,8,0.14635416865348816
1565121699.835369,9,0.0989583358168602
1565121706.5875354,10,0.0963541641831398
1565121713.3600702,11,0.0677083358168602
1565121720.1105433,12,0.1458333283662796
1565121726.8587282,13,0.20677083730697632
1565121733.6143024,14,0.14114584028720856
1565121740.3369706,15,0.15416666865348816
1565121747.0660875,16,0.1067708358168602
1565121753.8176854,17,0.20364584028720856
1565121760.5710564,18,0.1276041716337204
1565121767.3141978,19,0.19895833730697632
1565121774.0374339,20,0.17239584028720856
1565121780.77985,21,0.16718749701976776
1565121787.5217211,22,0.09375
1565121794.2502935,23,0.1197916641831398
1565121800.9634001,24,0.1197916641831398
1565121807.7062843,25,0.17239584028720856
1565121814.4834204,26,0.22968749701976776
1565121821.2367737,27,0.17239584028720856
1565121828.0025382,28,0.1223958358168602
1565121834.7461972,29,0.1536458283662796
1565121841.5136912,30,0.1302083283662796
1565121848.2330987,31,0.1223958358168602
1565121854.9700375,32,0.1510416716337204
1565121861.69501,33,0.15625
1565121868.4433515,34,0.1276041716337204
1565121875.1695673,35,0.15416666865348816
1565121881.8990085,36,0.15937499701976776
1565121888.6205752,37,0.20885416865348816
1565121895.3697736,38,0.1380208283662796
1565121902.110639,39,0.1276041716337204
1565121908.8272188,40,0.2770833373069763
1565121915.553608,41,0.21406249701976776
1565121922.2679327,42,0.2562499940395355
1565121929.0237112,43,0.3192708194255829
1565121935.7585294,44,0.203125
1565121942.547447,45,0.21666666865348816
1565121949.2774208,46,0.21927084028720856
1565121956.0282114,47,0.34322917461395264
1565121962.781561,48,0.23489584028720856
1565121969.5435355,49,0.3239583373069763
1565121976.2860813,50,0.26875001192092896
1565121983.062006,51,0.28437501192092896
1565121989.7985988,52,0.1015625
1565121996.5371778,53,0.125
1565122003.2860997,54,0.18020834028720856
1565122010.0124905,55,0.1380208283662796
1565122016.7275693,56,0.17239584028720856
1565122023.4609914,57,0.1744791716337204
1565122030.1985323,58,0.21927084028720856
1565122036.9497225,59,0.24062499403953552
1565122043.6470463,60,0.23229166865348816
1565122050.375102,61,0.22968749701976776
1565122057.133695,62,0.1510416716337204
1565122063.8819966,63,0.1822916716337204
1565122070.6387212,64,0.22708334028720856
1565122077.3484726,65,0.203125
1565122084.098612,66,0.25312501192092896
1565122090.855428,67,0.25312501192092896
1565122097.6111367,68,0.1822916716337204
1565122104.3509126,69,0.2692708373069763
1565122111.0780334,70,0.3135416805744171
1565122117.808356,71,0.17760416865348816
1565122124.5730183,72,0.21145834028720856
1565122131.2787035,73,0.2874999940395355
1565122137.9693186,74,0.3192708194255829
1565122144.7154465,75,0.24583333730697632
1565122151.4653215,76,0.1796875
1565122158.2219129,77,0.2979166805744171
1565122164.9866366,78,0.2796874940395355
1565122171.7406273,79,0.2744791805744171
1565122178.5063508,80,0.2666666805744171
1565122185.2469196,81,0.1770833283662796
1565122191.9947476,82,0.24791666865348816
1565122198.7895262,83,0.24270834028720856
1565122205.5882936,84,0.3635416626930237
1565122212.3289583,85,0.2057291716337204
1565122219.059809,86,0.39270833134651184
1565122225.8313243,87,0.1927083283662796
1565122232.6069903,88,0.28437501192092896
1565122239.37728,89,0.1770833283662796
1565122246.151009,90,0.1953125
1565122252.9343684,91,0.2901041805744171
1565122259.6846218,92,0.23749999701976776
1565122266.4630408,93,0.1875
1565122273.2442489,94,0.3635416626930237
1565122280.014952,95,0.3083333373069763
1565122286.7255192,96,0.1848958283662796
1565122293.4967694,97,0.3479166626930237
1565122300.2419968,98,0.20364584028720856
1565122306.9705162,99,0.2135416716337204
1565122313.7015254,100,0.20364584028720856
1565122320.4665308,101,0.21406249701976776
1565122327.2150958,102,0.19843749701976776
1565122333.9867547,103,0.3505208194255829
1565122340.7286446,104,0.2005208283662796
1565122347.504731,105,0.1588541716337204
1565122354.2792282,106,0.26354166865348816
1565122361.0307093,107,0.2770833373069763
1565122367.8035939,108,0.203125
1565122374.5516522,109,0.2979166805744171
1565122381.2664819,110,0.20104166865348816
1565122388.0282009,111,0.2958333194255829
1565122394.7695842,112,0.2692708373069763
1565122401.4995055,113,0.1848958283662796
1565122408.238255,114,0.25052082538604736
1565122414.9719563,115,0.1822916716337204
1565122421.7541099,116,0.21145834028720856
1565122428.490771,117,0.25312501192092896
1565122435.2384868,118,0.23749999701976776
1565122442.004439,119,0.2901041805744171
1565122448.7890754,120,0.24010416865348816
1565122455.596304,121,0.2927083373069763
1565122462.31485,122,0.1692708283662796
1565122469.076045,123,0.2979166805744171
1565122475.8351872,124,0.3635416626930237
1565122482.61442,125,0.203125
1565122489.3965433,126,0.3557291626930237
1565122496.157873,127,0.3083333373069763
1565122502.916985,128,0.3427083194255829
1565122509.6675148,129,0.2927083373069763
1565122516.6664464,130,0.3213541805744171
1565122523.4247925,131,0.2135416716337204
1565122530.207513,132,0.2848958373069763
1565122536.9755554,133,0.24270834028720856
1565122543.699042,134,0.25833332538604736
1565122550.4176383,135,0.2265625
1565122557.1583202,136,0.2083333283662796
1565122563.8951278,137,0.2666666805744171
1565122570.6411104,138,0.40312498807907104
1565122577.3766022,139,0.23229166865348816
1565122584.1034133,140,0.3083333373069763
1565122590.833598,141,0.3005208373069763
1565122597.780975,142,0.3109374940395355
1565122604.514483,143,0.2744791805744171
1565122611.2705905,144,0.26875001192092896
1565122618.027885,145,0.3083333373069763
1565122624.855389,146,0.234375
1565122631.5823374,147,0.29739582538604736
1565122638.328995,148,0.24791666865348816
1565122645.0605953,149,0.2536458373069763
1565122651.814902,150,0.1588541716337204
1565122658.5807183,151,0.2796874940395355
1565122665.370709,152,0.27395832538604736
1565122672.1075568,153,0.2239583283662796
1565122678.8625512,154,0.2979166805744171
1565122685.6194596,155,0.2953124940395355
1565122692.3535461,156,0.2953124940395355
1565122699.1159465,157,0.25312501192092896
1565122705.8658938,158,0.3369791805744171
1565122712.6366405,159,0.28177082538604736
1565122719.4033465,160,0.3343749940395355
1565122726.1746817,161,0.3369791805744171
1565122732.9370852,162,0.26093751192092896
1565122739.6836472,163,0.3239583373069763
1565122746.4133985,164,0.3343749940395355
1565122753.1388102,165,0.27135416865348816
1565122759.8939395,166,0.3109374940395355
1565122766.6344552,167,0.2083333283662796
1565122773.3974614,168,0.3083333373069763
1565122780.1603262,169,0.4505208432674408
1565122786.9248133,170,0.2265625
1565122793.6977575,171,0.3005208373069763
1565122800.4366865,172,0.2213541716337204
1565122807.21587,173,0.1927083283662796
1565122814.0171373,174,0.25833332538604736
1565122820.8015187,175,0.41354167461395264
1565122827.5763478,176,0.2796874940395355
1565122834.3560834,177,0.27135416865348816
1565122841.1051776,178,0.3687500059604645
1565122847.8752618,179,0.30781251192092896
1565122854.6526105,180,0.27135416865348816
1565122861.443352,181,0.2135416716337204
1565123117.4229977,182,0.2239583283662796
1565123124.1902897,183,0.3109374940395355
1565123130.924765,184,0.24270834028720856
1565123137.685142,185,0.27135416865348816
1565123144.4018712,186,0.3817708194255829
1565123151.1144035,187,0.29218751192092896
1565123157.8241723,188,0.3083333373069763
1565123164.597906,189,0.27916666865348816
1565123171.3390322,190,0.3213541805744171
1565123178.1059577,191,0.3031249940395355
1565123184.902019,192,0.26614582538604736
1565123191.6483204,193,0.3083333373069763
1565123198.4177735,194,0.41614583134651184
1565123205.1708658,195,0.4052083194255829
1565123211.9133813,196,0.29479166865348816
1565123218.6938834,197,0.3239583373069763
1565123225.4632695,198,0.2291666716337204
1565123232.2309163,199,0.27395832538604736
