Wall time,Step,Value
1565121818.1434114,0,0.2421875
1565121825.3816414,1,0.2317708283662796
1565121832.4612122,2,0.1484375
1565121839.6867628,3,0.1119791641831398
1565121846.7006593,4,0.1458333283662796
1565121853.9184513,5,0.2161458283662796
1565121861.3491545,6,0.1614583283662796
1565121868.786018,7,0.2526041567325592
1565121876.2496057,8,0.203125
1565121883.6497014,9,0.1822916716337204
1565121891.0881746,10,0.1328125
1565121898.5285754,11,0.2109375
1565121906.0169394,12,0.1979166716337204
1565121913.0053434,13,0.2135416716337204
1565121920.073471,14,0.1979166716337204
1565121927.5589495,15,0.2083333283662796
1565121935.0351024,16,0.2161458283662796
1565121942.4796634,17,0.21875
1565121949.9421046,18,0.1953125
1565121956.996569,19,0.234375
1565121964.0733516,20,0.2005208283662796
1565121971.3214567,21,0.1744791716337204
1565121978.3826873,22,0.2552083432674408
1565121985.4435327,23,0.2786458432674408
1565121992.507363,24,0.1953125
1565121999.7602186,25,0.2317708283662796
1565122007.1813753,26,0.1979166716337204
1565122014.4354017,27,0.2005208283662796
1565122021.6694071,28,0.21875
1565122029.1240196,29,0.2057291716337204
1565122036.5544727,30,0.2630208432674408
1565122044.0283508,31,0.1901041716337204
1565122051.5426154,32,0.2057291716337204
1565122058.9959667,33,0.1302083283662796
1565122066.473107,34,0.2005208283662796
1565122073.632702,35,0.2395833283662796
1565122081.1157658,36,0.2135416716337204
1565122088.2864501,37,0.2447916716337204
1565122095.6476362,38,0.2005208283662796
1565122102.8231766,39,0.1614583283662796
1565122109.853753,40,0.2864583432674408
1565122116.8798933,41,0.2708333432674408
1565122123.8862133,42,0.2838541567325592
1565122131.299662,43,0.2864583432674408
1565122138.4422257,44,0.2369791716337204
1565122145.9092753,45,0.2317708283662796
1565122153.3945942,46,0.2604166567325592
1565122160.8655658,47,0.2265625
1565122168.351012,48,0.2942708432674408
1565122175.6657095,49,0.3333333432674408
1565122182.795371,50,0.2760416567325592
1565122189.8374572,51,0.3046875
1565122197.0288403,52,0.328125
1565122204.3838634,53,0.2291666716337204
1565122211.8287692,54,0.265625
1565122219.2769182,55,0.2864583432674408
1565122226.7541966,56,0.2734375
1565122234.21841,57,0.28125
1565122241.7104042,58,0.3411458432674408
1565122249.1710207,59,0.3203125
1565122256.6837363,60,0.3177083432674408
1565122263.9768667,61,0.328125
1565122271.0458927,62,0.2916666567325592
1565122278.5066483,63,0.3828125
1565122285.5640795,64,0.3177083432674408
1565122292.7101982,65,0.3125
1565122300.1477172,66,0.2864583432674408
1565122307.1826448,67,0.3151041567325592
1565122314.2066205,68,0.3125
1565122321.2576668,69,0.2265625
1565122328.384222,70,0.1796875
1565122335.7023456,71,0.3072916567325592
1565122343.1273015,72,0.2552083432674408
1565122350.5581465,73,0.2630208432674408
1565122357.7486377,74,0.2786458432674408
1565122365.0683753,75,0.2890625
1565122372.5207021,76,0.3151041567325592
1565122379.5662029,77,0.3203125
1565122386.838097,78,0.3046875
1565122394.2393513,79,0.3359375
1565122401.3667345,80,0.2578125
1565122408.4589548,81,0.3046875
1565122415.7498405,82,0.28125
1565122422.829129,83,0.3307291567325592
1565122430.063024,84,0.3463541567325592
1565122437.0719664,85,0.3203125
1565122444.421264,86,0.34375
1565122451.4489763,87,0.3385416567325592
1565122458.8537555,88,0.296875
1565122466.2634044,89,0.3125
1565122473.7387378,90,0.3046875
1565122481.149185,91,0.2760416567325592
1565122488.5860777,92,0.3255208432674408
1565122495.6466424,93,0.3046875
1565122503.0828493,94,0.3411458432674408
1565122510.1937683,95,0.2786458432674408
1565122517.3485425,96,0.3203125
1565122524.3682606,97,0.2838541567325592
1565122531.4280531,98,0.2994791567325592
1565122538.7012122,99,0.203125
1565122546.168764,100,0.2890625
1565122553.5953064,101,0.2526041567325592
1565122561.0558755,102,0.296875
1565122568.5522645,103,0.3229166567325592
1565122575.9986815,104,0.3671875
1565122583.4534988,105,0.34375
1565122590.9458416,106,0.3567708432674408
1565122598.2267137,107,0.3385416567325592
1565122605.7331233,108,0.34375
1565122613.1486673,109,0.3697916567325592
1565122620.5871444,110,0.375
1565122628.0521255,111,0.3489583432674408
1565122635.1248674,112,0.3854166567325592
1565122642.5148098,113,0.34375
1565122649.7078676,114,0.3515625
1565122656.9684436,115,0.4088541567325592
1565122664.4258971,116,0.390625
1565122671.8305469,117,0.3463541567325592
1565122678.9727392,118,0.2890625
1565122686.5434372,119,0.15625
1565122693.9875767,120,0.203125
1565122700.9981856,121,0.0833333358168602
1565122708.0509136,122,0.1458333283662796
1565122715.1191032,123,0.1822916716337204
1565122722.1712668,124,0.2005208283662796
1565122729.5721917,125,0.1927083283662796
1565122737.0075426,126,0.2526041567325592
1565122744.484607,127,0.1770833283662796
1565122751.9566243,128,0.2083333283662796
1565122759.3713672,129,0.1614583283662796
1565122766.4745438,130,0.1822916716337204
1565122773.73475,131,0.2109375
1565122780.825487,132,0.1953125
1565122788.237236,133,0.1822916716337204
1565122795.305929,134,0.1770833283662796
1565122802.3463461,135,0.1848958283662796
1565122809.4123979,136,0.1848958283662796
1565122816.6688495,137,0.2395833283662796
1565122823.7491121,138,0.1067708358168602
1565122830.8428555,139,0.2005208283662796
1565122838.2482374,140,0.2057291716337204
1565122845.5986388,141,0.1875
1565122852.6520157,142,0.203125
1565122860.1677387,143,0.140625
1565122867.5397563,144,0.1380208283662796
1565123114.4675677,145,0.1432291716337204
1565123121.5879996,146,0.1484375
1565123128.6629949,147,0.1328125
1565123135.7302618,148,0.0963541641831398
1565123142.7934654,149,0.1015625
1565123149.982609,150,0.1875
1565123157.4459856,151,0.2317708283662796
1565123164.8028538,152,0.1328125
1565123171.9527981,153,0.1171875
1565123179.3360937,154,0.1614583283662796
1565123186.7064705,155,0.1692708283662796
1565123193.863404,156,0.2395833283662796
1565123202.7344637,157,0.21875
1565123209.85862,158,0.2395833283662796
1565123216.9540818,159,0.125
1565123224.414738,160,0.1744791716337204
1565123231.8522172,161,0.140625
1565123238.941969,162,0.1848958283662796
1565123246.0375817,163,0.1692708283662796
1565123253.3636978,164,0.1822916716337204
1565123260.8527553,165,0.1901041716337204
1565123268.3181255,166,0.1302083283662796
1565123275.388648,167,0.1432291716337204
1565123282.4383242,168,0.1901041716337204
1565123289.5770586,169,0.1692708283662796
1565123297.059336,170,0.1692708283662796
1565123304.3126893,171,0.2447916716337204
1565123311.4035628,172,0.1822916716337204
1565123318.5813696,173,0.125
1565123325.9885437,174,0.1692708283662796
1565123333.4017973,175,0.1901041716337204
1565123340.7979321,176,0.1119791641831398
1565123348.2814147,177,0.2135416716337204
1565123355.35867,178,0.1432291716337204
1565123362.7017152,179,0.2421875
1565123370.0863113,180,0.2161458283662796
1565123377.1643503,181,0.1927083283662796
1565123384.1616127,182,0.1979166716337204
1565123391.1738977,183,0.1927083283662796
1565123398.2054474,184,0.2239583283662796
1565123405.3446927,185,0.1588541716337204
1565123412.8019938,186,0.2526041567325592
1565123420.252475,187,0.2083333283662796
1565123427.7095227,188,0.1588541716337204
1565123434.8429313,189,0.1692708283662796
1565123442.136963,190,0.1119791641831398
1565123449.5994437,191,0.1875
1565123456.7970896,192,0.1770833283662796
1565123463.8610454,193,0.1692708283662796
1565123470.9297817,194,0.1536458283662796
1565123478.0090773,195,0.2083333283662796
1565123485.0717824,196,0.2083333283662796
1565123492.144743,197,0.1614583283662796
1565123499.217913,198,0.2135416716337204
1565123506.2875686,199,0.1744791716337204
