Wall time,Step,Value
1565121806.6919458,0,0.1240079328417778
1565121813.480246,1,0.1225198432803154
1565121820.2131557,2,0.1254960298538208
1565121826.9527707,3,0.1810515820980072
1565121833.7162163,4,0.1681547611951828
1565121840.4717789,5,0.0987103208899498
1565121847.2462332,6,0.1522817462682724
1565121854.0565925,7,0.153273805975914
1565121860.8704424,8,0.1537698358297348
1565121867.6416576,9,0.1388888955116272
1565121874.424902,10,0.1269841343164444
1565121881.1792462,11,0.130952388048172
1565121887.953907,12,0.1274801641702652
1565121894.7222862,13,0.1264880895614624
1565121901.50718,14,0.1245039701461792
1565121908.2807777,15,0.1210317462682724
1565121915.0544882,16,0.1314484179019928
1565121921.7849114,17,0.1765872985124588
1565121928.5069733,18,0.139384925365448
1565121935.272212,19,0.1259920597076416
1565121941.993312,20,0.1582341343164444
1565121948.7573833,21,0.125
1565121955.525213,22,0.162202388048172
1565121962.270734,23,0.1795634925365448
1565121969.0477266,24,0.1686507910490036
1565121975.8213744,25,0.1443452388048172
1565121982.5511093,26,0.1775793582201004
1565121989.3322322,27,0.1329365074634552
1565121996.1221755,28,0.1185515895485878
1565122002.8753204,29,0.1299603134393692
1565122009.6121385,30,0.184523805975914
1565122016.351412,31,0.190476194024086
1565122023.1406078,32,0.2658730149269104
1565122029.9045372,33,0.2053571492433548
1565122036.6848414,34,0.1274801641702652
1565122043.4637434,35,0.167658731341362
1565122050.188389,36,0.1651785671710968
1565122056.966094,37,0.1681547611951828
1565122063.7476954,38,0.1661706417798996
1565122070.5221913,39,0.1671627014875412
1565122077.3114934,40,0.1671627014875412
1565122084.0709672,41,0.1666666716337204
1565122090.8043315,42,0.1681547611951828
1565122097.530408,43,0.1651785671710968
1565122104.276419,44,0.1651785671710968
1565122111.0433178,45,0.1656745970249176
1565122117.8147724,46,0.1666666716337204
1565122124.5957727,47,0.1666666716337204
1565122131.3892963,48,0.1686507910490036
1565122138.1526036,49,0.1661706417798996
1565122144.97673,50,0.167658731341362
1565122151.7455878,51,0.1686507910490036
1565122158.4990942,52,0.1696428507566452
1565122165.2746153,53,0.1681547611951828
1565122172.0328598,54,0.1656745970249176
1565122178.8316426,55,0.167658731341362
1565122185.611113,56,0.1696428507566452
1565122192.3510919,57,0.1656745970249176
1565122199.1208622,58,0.170634925365448
1565122205.9096637,59,0.1671627014875412
1565122212.6391969,60,0.1661706417798996
1565122219.4132986,61,0.167658731341362
1565122226.1504242,62,0.1666666716337204
1565122232.87888,63,0.1671627014875412
1565122239.6000845,64,0.167658731341362
1565122246.3565497,65,0.167658731341362
1565122253.1108046,66,0.1686507910490036
1565122259.811413,67,0.1636904776096344
1565122266.5454123,68,0.1686507910490036
1565122273.309256,69,0.1661706417798996
1565122280.1087415,70,0.1661706417798996
1565122286.8295214,71,0.1661706417798996
1565122293.611554,72,0.1681547611951828
1565122300.3806329,73,0.1651785671710968
1565122307.1589944,74,0.167658731341362
1565122313.962401,75,0.1631944477558136
1565122320.7623239,76,0.164682537317276
1565122327.565921,77,0.1671627014875412
1565122334.2964752,78,0.164682537317276
1565122341.0814006,79,0.167658731341362
1565122347.8213913,80,0.1651785671710968
1565122354.5486844,81,0.1661706417798996
1565122361.3491945,82,0.1681547611951828
1565122368.097422,83,0.1696428507566452
1565122374.8292572,84,0.1656745970249176
1565122381.609437,85,0.1671627014875412
1565122388.3794467,86,0.1661706417798996
1565122395.155648,87,0.1671627014875412
1565122401.9004416,88,0.1661706417798996
1565122408.6413808,89,0.1671627014875412
1565122415.392585,90,0.1671627014875412
1565122422.1650026,91,0.167658731341362
1565122428.9309497,92,0.1696428507566452
1565122435.6502213,93,0.1666666716337204
1565122442.4289174,94,0.1641865074634552
1565122449.2234714,95,0.1661706417798996
1565122456.0302467,96,0.1671627014875412
1565122462.7690818,97,0.1666666716337204
1565122469.521136,98,0.1656745970249176
1565122476.3020158,99,0.1661706417798996
1565122483.1000237,100,0.1661706417798996
1565122489.8851213,101,0.1656745970249176
1565122496.6473973,102,0.1661706417798996
1565122503.4564495,103,0.1661706417798996
1565122510.2056212,104,0.1701388955116272
1565122516.9545486,105,0.1681547611951828
1565122523.6706488,106,0.1641865074634552
1565122530.4221294,107,0.1651785671710968
1565122537.1355233,108,0.1671627014875412
1565122543.8551288,109,0.1651785671710968
1565122550.5720448,110,0.1636904776096344
1565122557.3142931,111,0.1661706417798996
1565122564.0817316,112,0.1656745970249176
1565122570.8589973,113,0.1661706417798996
1565122577.61918,114,0.167658731341362
1565122584.423137,115,0.1641865074634552
1565122591.1682985,116,0.1661706417798996
1565122597.9269383,117,0.167658731341362
1565122604.676819,118,0.1671627014875412
1565122611.4487345,119,0.167658731341362
1565122618.1747952,120,0.1666666716337204
1565122624.9638803,121,0.1666666716337204
1565122631.692325,122,0.1681547611951828
1565122638.481636,123,0.1661706417798996
1565122645.225734,124,0.1686507910490036
1565122652.0063522,125,0.1661706417798996
1565122658.7451115,126,0.1656745970249176
1565122665.5298982,127,0.1666666716337204
1565122672.2825272,128,0.1691468209028244
1565122679.055059,129,0.1671627014875412
1565122685.794506,130,0.1666666716337204
1565122692.573464,131,0.164682537317276
1565122699.3649228,132,0.1681547611951828
1565122706.142784,133,0.1681547611951828
1565122712.9099271,134,0.167658731341362
1565122719.6789274,135,0.1666666716337204
1565122726.475304,136,0.1661706417798996
1565122733.224937,137,0.1681547611951828
1565122739.980346,138,0.1666666716337204
1565122746.7105072,139,0.167658731341362
1565122753.5009952,140,0.1661706417798996
1565122760.2492714,141,0.1696428507566452
1565122767.0447938,142,0.1666666716337204
1565122773.7866058,143,0.1661706417798996
1565122780.5299454,144,0.1651785671710968
1565122787.318948,145,0.167658731341362
1565122794.0790477,146,0.1656745970249176
1565122800.8421233,147,0.1681547611951828
1565122807.5912075,148,0.1656745970249176
1565122814.374792,149,0.167658731341362
1565122821.1168728,150,0.164682537317276
1565122827.8854482,151,0.1696428507566452
1565122834.6449895,152,0.1671627014875412
1565122841.3886795,153,0.1641865074634552
1565122848.1906748,154,0.1671627014875412
1565122855.004843,155,0.1671627014875412
1565122861.737607,156,0.1641865074634552
1565123113.925715,157,0.1656745970249176
1565123120.7107399,158,0.1671627014875412
1565123127.4905612,159,0.1631944477558136
1565123134.3426225,160,0.1656745970249176
1565123141.1617346,161,0.1666666716337204
1565123147.9001637,162,0.1636904776096344
1565123154.6351683,163,0.1681547611951828
1565123161.3449898,164,0.1681547611951828
1565123168.106438,165,0.1641865074634552
1565123174.8587635,166,0.167658731341362
1565123181.6223028,167,0.1686507910490036
1565123188.3484528,168,0.1671627014875412
1565123195.1093812,169,0.167658731341362
1565123202.46595,170,0.1661706417798996
1565123209.2115443,171,0.1671627014875412
1565123215.9651165,172,0.167658731341362
1565123222.7242644,173,0.1681547611951828
1565123229.5295591,174,0.1671627014875412
1565123236.3244233,175,0.1656745970249176
1565123243.0771134,176,0.1651785671710968
1565123249.8782327,177,0.1696428507566452
1565123256.6507545,178,0.1691468209028244
1565123263.4249663,179,0.1696428507566452
1565123270.2099092,180,0.1656745970249176
1565123276.9645717,181,0.1681547611951828
1565123283.686353,182,0.1691468209028244
1565123290.4822557,183,0.1696428507566452
1565123297.219156,184,0.1661706417798996
1565123303.958113,185,0.1681547611951828
1565123310.6907928,186,0.1671627014875412
1565123317.480104,187,0.1666666716337204
1565123324.2018418,188,0.1681547611951828
1565123330.9210286,189,0.1656745970249176
1565123337.6694674,190,0.1661706417798996
1565123344.3974752,191,0.1671627014875412
1565123351.1402009,192,0.1656745970249176
1565123357.8348043,193,0.1661706417798996
1565123364.5823734,194,0.170634925365448
1565123371.3728492,195,0.1656745970249176
1565123378.0897198,196,0.1671627014875412
1565123384.8595157,197,0.1666666716337204
1565123391.6797957,198,0.1666666716337204
1565123398.4972754,199,0.167658731341362
