Wall time,Step,Value
1565121806.3690796,0,0.1275106817483902
1565121812.956178,1,0.11907051503658295
1565121819.518108,2,0.11923076957464218
1565121826.0489876,3,0.1327991485595703
1565121832.6244214,4,0.14519231021404266
1565121839.1674333,5,0.14337606728076935
1565121845.7613251,6,0.14652778208255768
1565121852.2925954,7,0.13263888657093048
1565121858.8356593,8,0.14503204822540283
1565121865.3840578,9,0.14155982434749603
1565121872.0088434,10,0.12649573385715485
1565121878.5750177,11,0.14006410539150238
1565121885.165624,12,0.14006410539150238
1565121891.7838016,13,0.24342948198318481
1565121898.3337266,14,0.17067307233810425
1565121904.8861601,15,0.14337606728076935
1565121911.4078834,16,0.1141025647521019
1565121917.93097,17,0.1275106817483902
1565121924.4795089,18,0.1453525573015213
1565121931.0654168,19,0.14850427210330963
1565121937.6372926,20,0.16089743375778198
1565121944.216368,21,0.15544871985912323
1565121950.7865744,22,0.18803419172763824
1565121957.3175235,23,0.20555555820465088
1565121963.9165087,24,0.1413995772600174
1565121970.4888446,25,0.15347221493721008
1565121977.1008716,26,0.12617520987987518
1565121983.6752806,27,0.1453525573015213
1565121990.1941774,28,0.10219017416238785
1565121996.720203,29,0.15742520987987518
1565122003.3182096,30,0.2196047008037567
1565122009.8458014,31,0.21100427210330963
1565122016.437526,32,0.13461539149284363
1565122022.9558794,33,0.16239316761493683
1565122029.4860566,34,0.1675213724374771
1565122036.0400374,35,0.15016025304794312
1565122042.607459,36,0.2503739297389984
1565122049.1312258,37,0.2536858916282654
1565122055.6701362,38,0.17975427210330963
1565122062.1839354,39,0.2004273533821106
1565122068.775045,40,0.20902778208255768
1565122075.3156574,41,0.15726496279239655
1565122081.8489478,42,0.2277243584394455
1565122088.390276,43,0.20405982434749603
1565122094.9733987,44,0.17761752009391785
1565122101.5575733,45,0.2073718011379242
1565122108.1356022,46,0.20886752009391785
1565122114.7278666,47,0.20208333432674408
1565122121.2949414,48,0.21068376302719116
1565122127.8385386,49,0.24011752009391785
1565122134.4436226,50,0.1761218011379242
1565122141.0156798,51,0.2520299255847931
1565122147.591535,52,0.2346688061952591
1565122154.1685696,53,0.2073718011379242
1565122160.754847,54,0.2963675260543823
1565122167.3327174,55,0.2793269157409668
1565122173.9284437,56,0.25699785351753235
1565122180.4762194,57,0.15908119082450867
1565122187.0633345,58,0.23664529621601105
1565122193.6420596,59,0.2508547008037567
1565122200.2040582,60,0.2536858916282654
1565122206.8262687,61,0.2725427448749542
1565122213.4320443,62,0.22804486751556396
1565122219.9461825,63,0.19679486751556396
1565122226.517888,64,0.2745192348957062
1565122233.1073072,65,0.24706196784973145
1565122239.6886108,66,0.25566238164901733
1565122246.2956839,67,0.2346688061952591
1565122252.901888,68,0.26228633522987366
1565122259.470939,69,0.24871794879436493
1565122266.0734234,70,0.24358974397182465
1565122272.675172,71,0.24177350103855133
1565122279.255892,72,0.22938033938407898
1565122285.8000143,73,0.21944443881511688
1565122292.323773,74,0.2659187912940979
1565122298.9172356,75,0.24011752009391785
1565122305.5360248,76,0.19198718667030334
1565122312.1305177,77,0.162232905626297
1565122318.6971233,78,0.14337606728076935
1565122325.2436388,79,0.12617520987987518
1565122331.8460646,80,0.1397435963153839
1565122338.419725,81,0.14503204822540283
1565122344.9407961,82,0.1279914528131485
1565122351.5062072,83,0.1332799196243286
1565122358.0762734,84,0.14850427210330963
1565122364.6291955,85,0.09177350252866745
1565122371.1822808,86,0.17793802917003632
1565122377.7843344,87,0.1726495772600174
1565122384.386085,88,0.13643161952495575
1565122390.9591305,89,0.2351495772600174
1565122397.5242877,90,0.15213675796985626
1565122404.084239,91,0.2177884578704834
1565122410.6454964,92,0.22441239655017853
1565122417.1979597,93,0.19033119082450867
1565122423.7129736,94,0.13824786245822906
1565122430.2833126,95,0.20555555820465088
1565122436.856695,96,0.17628204822540283
1565122443.4078255,97,0.15016025304794312
1565122450.0120254,98,0.22970084846019745
1565122456.545307,99,0.21415598690509796
1565122463.0673897,100,0.16586539149284363
1565122469.6713593,101,0.1036859005689621
1565122476.2169113,102,0.18669871985912323
1565122482.7764676,103,0.20555555820465088
1565122489.332501,104,0.15908119082450867
1565122495.92728,105,0.20026709139347076
1565122502.4793408,106,0.20192307233810425
1565122509.0017982,107,0.16720084846019745
1565122515.544319,108,0.21944443881511688
1565122522.0951164,109,0.193482905626297
1565122528.620211,110,0.1522970050573349
1565122535.1535141,111,0.21233974397182465
1565122541.7045314,112,0.1918269246816635
1565122548.2647977,113,0.23498931527137756
1565122554.7947578,114,0.224732905626297
1565122561.3541946,115,0.21944443881511688
1565122567.8749108,116,0.26212605834007263
1565122574.4489665,117,0.21068376302719116
1565122581.0767045,118,0.21928419172763824
1565122587.6648417,119,0.20405982434749603
1565122594.2432284,120,0.18685896694660187
1565122600.773537,121,0.18125000596046448
1565122607.2927485,122,0.10518162697553635
1565122613.8326735,123,0.23498931527137756
1565122620.3552723,124,0.22938033938407898
1565122626.9255986,125,0.26394230127334595
1565122633.5211084,126,0.22804486751556396
1565122640.129594,127,0.2196047008037567
1565122646.693664,128,0.23135684430599213
1565122653.225047,129,0.23151709139347076
1565122659.7819111,130,0.24524572491645813
1565122666.3244247,131,0.2642628252506256
1565122672.9253645,132,0.26095086336135864
1565122679.5250707,133,0.27435898780822754
1565122686.137022,134,0.22457264363765717
1565122692.7464702,135,0.1865384578704834
1565122699.2892587,136,0.22788462042808533
1565122705.8552232,137,0.2156517058610916
1565122712.4115376,138,0.2814636826515198
1565122718.9725657,139,0.2469017058610916
1565122725.5434933,140,0.25219017267227173
1565122732.1390197,141,0.2282051295042038
1565122738.7257557,142,0.24887821078300476
1565122745.3124304,143,0.289903849363327
1565122751.9214234,144,0.2536858916282654
1565122758.444932,145,0.24674145877361298
1565122764.9709504,146,0.24129272997379303
1565122771.505753,147,0.21266025304794312
1565122778.0634842,148,0.24310897290706635
1565122784.6042082,149,0.23995725810527802
1565122791.1740215,150,0.2311965823173523
1565122797.7349238,151,0.22441239655017853
1565122804.3139646,152,0.2073718011379242
1565122810.9172308,153,0.291880339384079
1565122817.53443,154,0.2659187912940979
1565122824.1020846,155,0.23285256326198578
1565122830.6956816,156,0.23846153914928436
1565122837.2542696,157,0.20918802917003632
1565122843.8319721,158,0.1761218011379242
1565122850.3829644,159,0.25005340576171875
1565122856.898127,160,0.23680555820465088
1565122863.50846,161,0.23498931527137756
1565123113.7807765,162,0.24524572491645813
1565123120.3362334,163,0.2173076868057251
1565123126.9511793,164,0.2710469961166382
1565123133.5420835,165,0.24407051503658295
1565123140.076719,166,0.2351495772600174
1565123146.6721675,167,0.22622863948345184
1565123153.223595,168,0.2745192348957062
1565123159.7538393,169,0.224732905626297
1565123166.313278,170,0.21944443881511688
1565123172.832546,171,0.25747862458229065
1565123179.4131353,172,0.20405982434749603
1565123186.0066113,173,0.21746794879436493
1565123192.6254537,174,0.23995725810527802
1565123199.177169,175,0.2571581304073334
1565123205.6941028,176,0.23135684430599213
1565123212.253536,177,0.0902777761220932
1565123218.7884207,178,0.19497863948345184
1565123225.3968418,179,0.2607905864715576
1565123232.00058,180,0.24871794879436493
1565123238.6130235,181,0.23333333432674408
1565123245.195123,182,0.2330128252506256
1565123251.7167366,183,0.24011752009391785
1565123258.29338,184,0.2212606817483902
1565123264.8832972,185,0.25053417682647705
1565123271.4609933,186,0.20555555820465088
1565123278.0155537,187,0.2038995772600174
1565123284.6394656,188,0.24887821078300476
1565123291.2315898,189,0.224732905626297
1565123297.7573972,190,0.2677350342273712
1565123304.2945642,191,0.261965811252594
1565123310.8627162,192,0.2196047008037567
1565123317.3973975,193,0.260630339384079
1565123323.9817493,194,0.2330128252506256
1565123330.5359418,195,0.25219017267227173
1565123337.0878212,196,0.2525106966495514
1565123343.6455455,197,0.26575854420661926
1565123350.2238169,198,0.2455662339925766
1565123356.796235,199,0.2660790681838989
