Wall time,Step,Value
1565121804.4214427,0,0.13717369735240936
1565121810.9557815,1,0.14834336936473846
1565121817.4773934,2,0.13336679339408875
1565121824.039047,3,0.12751004099845886
1565121830.5527596,4,0.14813420176506042
1565121837.0955198,5,0.14194276928901672
1565121843.6075418,6,0.13554216921329498
1565121850.1450074,7,0.13499832153320312
1565121856.6711078,8,0.13336679339408875
1565121863.1939213,9,0.13608601689338684
1565121869.7052395,10,0.13336679339408875
1565121876.2502713,11,0.13717369735240936
1565121882.7590752,12,0.16039156913757324
1565121889.2919085,13,0.1311914324760437
1565121895.83314,14,0.13554216921329498
1565121902.368527,15,0.14834336936473846
1565121908.8913887,16,0.1331576257944107
1565121915.397578,17,0.12805388867855072
1565121921.957763,18,0.1304384171962738
1565121928.5245554,19,0.1678798496723175
1565121935.0900059,20,0.17884035408496857
1565121941.6075296,21,0.20933735370635986
1565121948.137258,22,0.18708166480064392
1565121954.6724117,23,0.13282296061515808
1565121961.2221434,24,0.18013721704483032
1565121967.800177,25,0.2250669300556183
1565121974.3621202,26,0.2164909690618515
1565121980.9082954,27,0.1547439694404602
1565121987.4542763,28,0.21063420176506042
1565121994.0079882,29,0.2513386905193329
1565122000.58831,30,0.2250669300556183
1565122007.1095436,31,0.2678212821483612
1565122013.6838107,32,0.2833417057991028
1565122020.2265306,33,0.2469879537820816
1565122026.774105,34,0.15691934525966644
1565122033.3060226,35,0.16331994533538818
1565122039.8134558,36,0.1782965213060379
1565122046.3849669,37,0.19306392967700958
1565122052.9583197,38,0.2469879537820816
1565122059.499021,39,0.2817101776599884
1565122066.0599039,40,0.2774849534034729
1565122072.5907743,41,0.2740127146244049
1565122079.1395164,42,0.2365712821483612
1565122085.6847236,43,0.17775267362594604
1565122092.260158,44,0.27857261896133423
1565122098.7963085,45,0.21465027332305908
1565122105.3450766,46,0.2702058255672455
1565122111.8539157,47,0.3052627146244049
1565122118.36122,48,0.2597891688346863
1565122124.8895054,49,0.22213855385780334
1565122131.4575877,50,0.2215947061777115
1565122137.9891157,51,0.3233768343925476
1565122144.5263007,52,0.23841197788715363
1565122151.0848358,53,0.26489290595054626
1565122157.6603708,54,0.2643490731716156
1565122164.2269478,55,0.3103664517402649
1565122170.7870753,56,0.28811076283454895
1565122177.3559213,57,0.31003180146217346
1565122183.8992364,58,0.2763972580432892
1565122190.4477086,59,0.26543673872947693
1565122196.9740243,60,0.3253430426120758
1565122203.5397527,61,0.27694109082221985
1565122210.093004,62,0.2705405056476593
1565122216.6310518,63,0.28279784321784973
1565122223.177189,64,0.2643490731716156
1565122229.735974,65,0.30927878618240356
1565122236.2816143,66,0.2895331382751465
1565122242.8528883,67,0.34052878618240356
1565122249.4094844,68,0.3237115144729614
1565122255.9799116,69,0.3437918424606323
1565122262.5609062,70,0.28919845819473267
1565122269.1225064,71,0.2879016101360321
1565122275.651601,72,0.3876338601112366
1565122282.199718,73,0.3138386905193329
1565122288.7217877,74,0.3226238191127777
1565122295.2626524,75,0.26543673872947693
1565122301.7629442,76,0.2555639147758484
1565122308.2721171,77,0.2868139147758484
1565122314.7761357,78,0.2921268343925476
1565122321.3104813,79,0.32207998633384705
1565122327.863578,80,0.3346720337867737
1565122334.3916423,81,0.29852744936943054
1565122340.923156,82,0.3330405056476593
1565122347.4277904,83,0.3007028102874756
1565122353.972028,84,0.17026439309120178
1565122360.5266173,85,0.14943106472492218
1565122367.0850933,86,0.09973226487636566
1565122373.611895,87,0.13336679339408875
1565122380.146687,88,0.14541499316692352
1565122386.7082458,89,0.13282296061515808
1565122393.2119057,90,0.14943106472492218
1565122399.760403,91,0.14997489750385284
1565122406.3378417,92,0.15528781712055206
1565122412.862657,93,0.14411814510822296
1565122419.3849597,94,0.1512717604637146
1565122425.921073,95,0.15637549757957458
1565122432.4252453,96,0.1497657299041748
1565122438.9460332,97,0.15344712138175964
1565122445.479281,98,0.14487114548683167
1565122451.9953146,99,0.1512717604637146
1565122458.4936182,100,0.1678798496723175
1565122464.9902546,101,0.14248661696910858
1565122471.5574396,102,0.14943106472492218
1565122478.0826638,103,0.20553044974803925
1565122484.5958526,104,0.17026439309120178
1565122491.1523914,105,0.13792671263217926
1565122497.6615188,106,0.14759035408496857
1565122504.1940572,107,0.12642236053943634
1565122510.7213917,108,0.14943106472492218
1565122517.263967,109,0.18210341036319733
1565122523.7761312,110,0.19164156913757324
1565122530.3121164,111,0.1721050888299942
1565122536.8565214,112,0.19620147347450256
1565122543.391568,113,0.14269578456878662
1565122549.9271905,114,0.16386379301548004
1565122556.482526,115,0.15800702571868896
1565122563.0117135,116,0.13847054541110992
1565122569.5870843,117,0.17005522549152374
1565122576.154588,118,0.13608601689338684
1565122582.6939118,119,0.13608601689338684
1565122589.251199,120,0.158216193318367
1565122595.7982287,121,0.15528781712055206
1565122602.349252,122,0.13575133681297302
1565122608.926194,123,0.1373828649520874
1565122615.5109096,124,0.20130522549152374
1565122622.0540004,125,0.17373661696910858
1565122628.608855,126,0.14595884084701538
1565122635.1345854,127,0.1505187451839447
1565122641.6976058,128,0.144327312707901
1565122648.2257178,129,0.14562416076660156
1565122654.7760282,130,0.17775267362594604
1565122661.318485,131,0.18415327370166779
1565122667.8445086,132,0.17428044974803925
1565122674.3722095,133,0.15876004099845886
1565122680.8984709,134,0.13554216921329498
1565122687.4351254,135,0.18503178656101227
1565122693.9643116,136,0.15181559324264526
1565122700.47179,137,0.20553044974803925
1565122707.0009239,138,0.19946452975273132
1565122713.558528,139,0.13608601689338684
1565122720.0747588,140,0.15583166480064392
1565122726.5862114,141,0.1921854019165039
1565122733.0887864,142,0.1748242974281311
1565122739.6212006,143,0.16679216921329498
1565122746.166515,144,0.18925702571868896
1565122752.7152698,145,0.18925702571868896
1565122759.282182,146,0.14487114548683167
1565122765.8478882,147,0.16386379301548004
1565122772.3935483,148,0.1644076257944107
1565122778.9565907,149,0.12826305627822876
1565122785.45775,150,0.14888721704483032
1565122792.007878,151,0.23949965834617615
1565122798.5436652,152,0.13098226487636566
1565122805.1039038,153,0.13098226487636566
1565122811.6302497,154,0.20444276928901672
1565122818.1544225,155,0.13955822587013245
1565122824.690476,156,0.14650267362594604
1565122831.258479,157,0.18231257796287537
1565122837.8129988,158,0.16331994533538818
1565122844.398836,159,0.1678798496723175
1565122850.9275382,160,0.15767236053943634
1565122857.5026407,161,0.18708166480064392
1565122864.0680976,162,0.17808735370635986
1565123113.761788,163,0.1817687451839447
1565123120.3037515,164,0.12859772145748138
1565123126.824054,165,0.22561077773571014
1565123133.3577318,166,0.1740712821483612
1565123139.887095,167,0.14139892160892487
1565123146.4261365,168,0.17428044974803925
1565123152.9226668,169,0.120021753013134
1565123159.4665926,170,0.2172439694404602
1565123166.0309238,171,0.18210341036319733
1565123172.587398,172,0.16624832153320312
1565123179.1536417,173,0.12989458441734314
1565123185.739057,174,0.15637549757957458
1565123192.3203657,175,0.19402609765529633
1565123198.8372993,176,0.1547439694404602
1565123205.3742104,177,0.12935073673725128
1565123211.9165668,178,0.16972054541110992
1565123218.4731581,179,0.18285642564296722
1565123225.0032246,180,0.1713520735502243
1565123231.4986942,181,0.1574631929397583
1565123238.0508113,182,0.15583166480064392
1565123244.6047342,183,0.1547439694404602
1565123251.1550047,184,0.20368975400924683
1565123257.713108,185,0.19164156913757324
1565123264.2741382,186,0.15453480184078217
1565123270.8204033,187,0.17645582556724548
1565123277.3411834,188,0.14888721704483032
1565123283.867422,189,0.16039156913757324
1565123290.4381561,190,0.13629518449306488
1565123296.9882464,191,0.1651606410741806
1565123303.5605428,192,0.1938169300556183
1565123310.127532,193,0.1887131929397583
1565123316.6707306,194,0.17264892160892487
1565123323.2225692,195,0.21703480184078217
1565123329.7338362,196,0.15984772145748138
1565123336.2455676,197,0.17959336936473846
1565123342.7501454,198,0.1817687451839447
1565123349.3091888,199,0.16808901727199554
