Wall time,Step,Value
1565121639.4707162,0,0.1458333283662796
1565121646.0588489,1,0.0911458358168602
1565121652.6478264,2,0.1145833358168602
1565121659.2307708,3,0.1276041716337204
1565121665.8170748,4,0.1067708358168602
1565121672.3656967,5,0.1067708358168602
1565121678.958042,6,0.1458333283662796
1565121685.9560409,7,0.1666666716337204
1565121692.9609225,8,0.1875
1565121699.9109764,9,0.1145833358168602
1565121706.8746848,10,0.1458333283662796
1565121713.8607326,11,0.2786458432674408
1565121720.547388,12,0.1328125
1565121727.594907,13,0.1770833283662796
1565121734.2292116,14,0.2630208432674408
1565121741.1211746,15,0.140625
1565121747.6907303,16,0.2708333432674408
1565121754.5353293,17,0.2838541567325592
1565121761.1561415,18,0.2578125
1565121767.7721148,19,0.1432291716337204
1565121774.7388332,20,0.2447916716337204
1565121781.7292194,21,0.2005208283662796
1565121788.723982,22,0.1796875
1565121795.383686,23,0.1770833283662796
1565121802.2626624,24,0.1822916716337204
1565121808.9462922,25,0.21875
1565121815.7318454,26,0.1692708283662796
1565121822.294623,27,0.15625
1565121828.8986754,28,0.1119791641831398
1565121835.5316877,29,0.1614583283662796
1565121842.1639957,30,0.2552083432674408
1565121848.847953,31,0.1432291716337204
1565121855.480716,32,0.1328125
1565121862.0361712,33,0.2369791716337204
1565121869.036524,34,0.1901041716337204
1565121876.0282433,35,0.1666666716337204
1565121882.9686642,36,0.21875
1565121889.830795,37,0.1770833283662796
1565121896.444691,38,0.2083333283662796
1565121903.0472865,39,0.2239583283662796
1565121910.0634477,40,0.2317708283662796
1565121917.074809,41,0.2526041567325592
1565121924.1077092,42,0.2604166567325592
1565121930.9304874,43,0.171875
1565121937.575831,44,0.1354166716337204
1565121944.5564597,45,0.1536458283662796
1565121951.5608563,46,0.1770833283662796
1565121958.5191061,47,0.1067708358168602
1565121965.0771067,48,0.203125
1565121971.8894799,49,0.21875
1565121978.8497775,50,0.2708333432674408
1565121985.6419923,51,0.3098958432674408
1565121992.579294,52,0.1875
1565121999.518748,53,0.2760416567325592
1565122006.0712209,54,0.2265625
1565122012.6736789,55,0.1354166716337204
1565122019.3030756,56,0.1901041716337204
1565122025.9252095,57,0.2135416716337204
1565122032.8932505,58,0.2604166567325592
1565122039.9102414,59,0.2734375
1565122046.51845,60,0.2578125
1565122053.507135,61,0.3072916567325592
1565122060.1648781,62,0.2630208432674408
1565122066.738993,63,0.2395833283662796
1565122073.337072,64,0.3046875
1565122080.35348,65,0.1770833283662796
1565122087.3093894,66,0.2760416567325592
1565122094.071394,67,0.25
1565122101.0188375,68,0.3098958432674408
1565122107.6107812,69,0.328125
1565122114.5767124,70,0.2734375
1565122121.5170941,71,0.3072916567325592
1565122128.5281801,72,0.2682291567325592
1565122135.5322502,73,0.2604166567325592
1565122142.5754972,74,0.2317708283662796
1565122149.557565,75,0.1927083283662796
1565122156.5253296,76,0.15625
1565122163.4875903,77,0.1692708283662796
1565122170.4567149,78,0.140625
1565122177.3716094,79,0.1458333283662796
1565122184.1033344,80,0.1796875
1565122191.0905514,81,0.2552083432674408
1565122197.7158422,82,0.3020833432674408
1565122204.3074229,83,0.3307291567325592
1565122210.9213667,84,0.234375
1565122217.8674722,85,0.2604166567325592
1565122224.5766606,86,0.2994791567325592
1565122231.5773084,87,0.2447916716337204
1565122238.5855727,88,0.3541666567325592
1565122245.6148882,89,0.3020833432674408
1565122252.6664724,90,0.2473958283662796
1565122259.667477,91,0.2161458283662796
1565122266.6688054,92,0.2604166567325592
1565122273.678044,93,0.2786458432674408
1565122280.667001,94,0.2604166567325592
1565122287.6663945,95,0.3125
1565122294.6563275,96,0.3072916567325592
1565122301.28985,97,0.328125
1565122308.058112,98,0.3177083432674408
1565122315.0507016,99,0.3125
1565122322.016636,100,0.2994791567325592
1565122328.8648643,101,0.25
1565122335.4849434,102,0.3255208432674408
1565122342.0986958,103,0.2890625
1565122349.039149,104,0.3125
1565122355.5890427,105,0.2786458432674408
1565122362.5756176,106,0.2552083432674408
1565122369.5649981,107,0.3411458432674408
1565122376.579954,108,0.2708333432674408
1565122383.5563934,109,0.2890625
1565122390.5906088,110,0.3098958432674408
1565122397.3912294,111,0.2890625
1565122403.970332,112,0.2630208432674408
1565122410.5889452,113,0.2890625
1565122417.1997974,114,0.2604166567325592
1565122423.7945843,115,0.2890625
1565122430.412302,116,0.2526041567325592
1565122437.0066583,117,0.328125
1565122443.9562092,118,0.3333333432674408
1565122450.5875971,119,0.2734375
1565122457.2196054,120,0.3567708432674408
1565122464.2630038,121,0.3020833432674408
1565122471.3038352,122,0.2552083432674408
1565122478.1482854,123,0.2604166567325592
1565122485.149259,124,0.2760416567325592
1565122491.7790613,125,0.3229166567325592
1565122498.3784187,126,0.3255208432674408
1565122505.4018195,127,0.2916666567325592
1565122511.9899435,128,0.3541666567325592
1565122518.9394119,129,0.2473958283662796
1565122525.893009,130,0.3619791567325592
1565122532.8890824,131,0.2526041567325592
1565122539.587835,132,0.3463541567325592
1565122546.6119466,133,0.2395833283662796
1565122553.4379985,134,0.1197916641831398
1565122560.0375912,135,0.1458333283662796
1565122566.6662579,136,0.3463541567325592
1565122573.6488624,137,0.2994791567325592
1565122580.5204628,138,0.2890625
1565122587.1213212,139,0.2734375
1565122593.6970594,140,0.21875
1565122600.6322432,141,0.3385416567325592
1565122607.2733858,142,0.2994791567325592
1565122613.895955,143,0.2994791567325592
1565122620.5115185,144,0.3854166567325592
1565122627.470185,145,0.2734375
1565122634.4319386,146,0.2473958283662796
1565122641.459523,147,0.3177083432674408
1565122648.3914535,148,0.3151041567325592
1565122655.4219143,149,0.2890625
1565122661.9949718,150,0.2786458432674408
1565122668.9831002,151,0.3151041567325592
1565122675.9734054,152,0.3619791567325592
1565122683.0059037,153,0.2734375
1565122689.9740753,154,0.25
1565122696.99841,155,0.3046875
1565122704.0648866,156,0.2369791716337204
1565122710.6999333,157,0.2864583432674408
1565122717.307427,158,0.2552083432674408
1565122723.959725,159,0.2526041567325592
1565122730.7468605,160,0.1536458283662796
1565122737.7374818,161,0.2161458283662796
1565122744.7262952,162,0.1875
1565122751.5478187,163,0.2526041567325592
1565122758.5404098,164,0.2447916716337204
1565122765.082723,165,0.1901041716337204
1565122772.0782483,166,0.2395833283662796
1565122779.0485122,167,0.2213541716337204
1565122785.6410477,168,0.3046875
1565122792.2222176,169,0.2395833283662796
1565122798.8005755,170,0.2682291567325592
1565122805.43344,171,0.2473958283662796
1565122812.006061,172,0.2786458432674408
1565122818.9635122,173,0.2760416567325592
1565122825.5454545,174,0.2291666716337204
1565122832.5065677,175,0.2604166567325592
1565122839.07352,176,0.3072916567325592
1565122845.6397073,177,0.2447916716337204
1565122852.2293854,178,0.265625
1565122859.1369247,179,0.2994791567325592
1565122866.125956,180,0.2604166567325592
1565123119.229037,181,0.2630208432674408
1565123126.1351957,182,0.2369791716337204
1565123132.7281911,183,0.2994791567325592
1565123139.6268916,184,0.2916666567325592
1565123146.554196,185,0.3046875
1565123153.3941524,186,0.296875
1565123160.345227,187,0.296875
1565123166.9104052,188,0.3177083432674408
1565123173.5969105,189,0.2786458432674408
1565123180.368392,190,0.2473958283662796
1565123186.8758407,191,0.3541666567325592
1565123193.4292474,192,0.2473958283662796
1565123202.2703269,193,0.2760416567325592
1565123209.07923,194,0.3359375
1565123216.0740492,195,0.2682291567325592
1565123223.0760267,196,0.4270833432674408
1565123230.075816,197,0.3098958432674408
1565123237.0735164,198,0.2708333432674408
1565123243.898924,199,0.265625
