Wall time,Step,Value
1565121807.6693127,0,0.10352066904306412
1565121815.0797815,1,0.10860788077116013
1565121822.440891,2,0.11434108763933182
1565121829.8297389,3,0.15374676883220673
1565121837.2728362,4,0.17579133808612823
1565121844.7196171,5,0.21253229677677155
1565121852.1708677,6,0.16925065219402313
1565121859.3339803,7,0.12209302186965942
1565121866.3286254,8,0.10658914595842361
1565121873.3305147,9,0.12330426275730133
1565121880.3190098,10,0.11781330406665802
1565121887.3536305,11,0.10658914595842361
1565121894.7810571,12,0.15374676883220673
1565121901.8496227,13,0.18168604373931885
1565121908.8633866,14,0.17498384416103363
1565121915.8901083,15,0.16190245747566223
1565121922.8629196,16,0.12718023359775543
1565121929.8794954,17,0.15293927490711212
1565121936.9095116,18,0.19541344046592712
1565121943.8907902,19,0.23215439915657043
1565121951.074219,20,0.21866925060749054
1565121958.5149252,21,0.20437660813331604
1565121965.8356805,22,0.19476744532585144
1565121973.2139335,23,0.17781007289886475
1565121980.314893,24,0.19622093439102173
1565121987.365981,25,0.17312660813331604
1565121994.348681,26,0.18233203887939453
1565122001.4336839,27,0.18233203887939453
1565122008.44154,28,0.23094315826892853
1565122015.4083042,29,0.18047480285167694
1565122022.441876,30,0.24701227247714996
1565122029.7141945,31,0.20679908990859985
1565122037.1755872,32,0.22884367406368256
1565122044.6422884,33,0.23110465705394745
1565122052.0619988,34,0.20558784902095795
1565122059.2367342,35,0.21866925060749054
1565122066.2240932,36,0.19048772752285004
1565122073.22598,37,0.23885658383369446
1565122080.6392634,38,0.19048772752285004
1565122088.0549262,39,0.19928941130638123
1565122095.1487796,40,0.20865632593631744
1565122102.1057043,41,0.21212854981422424
1565122109.476346,42,0.22989341616630554
1565122116.9478807,43,0.21826550364494324
1565122124.4094043,44,0.22948966920375824
1565122131.8531208,45,0.17659883201122284
1565122139.2854424,46,0.23296189308166504
1565122146.3195157,47,0.22561369836330414
1565122153.3532917,48,0.13985788822174072
1565122160.3607116,49,0.09350775182247162
1565122167.3410487,50,0.12556524574756622
1565122174.4380374,51,0.16109496355056763
1565122181.822546,52,0.09738372266292572
1565122188.8086581,53,0.16416344046592712
1565122195.9748964,54,0.11862079799175262
1565122203.3752499,55,0.0984334647655487
1565122210.7341383,56,0.13598191738128662
1565122218.1071453,57,0.12249676883220673
1565122225.5546675,58,0.10820413380861282
1565122232.9975197,59,0.10820413380861282
1565122240.4097486,60,0.08535207062959671
1565122247.5064793,61,0.12128552794456482
1565122254.8100057,62,0.10739663988351822
1565122261.9310448,63,0.09003552794456482
1565122269.2975335,64,0.10085594654083252
1565122276.7097137,65,0.12168927490711212
1565122284.1551526,66,0.10271317511796951
1565122291.6030965,67,0.09229651093482971
1565122298.9182093,68,0.10004845261573792
1565122305.9517362,69,0.11862079799175262
1565122312.8956037,70,0.10553940385580063
1565122320.276539,71,0.12475775182247162
1565122327.3790023,72,0.15148578584194183
1565122334.3588328,73,0.14987079799175262
1565122341.3205118,74,0.15923772752285004
1565122348.4404364,75,0.14680232107639313
1565122355.6110308,76,0.14639857411384583
1565122363.051842,77,0.13905039429664612
1565122370.0909414,78,0.15293927490711212
1565122377.4997377,79,0.14680232107639313
1565122384.9289694,80,0.14454133808612823
1565122392.2720048,81,0.14252260327339172
1565122399.332629,82,0.14494508504867554
1565122407.1766942,83,0.14373384416103363
1565122414.2121096,84,0.14211885631084442
1565122421.255121,85,0.13065245747566223
1565122428.287792,86,0.15576550364494324
1565122435.3292327,87,0.14599482715129852
1565122442.7902246,88,0.14680232107639313
1565122449.8083997,89,0.14922480285167694
1565122456.7570405,90,0.15229327976703644
1565122463.7601008,91,0.14680232107639313
1565122470.7850735,92,0.14882105588912964
1565122477.9806504,93,0.14518733322620392
1565122485.4137049,94,0.14292635023593903
1565122492.856872,95,0.14026163518428802
1565122500.1535323,96,0.10287467390298843
1565122507.3172762,97,0.14026163518428802
1565122514.3878295,98,0.13800065219402313
1565122521.413298,99,0.14026163518428802
1565122528.4489481,100,0.13719315826892853
1565122535.4200025,101,0.13638566434383392
1565122542.4801903,102,0.12354651093482971
1565122549.7330499,103,0.09431524574756622
1565122556.8877628,104,0.13533592224121094
1565122564.3008652,105,0.14333009719848633
1565122571.7362597,106,0.1374354064464569
1565122578.787158,107,0.13880814611911774
1565122586.27894,108,0.14373384416103363
1565122593.362546,109,0.14946705102920532
1565122600.38513,110,0.15108203887939453
1565122607.7662756,111,0.13759690523147583
1565122614.7283297,112,0.11555232852697372
1565122622.118975,113,0.12354651093482971
1565122629.5204375,114,0.13678941130638123
1565122636.6225476,115,0.14720606803894043
1565122643.563668,116,0.13638566434383392
1565122650.5189767,117,0.15067829191684723
1565122657.8788664,118,0.1382429003715515
1565122665.3223755,119,0.14801356196403503
1565122672.7853396,120,0.14720606803894043
1565122679.8109264,121,0.14680232107639313
1565122686.8319876,122,0.15188953280448914
1565122694.087111,123,0.15334302186965942
1565122701.478449,124,0.12330426275730133
1565122708.8267572,125,0.15188953280448914
1565122715.8629818,126,0.14599482715129852
1565122722.8509798,127,0.12637273967266083
1565122729.8243184,128,0.14760981500148773
1565122736.7763073,129,0.14882105588912964
1565122744.2101393,130,0.15148578584194183
1565122751.6407814,131,0.12209302186965942
1565122759.0054429,132,0.15108203887939453
1565122765.9650729,133,0.14575257897377014
1565122773.1496463,134,0.15471576154232025
1565122780.5856545,135,0.13840439915657043
1565122788.0574033,136,0.14801356196403503
1565122795.4644165,137,0.10739663988351822
1565122802.8405888,138,0.13372093439102173
1565122809.9226167,139,0.14413759112358093
1565122816.9300008,140,0.14211885631084442
1565122824.315504,141,0.18313953280448914
1565122831.4874978,142,0.14801356196403503
1565122838.9118645,143,0.16149871051311493
1565122846.360293,144,0.17740632593631744
1565122853.8118448,145,0.14066536724567413
1565122860.8615677,146,0.10780038684606552
1565123114.2075408,147,0.15988372266292572
1565123121.6484592,148,0.15067829191684723
1565123129.0903072,149,0.16884690523147583
1565123136.1091127,150,0.16642442345619202
1565123143.359136,151,0.15964147448539734
1565123150.378979,152,0.16537468135356903
1565123157.753242,153,0.13985788822174072
1565123165.1627507,154,0.14882105588912964
1565123172.1569657,155,0.14720606803894043
1565123179.4252741,156,0.14066536724567413
1565123186.6720045,157,0.13759690523147583
1565123193.7983818,158,0.14639857411384583
1565123202.6885111,159,0.16230620443820953
1565123209.6800735,160,0.16416344046592712
1565123216.7526908,161,0.15188953280448914
1565123223.7760742,162,0.12516149878501892
1565123230.7292907,163,0.16109496355056763
1565123238.0967522,164,0.16497093439102173
1565123245.535481,165,0.15762273967266083
1565123252.98267,166,0.13250969350337982
1565123260.2878428,167,0.13250969350337982
1565123267.7540436,168,0.16537468135356903
1565123275.153336,169,0.17393410205841064
1565123282.6034832,170,0.13800065219402313
1565123289.5908885,171,0.14413759112358093
1565123296.6196918,172,0.17764857411384583
1565123303.6127343,173,0.19129522144794464
1565123311.0651426,174,0.16965439915657043
1565123318.3300471,175,0.15681524574756622
1565123325.3090522,176,0.15374676883220673
1565123332.3190317,177,0.14599482715129852
1565123339.5133836,178,0.15657299757003784
1565123346.5796046,179,0.15576550364494324
1565123353.969547,180,0.15293927490711212
1565123361.3613262,181,0.16497093439102173
1565123368.3771904,182,0.16965439915657043
1565123375.3785343,183,0.17885981500148773
1565123382.3270588,184,0.15560400485992432
1565123389.4317818,185,0.16311369836330414
1565123396.6726635,186,0.15108203887939453
1565123403.7097535,187,0.13905039429664612
1565123410.9231074,188,0.14559108018875122
1565123417.857994,189,0.15883398056030273
1565123424.8417194,190,0.18515826761722565
1565123431.8245125,191,0.16149871051311493
1565123438.7966213,192,0.17312660813331604
1565123445.7276533,193,0.17966730892658234
1565123452.7208142,194,0.17926356196403503
1565123459.7029853,195,0.17700257897377014
1565123466.6932776,196,0.16149871051311493
1565123473.6658163,197,0.14252260327339172
1565123480.6155033,198,0.17740632593631744
1565123487.5809124,199,0.17231911420822144
