Wall time,Step,Value
1565121810.492463,0,0.1267361044883728
1565121817.1759336,1,0.1319444477558136
1565121823.8367028,2,0.1302083283662796
1565121830.5090668,3,0.1875
1565121837.1784556,4,0.1684027761220932
1565121843.8379607,5,0.1336805522441864
1565121850.527317,6,0.1041666641831398
1565121857.2013764,7,0.1197916641831398
1565121863.8855484,8,0.1371527761220932
1565121870.5349607,9,0.1076388880610466
1565121877.1574001,10,0.1284722238779068
1565121883.790703,11,0.171875
1565121890.422566,12,0.0972222238779068
1565121897.061015,13,0.1892361044883728
1565121903.6903894,14,0.1423611044883728
1565121910.3827248,15,0.1371527761220932
1565121917.0951414,16,0.1458333283662796
1565121923.7592442,17,0.1961805522441864
1565121930.449578,18,0.1336805522441864
1565121937.0878215,19,0.1597222238779068
1565121943.7484758,20,0.1354166716337204
1565121950.4148114,21,0.1857638955116272
1565121957.0874596,22,0.1857638955116272
1565121963.753205,23,0.1857638955116272
1565121970.4040968,24,0.1649305522441864
1565121977.0508344,25,0.1527777761220932
1565121983.6970844,26,0.1597222238779068
1565121990.3446596,27,0.1458333283662796
1565121997.054342,28,0.1232638880610466
1565122003.7185044,29,0.1423611044883728
1565122010.3599138,30,0.1545138955116272
1565122017.0279436,31,0.1684027761220932
1565122023.6794806,32,0.125
1565122030.3976526,33,0.1805555522441864
1565122037.088748,34,0.1527777761220932
1565122043.7509656,35,0.1232638880610466
1565122050.4498436,36,0.1597222238779068
1565122057.1295855,37,0.1423611044883728
1565122063.7885365,38,0.171875
1565122070.419543,39,0.1840277761220932
1565122077.0738761,40,0.1371527761220932
1565122083.7959623,41,0.1597222238779068
1565122090.5163715,42,0.1579861044883728
1565122097.2326021,43,0.1545138955116272
1565122103.8801026,44,0.1354166716337204
1565122110.5534909,45,0.1753472238779068
1565122117.254294,46,0.1510416716337204
1565122123.9528728,47,0.15625
1565122130.590979,48,0.1701388955116272
1565122137.2494535,49,0.1614583283662796
1565122143.90983,50,0.1892361044883728
1565122150.5632093,51,0.1736111044883728
1565122157.2012877,52,0.1788194477558136
1565122163.84965,53,0.1822916716337204
1565122170.5294588,54,0.1892361044883728
1565122177.1789,55,0.2135416716337204
1565122183.838372,56,0.203125
1565122190.616528,57,0.1597222238779068
1565122197.310483,58,0.1440972238779068
1565122204.0319676,59,0.1666666716337204
1565122210.7055538,60,0.1545138955116272
1565122217.3831446,61,0.2222222238779068
1565122224.06782,62,0.1840277761220932
1565122230.7510507,63,0.1753472238779068
1565122237.4016397,64,0.1510416716337204
1565122244.039407,65,0.1701388955116272
1565122250.7288392,66,0.1996527761220932
1565122257.3710144,67,0.1458333283662796
1565122264.049509,68,0.1927083283662796
1565122270.754997,69,0.1927083283662796
1565122277.4751666,70,0.2013888955116272
1565122284.1533082,71,0.2256944477558136
1565122290.8264158,72,0.1336805522441864
1565122297.4989262,73,0.1909722238779068
1565122304.2023957,74,0.1666666716337204
1565122310.8288667,75,0.2013888955116272
1565122317.4943054,76,0.1736111044883728
1565122324.1763911,77,0.203125
1565122330.8404639,78,0.2135416716337204
1565122337.485259,79,0.2239583283662796
1565122344.1331944,80,0.2465277761220932
1565122350.8021636,81,0.234375
1565122357.4863963,82,0.2326388955116272
1565122364.1780286,83,0.21875
1565122370.8686144,84,0.2361111044883728
1565122377.528672,85,0.2604166567325592
1565122384.198089,86,0.2552083432674408
1565122390.8854744,87,0.1857638955116272
1565122397.560321,88,0.1614583283662796
1565122404.260602,89,0.1649305522441864
1565122410.950285,90,0.2135416716337204
1565122417.6432052,91,0.171875
1565122424.2984998,92,0.1614583283662796
1565122430.9970934,93,0.203125
1565122437.7005918,94,0.1892361044883728
1565122444.399961,95,0.1961805522441864
1565122451.0388355,96,0.1701388955116272
1565122457.6938212,97,0.2083333283662796
1565122464.3363988,98,0.2135416716337204
1565122471.012917,99,0.1961805522441864
1565122477.6681178,100,0.2274305522441864
1565122484.3373227,101,0.1822916716337204
1565122491.0604587,102,0.203125
1565122497.7712493,103,0.2048611044883728
1565122504.4292748,104,0.2256944477558136
1565122511.1104865,105,0.2309027761220932
1565122517.77926,106,0.2256944477558136
1565122524.4462268,107,0.2013888955116272
1565122531.0808673,108,0.2361111044883728
1565122537.7329504,109,0.2986111044883728
1565122544.4446669,110,0.2274305522441864
1565122551.0783105,111,0.2552083432674408
1565122557.7173455,112,0.2881944477558136
1565122564.349153,113,0.2690972089767456
1565122571.0541341,114,0.2621527910232544
1565122577.7106752,115,0.2673611044883728
1565122584.3698564,116,0.2604166567325592
1565122591.0782845,117,0.2552083432674408
1565122597.7526941,118,0.2326388955116272
1565122604.4402893,119,0.2309027761220932
1565122611.1288815,120,0.1909722238779068
1565122617.7795627,121,0.25
1565122624.4404128,122,0.1961805522441864
1565122631.079715,123,0.2604166567325592
1565122637.7297425,124,0.1927083283662796
1565122644.4173036,125,0.203125
1565122651.1190367,126,0.1961805522441864
1565122657.8319128,127,0.2361111044883728
1565122664.519818,128,0.1875
1565122671.223537,129,0.2552083432674408
1565122677.9378414,130,0.2621527910232544
1565122684.6544578,131,0.2239583283662796
1565122691.3499668,132,0.3142361044883728
1565122698.0555766,133,0.3420138955116272
1565122704.7292247,134,0.3090277910232544
1565122711.4370296,135,0.2638888955116272
1565122718.1357188,136,0.3211805522441864
1565122724.8210661,137,0.1701388955116272
1565122731.4489555,138,0.0763888880610466
1565122738.144225,139,0.1354166716337204
1565122744.799149,140,0.125
1565122751.444173,141,0.1215277761220932
1565122758.1008086,142,0.2013888955116272
1565122764.7594876,143,0.125
1565122771.4285219,144,0.1944444477558136
1565122778.084113,145,0.1163194477558136
1565122784.7486095,146,0.1388888955116272
1565122791.4771085,147,0.1666666716337204
1565122798.171751,148,0.1493055522441864
1565122804.861953,149,0.1215277761220932
1565122811.531831,150,0.1788194477558136
1565122818.2398608,151,0.1475694477558136
1565122824.9436088,152,0.1666666716337204
1565122831.5812488,153,0.1440972238779068
1565122838.239762,154,0.1510416716337204
1565122844.930722,155,0.1701388955116272
1565122851.596157,156,0.1770833283662796
1565122858.2399158,157,0.2413194477558136
1565122864.8981676,158,0.2239583283662796
1565123113.88195,159,0.1684027761220932
1565123120.5503442,160,0.1927083283662796
1565123127.2223256,161,0.1927083283662796
1565123133.8904252,162,0.2413194477558136
1565123140.5192163,163,0.1840277761220932
1565123147.191836,164,0.234375
1565123153.872642,165,0.1788194477558136
1565123160.5298824,166,0.1909722238779068
1565123167.1877162,167,0.2309027761220932
1565123173.8361807,168,0.21875
1565123180.4906204,169,0.2204861044883728
1565123187.1531162,170,0.1371527761220932
1565123193.8441265,171,0.234375
1565123202.3782427,172,0.2552083432674408
1565123209.0215735,173,0.2100694477558136
1565123215.6605544,174,0.2552083432674408
1565123222.3805575,175,0.1475694477558136
1565123229.0704281,176,0.1805555522441864
1565123235.7835698,177,0.203125
1565123242.4617739,178,0.25
1565123249.1739395,179,0.2326388955116272
1565123255.8794663,180,0.21875
1565123262.50493,181,0.1736111044883728
1565123269.178273,182,0.2447916716337204
1565123275.8153613,183,0.2326388955116272
1565123282.4678566,184,0.21875
1565123289.1424615,185,0.1822916716337204
1565123295.7778308,186,0.2135416716337204
1565123302.418625,187,0.2204861044883728
1565123309.0545835,188,0.203125
1565123315.7591846,189,0.2256944477558136
1565123322.4298227,190,0.2361111044883728
1565123329.0904624,191,0.2569444477558136
1565123335.7268105,192,0.2222222238779068
1565123342.408462,193,0.2517361044883728
1565123349.0416818,194,0.2604166567325592
1565123355.689127,195,0.203125
1565123362.350546,196,0.2204861044883728
1565123369.0732794,197,0.2395833283662796
1565123375.8101497,198,0.2604166567325592
1565123382.532705,199,0.2274305522441864
