Wall time,Step,Value
1565121808.9169672,0,0.28456440567970276
1565121815.8020985,1,0.27059659361839294
1565121822.6742263,2,0.14772726595401764
1565121829.5583801,3,0.2417140156030655
1565121836.4073834,4,0.2130681872367859
1565121843.2967346,5,0.22892992198467255
1565121850.1700592,6,0.18347537517547607
1565121857.0394087,7,0.22017045319080353
1565121863.8856692,8,0.18347537517547607
1565121870.814998,9,0.19034090638160706
1565121877.6980035,10,0.20075757801532745
1565121884.5778415,11,0.21472537517547607
1565121891.4749243,12,0.20454545319080353
1565121898.3493338,13,0.2218276560306549
1565121905.224652,14,0.2078598439693451
1565121912.0833,15,0.15459279716014862
1565121918.939076,16,0.17803029716014862
1565121925.8309705,17,0.1870265156030655
1565121932.721636,18,0.2052556872367859
1565121939.5743062,19,0.2218276560306549
1565121946.4692779,20,0.2618371248245239
1565121953.3427794,21,0.2009943127632141
1565121960.227049,22,0.20430871844291687
1565121967.1045039,23,0.2130681872367859
1565121973.999192,24,0.2244318127632141
1565121980.870693,25,0.24976325035095215
1565121987.7287288,26,0.2218276560306549
1565121994.576394,27,0.19910037517547607
1565122001.4576654,28,0.2104640156030655
1565122008.3229935,29,0.17305871844291687
1565122015.2181346,30,0.2208806872367859
1565122022.0615065,31,0.23295454680919647
1565122028.9042192,32,0.28006628155708313
1565122035.768399,33,0.28361743688583374
1565122042.6308188,34,0.26444128155708313
1565122049.4891546,35,0.20857007801532745
1565122056.3411605,36,0.2530776560306549
1565122063.1937194,37,0.13044507801532745
1565122070.075275,38,0.21117424964904785
1565122076.9285212,39,0.23887310922145844
1565122083.770472,40,0.3177083432674408
1565122090.6166334,41,0.31131628155708313
1565122097.521659,42,0.2904829680919647
1565122104.3927166,43,0.2781723439693451
1565122111.2955844,44,0.30965909361839294
1565122118.1753678,45,0.28622159361839294
1565122125.0221126,46,0.2859848439693451
1565122131.9121346,47,0.28243371844291687
1565122138.816531,48,0.2556818127632141
1565122145.674204,49,0.2537878751754761
1565122152.5554228,50,0.2514204680919647
1565122159.4366558,51,0.28977271914482117
1565122166.3229105,52,0.29663825035095215
1565122173.2588925,53,0.2452651560306549
1565122180.1169462,54,0.2982954680919647
1565122187.0147681,55,0.3103693127632141
1565122193.9099603,56,0.22632575035095215
1565122200.7767296,57,0.2469223439693451
1565122207.6875064,58,0.2999526560306549
1565122214.582926,59,0.3636363744735718
1565122221.429799,60,0.2964015007019043
1565122228.3265195,61,0.3087121248245239
1565122235.2276325,62,0.35227271914482117
1565122242.1258955,63,0.31368371844291687
1565122249.0377123,64,0.4019886255264282
1565122255.9255116,65,0.35913825035095215
1565122262.8206165,66,0.2062026560306549
1565122269.7161288,67,0.28361743688583374
1565122276.587088,68,0.3025568127632141
1565122283.4668016,69,0.14678029716014862
1565122290.31907,70,0.3008996248245239
1565122297.17887,71,0.31581440567970276
1565122304.1048095,72,0.3259943127632141
1565122311.0056853,73,0.3536931872367859
1565122317.899058,74,0.31013256311416626
1565122324.7552218,75,0.3688446879386902
1565122331.6665592,76,0.4010416567325592
1565122338.5599902,77,0.38257575035095215
1565122345.4218817,78,0.36955493688583374
1565122352.3143165,79,0.4270833432674408
1565122359.1831539,80,0.27225378155708313
1565122366.049287,81,0.19294507801532745
1565122372.9138913,82,0.2417140156030655
1565122379.7943025,83,0.3008996248245239
1565122386.707996,84,0.30492424964904785
1565122393.5615833,85,0.3454071879386902
1565122400.4591193,86,0.3373579680919647
1565122407.305709,87,0.37002840638160706
1565122414.1722143,88,0.33570075035095215
1565122421.032472,89,0.3776041567325592
1565122427.8954194,90,0.3285984992980957
1565122434.790029,91,0.32788825035095215
1565122441.6411817,92,0.35227271914482117
1565122448.5299468,93,0.35913825035095215
1565122455.3934078,94,0.3792613744735718
1565122462.2418947,95,0.36434659361839294
1565122469.125271,96,0.34256628155708313
1565122475.9859207,97,0.39299243688583374
1565122482.8625665,98,0.4427083432674408
1565122489.7374625,99,0.34966856241226196
1565122496.6379805,100,0.3217329680919647
1565122503.5046427,101,0.32267993688583374
1565122510.3665705,102,0.2911931872367859
1565122517.2400477,103,0.3295454680919647
1565122524.09744,104,0.3423295319080353
1565122530.9542353,105,0.3155776560306549
1565122537.793089,106,0.35487690567970276
1565122544.661614,107,0.4157196879386902
1565122551.5112925,108,0.33830493688583374
1565122558.3933008,109,0.374053031206131
1565122565.257826,110,0.33925190567970276
1565122572.1293395,111,0.3390151560306549
1565122579.0453396,112,0.374053031206131
1565122585.9342346,113,0.38352271914482117
1565122592.8241997,114,0.38257575035095215
1565122599.6622937,115,0.413115531206131
1565122606.5054953,116,0.37831440567970276
1565122613.3637552,117,0.40696021914482117
1565122620.2164288,118,0.3880208432674408
1565122627.0903327,119,0.3844696879386902
1565122633.983377,120,0.35487690567970276
1565122640.8866045,121,0.3636363744735718
1565122647.7338345,122,0.33475378155708313
1565122654.5816882,123,0.413115531206131
1565122661.4505439,124,0.3451704680919647
1565122668.3629777,125,0.42376893758773804
1565122675.2552867,126,0.3068181872367859
1565122682.1694045,127,0.33830493688583374
1565122689.0550907,128,0.10700757801532745
1565122695.9355874,129,0.09469696879386902
1565122702.811089,130,0.11221590638160706
1565122709.667298,131,0.16264204680919647
1565122716.542391,132,0.1515151560306549
1565122723.4218385,133,0.16785037517547607
1565122730.307747,134,0.16690340638160706
1565122737.1955092,135,0.23839962482452393
1565122744.0630043,136,0.18868371844291687
1565122750.9651144,137,0.1740056872367859
1565122757.8069446,138,0.20951704680919647
1565122764.6535454,139,0.23839962482452393
1565122771.4963193,140,0.18513257801532745
1565122778.369594,141,0.2286931872367859
1565122785.2365835,142,0.19034090638160706
1565122792.1180165,143,0.2391098439693451
1565122798.996095,144,0.21993371844291687
1565122805.8882627,145,0.19128787517547607
1565122812.7954223,146,0.2696496248245239
1565122819.7127116,147,0.27154356241226196
1565122826.5715427,148,0.2400568127632141
1565122833.4772139,149,0.2670454680919647
1565122840.347134,150,0.2521306872367859
1565122847.2205136,151,0.27840909361839294
1565122854.0979953,152,0.1948390156030655
1565122860.9949837,153,0.28622159361839294
1565123114.082155,154,0.2660984992980957
1565123120.9585764,155,0.2599431872367859
1565123127.8730292,156,0.23579545319080353
1565123134.7755084,157,0.2625473439693451
1565123141.6295373,158,0.2417140156030655
1565123148.5421367,159,0.23319128155708313
1565123155.3865225,160,0.2556818127632141
1565123162.2552452,161,0.2713068127632141
1565123169.1080825,162,0.25284090638160706
1565123175.9594266,163,0.2660984992980957
1565123182.849133,164,0.19815340638160706
1565123189.7468295,165,0.2677556872367859
1565123196.605699,166,0.25544506311416626
1565123203.4667432,167,0.29758521914482117
1565123210.3400295,168,0.2322443127632141
1565123217.1889884,169,0.2651515007019043
1565123224.1023161,170,0.2417140156030655
1565123231.0157971,171,0.2729640007019043
1565123237.9178166,172,0.2843276560306549
1565123244.8113608,173,0.2994791567325592
1565123251.6590714,174,0.26065340638160706
1565123258.5473835,175,0.23461174964904785
1565123265.4488873,176,0.2573390007019043
1565123272.3277068,177,0.28148674964904785
1565123279.21514,178,0.2833806872367859
1565123286.1115513,179,0.2625473439693451
1565123293.003874,180,0.328125
1565123299.8498256,181,0.2947443127632141
1565123306.7249446,182,0.2781723439693451
1565123313.5783372,183,0.2933238744735718
1565123320.447052,184,0.33404356241226196
1565123327.310334,185,0.2677556872367859
1565123334.2013867,186,0.2807765007019043
1565123341.0495644,187,0.26444128155708313
1565123347.9400644,188,0.34966856241226196
1565123354.8203886,189,0.2765151560306549
1565123361.7235382,190,0.30965909361839294
1565123368.596724,191,0.29569128155708313
1565123375.477328,192,0.2947443127632141
1565123382.3292954,193,0.2687026560306549
1565123389.2024848,194,0.31581440567970276
1565123396.0932372,195,0.31131628155708313
1565123402.9882727,196,0.31747159361839294
1565123409.8861313,197,0.31321021914482117
1565123416.772805,198,0.2904829680919647
1565123423.648056,199,0.3120265007019043
