Wall time,Step,Value
1565121806.8100724,0,0.1666666716337204
1565121813.48599,1,0.1666666716337204
1565121820.1167848,2,0.1119791641831398
1565121827.1487246,3,0.0963541641831398
1565121833.8235118,4,0.1145833358168602
1565121840.8397634,5,0.078125
1565121847.8889334,6,0.1927083283662796
1565121854.9542959,7,0.1458333283662796
1565121862.020082,8,0.1927083283662796
1565121869.0549676,9,0.1484375
1565121876.1041372,10,0.1197916641831398
1565121883.1590118,11,0.1302083283662796
1565121890.2076235,12,0.0677083358168602
1565121897.2384357,13,0.1432291716337204
1565121904.208163,14,0.1744791716337204
1565121910.8616633,15,0.1927083283662796
1565121917.5084302,16,0.2291666716337204
1565121924.1518693,17,0.1354166716337204
1565121930.837693,18,0.1432291716337204
1565121937.5592513,19,0.1692708283662796
1565121944.5798407,20,0.1171875
1565121951.4425442,21,0.1041666641831398
1565121958.4929729,22,0.1432291716337204
1565121965.1281266,23,0.1171875
1565121971.798867,24,0.15625
1565121978.451173,25,0.1848958283662796
1565121985.1056223,26,0.1744791716337204
1565121991.7860544,27,0.1354166716337204
1565121998.830539,28,0.1354166716337204
1565122005.857993,29,0.1171875
1565122012.8743925,30,0.140625
1565122019.917453,31,0.1380208283662796
1565122026.6514719,32,0.1484375
1565122033.547063,33,0.15625
1565122040.318065,34,0.1927083283662796
1565122047.096094,35,0.1510416716337204
1565122054.1412575,36,0.1979166716337204
1565122061.0499575,37,0.171875
1565122068.1228304,38,0.1901041716337204
1565122075.160838,39,0.1354166716337204
1565122081.8408806,40,0.1328125
1565122088.4802885,41,0.140625
1565122095.1204467,42,0.1328125
1565122101.7672837,43,0.2265625
1565122108.411625,44,0.2135416716337204
1565122115.0670612,45,0.1796875
1565122121.7656937,46,0.140625
1565122128.466621,47,0.1171875
1565122135.1271262,48,0.1302083283662796
1565122141.8501744,49,0.1901041716337204
1565122148.5718846,50,0.21875
1565122155.2009535,51,0.1536458283662796
1565122161.8936067,52,0.0963541641831398
1565122168.549356,53,0.1979166716337204
1565122175.2304556,54,0.1692708283662796
1565122181.9341164,55,0.0729166641831398
1565122188.5791202,56,0.1354166716337204
1565122195.5140557,57,0.1744791716337204
1565122202.5417576,58,0.1458333283662796
1565122209.5943828,59,0.1458333283662796
1565122216.4851139,60,0.1614583283662796
1565122223.549357,61,0.1901041716337204
1565122230.5357244,62,0.15625
1565122237.1895394,63,0.234375
1565122244.2032292,64,0.1692708283662796
1565122251.256519,65,0.1458333283662796
1565122258.2562582,66,0.140625
1565122264.8985298,67,0.1119791641831398
1565122271.9401574,68,0.109375
1565122279.0058646,69,0.1692708283662796
1565122286.016507,70,0.1171875
1565122293.085759,71,0.1927083283662796
1565122300.12979,72,0.1510416716337204
1565122306.974671,73,0.1588541716337204
1565122313.6744776,74,0.1223958358168602
1565122320.3896303,75,0.2057291716337204
1565122327.102414,76,0.1510416716337204
1565122333.7290184,77,0.1588541716337204
1565122340.5544014,78,0.1354166716337204
1565122347.5741315,79,0.1588541716337204
1565122354.6348424,80,0.1432291716337204
1565122361.4418566,81,0.1744791716337204
1565122368.1092265,82,0.1796875
1565122374.743697,83,0.1171875
1565122381.4292011,84,0.09375
1565122388.1057184,85,0.2239583283662796
1565122394.7881954,86,0.1536458283662796
1565122401.4534113,87,0.1354166716337204
1565122408.3955631,88,0.2083333283662796
1565122415.2169282,89,0.1822916716337204
1565122421.8797073,90,0.1484375
1565122428.5304432,91,0.1875
1565122435.1659799,92,0.1354166716337204
1565122441.8478422,93,0.171875
1565122448.5402708,94,0.1328125
1565122455.2466557,95,0.15625
1565122462.2670877,96,0.140625
1565122469.2857227,97,0.1171875
1565122476.3476198,98,0.2057291716337204
1565122483.4188247,99,0.1692708283662796
1565122490.4007194,100,0.1614583283662796
1565122497.3768191,101,0.140625
1565122504.0779634,102,0.1692708283662796
1565122510.727929,103,0.1510416716337204
1565122517.3806474,104,0.1822916716337204
1565122524.3879318,105,0.1796875
1565122531.3082368,106,0.125
1565122538.1785138,107,0.0885416641831398
1565122544.812403,108,0.1510416716337204
1565122551.4588075,109,0.109375
1565122558.1788135,110,0.140625
1565122565.0474012,111,0.1041666641831398
1565122572.0898674,112,0.1302083283662796
1565122579.1530378,113,0.1588541716337204
1565122585.9505675,114,0.1015625
1565122592.775383,115,0.0833333358168602
1565122599.409641,116,0.1744791716337204
1565122606.0922635,117,0.1432291716337204
1565122612.7582524,118,0.1588541716337204
1565122619.4891613,119,0.140625
1565122626.5941288,120,0.1744791716337204
1565122633.376717,121,0.2109375
1565122640.4353971,122,0.1536458283662796
1565122647.0796518,123,0.140625
1565122653.7382805,124,0.2057291716337204
1565122660.760147,125,0.109375
1565122667.451813,126,0.1171875
1565122674.1244743,127,0.1458333283662796
1565122680.7900608,128,0.1927083283662796
1565122687.4488513,129,0.1380208283662796
1565122694.1262913,130,0.2005208283662796
1565122700.8159604,131,0.1145833358168602
1565122707.4995532,132,0.1302083283662796
1565122714.1607072,133,0.2083333283662796
1565122721.188827,134,0.1744791716337204
1565122728.0716107,135,0.1223958358168602
1565122734.723251,136,0.1979166716337204
1565122741.3763084,137,0.1458333283662796
1565122748.0142064,138,0.1875
1565122754.6784108,139,0.1458333283662796
1565122761.3342214,140,0.1328125
1565122768.2280712,141,0.1484375
1565122775.2395306,142,0.1875
1565122782.2588434,143,0.234375
1565122788.9889925,144,0.2317708283662796
1565122795.6809409,145,0.1614583283662796
1565122802.3289378,146,0.203125
1565122809.1483173,147,0.1822916716337204
1565122816.202708,148,0.2083333283662796
1565122823.2347195,149,0.1822916716337204
1565122830.2828076,150,0.2161458283662796
1565122837.290778,151,0.09375
1565122843.9385536,152,0.0885416641831398
1565122850.6618369,153,0.1979166716337204
1565122857.6999142,154,0.1770833283662796
1565122864.721386,155,0.1588541716337204
1565123114.192938,156,0.125
1565123121.260264,157,0.1692708283662796
1565123128.0485873,158,0.1640625
1565123135.0974884,159,0.0833333358168602
1565123142.1736805,160,0.1796875
1565123149.1880643,161,0.1614583283662796
1565123155.8849766,162,0.1536458283662796
1565123162.5070448,163,0.1041666641831398
1565123169.2380812,164,0.1223958358168602
1565123176.2580726,165,0.1041666641831398
1565123183.1279795,166,0.1588541716337204
1565123190.114141,167,0.1536458283662796
1565123197.1626823,168,0.1067708358168602
1565123204.2066596,169,0.1510416716337204
1565123211.1264272,170,0.1302083283662796
1565123218.166777,171,0.0677083358168602
1565123225.2230477,172,0.1510416716337204
1565123232.0144167,173,0.1510416716337204
1565123239.0837612,174,0.1640625
1565123246.134056,175,0.171875
1565123253.2061656,176,0.1536458283662796
1565123260.24768,177,0.1536458283662796
1565123267.08321,178,0.1796875
1565123273.7289908,179,0.2369791716337204
1565123280.3978088,180,0.1536458283662796
1565123287.4202418,181,0.1848958283662796
1565123294.2043865,182,0.1041666641831398
1565123301.2072356,183,0.2005208283662796
1565123308.1224883,184,0.140625
1565123315.0423365,185,0.2734375
1565123322.0680847,186,0.1328125
1565123329.0814636,187,0.15625
1565123335.9047093,188,0.1536458283662796
1565123342.5403283,189,0.0729166641831398
1565123349.1971798,190,0.1692708283662796
1565123355.8268626,191,0.1640625
1565123362.4586709,192,0.1015625
1565123369.1426303,193,0.1953125
1565123376.1434913,194,0.1432291716337204
1565123383.1710303,195,0.1197916641831398
1565123390.27215,196,0.1328125
1565123397.3779266,197,0.2447916716337204
1565123404.10568,198,0.1328125
1565123410.9166222,199,0.2161458283662796
