Wall time,Step,Value
1565121810.0356681,0,0.1276041716337204
1565121817.1669533,1,0.1354166716337204
1565121824.635181,2,0.1119791641831398
1565121832.1201751,3,0.140625
1565121839.582116,4,0.1692708283662796
1565121846.7243576,5,0.1953125
1565121854.0776703,6,0.2057291716337204
1565121861.1816957,7,0.2135416716337204
1565121868.6786394,8,0.1770833283662796
1565121875.753044,9,0.1770833283662796
1565121883.1928637,10,0.1927083283662796
1565121890.6295233,11,0.125
1565121898.0813172,12,0.1223958358168602
1565121905.5291924,13,0.1302083283662796
1565121912.974354,14,0.1458333283662796
1565121920.094423,15,0.1458333283662796
1565121927.281678,16,0.1302083283662796
1565121934.489753,17,0.1276041716337204
1565121941.5509863,18,0.1328125
1565121948.6091866,19,0.1354166716337204
1565121955.7374036,20,0.1796875
1565121962.815507,21,0.1848958283662796
1565121970.2794359,22,0.203125
1565121977.7365677,23,0.1640625
1565121984.7981973,24,0.1510416716337204
1565121991.884746,25,0.1927083283662796
1565121999.3124404,26,0.1692708283662796
1565122006.7735226,27,0.1588541716337204
1565122013.8671427,28,0.1692708283662796
1565122020.9471605,29,0.1458333283662796
1565122028.070767,30,0.1510416716337204
1565122035.3160481,31,0.1197916641831398
1565122042.3962862,32,0.1979166716337204
1565122049.6034002,33,0.25
1565122057.0928156,34,0.2005208283662796
1565122064.164519,35,0.1223958358168602
1565122071.2066948,36,0.1223958358168602
1565122078.345942,37,0.2604166567325592
1565122085.5264127,38,0.1901041716337204
1565122093.0732238,39,0.1666666716337204
1565122100.386496,40,0.1927083283662796
1565122107.4829803,41,0.1432291716337204
1565122114.5851781,42,0.1692708283662796
1565122121.7281895,43,0.1822916716337204
1565122129.1755188,44,0.1614583283662796
1565122136.6408787,45,0.1588541716337204
1565122144.1008852,46,0.1588541716337204
1565122151.1742651,47,0.1666666716337204
1565122158.2564955,48,0.1354166716337204
1565122165.3289223,49,0.1119791641831398
1565122172.5278816,50,0.1510416716337204
1565122179.587848,51,0.1640625
1565122186.657322,52,0.1953125
1565122193.7714217,53,0.1640625
1565122200.8909962,54,0.203125
1565122208.384463,55,0.140625
1565122215.9097536,56,0.1770833283662796
1565122223.3866746,57,0.171875
1565122230.8884623,58,0.1666666716337204
1565122238.3420656,59,0.1223958358168602
1565122245.801846,60,0.1614583283662796
1565122252.9107978,61,0.1822916716337204
1565122259.9777682,62,0.1614583283662796
1565122267.1038888,63,0.2135416716337204
1565122274.3507955,64,0.1744791716337204
1565122281.8582742,65,0.1692708283662796
1565122289.3414638,66,0.171875
1565122296.8334258,67,0.140625
1565122304.3380477,68,0.1979166716337204
1565122311.762837,69,0.1197916641831398
1565122318.8505085,70,0.1171875
1565122326.1826773,71,0.1432291716337204
1565122333.5873184,72,0.1640625
1565122341.032009,73,0.1744791716337204
1565122348.5368402,74,0.1979166716337204
1565122355.6888905,75,0.1536458283662796
1565122362.8257966,76,0.1979166716337204
1565122369.9311323,77,0.1979166716337204
1565122377.0341988,78,0.1536458283662796
1565122384.522324,79,0.2161458283662796
1565122392.0651603,80,0.2057291716337204
1565122399.1897702,81,0.1614583283662796
1565122406.6826205,82,0.1458333283662796
1565122413.9755604,83,0.2083333283662796
1565122421.0680652,84,0.1458333283662796
1565122428.438697,85,0.1901041716337204
1565122435.696844,86,0.2057291716337204
1565122442.8405266,87,0.21875
1565122449.9079728,88,0.1953125
1565122456.9748337,89,0.2161458283662796
1565122464.069714,90,0.2083333283662796
1565122471.1628308,91,0.0807291641831398
1565122478.2836442,92,0.1276041716337204
1565122485.7641656,93,0.1953125
1565122493.3028662,94,0.1796875
1565122500.4165711,95,0.1979166716337204
1565122507.5326076,96,0.2161458283662796
1565122514.6296678,97,0.2135416716337204
1565122522.1032557,98,0.171875
1565122529.2483525,99,0.1953125
1565122536.3225083,100,0.1848958283662796
1565122543.8573382,101,0.1927083283662796
1565122551.3082733,102,0.1822916716337204
1565122558.6452243,103,0.2135416716337204
1565122566.095196,104,0.1927083283662796
1565122573.5217564,105,0.1666666716337204
1565122580.9744349,106,0.1510416716337204
1565122588.4900324,107,0.2213541716337204
1565122595.588482,108,0.2395833283662796
1565122602.8874767,109,0.2161458283662796
1565122610.3808074,110,0.2083333283662796
1565122617.4291155,111,0.1536458283662796
1565122624.5325856,112,0.1901041716337204
1565122631.6045861,113,0.2083333283662796
1565122638.6685467,114,0.171875
1565122645.7668984,115,0.203125
1565122652.986133,116,0.2161458283662796
1565122660.511922,117,0.1901041716337204
1565122667.6450636,118,0.21875
1565122674.7841625,119,0.2213541716337204
1565122682.026554,120,0.1979166716337204
1565122689.5534337,121,0.1744791716337204
1565122697.0771317,122,0.25
1565122704.4042752,123,0.1119791641831398
1565122711.5642812,124,0.0911458358168602
1565122718.7052124,125,0.1640625
1565122725.8077617,126,0.1770833283662796
1565122732.8579814,127,0.171875
1565122739.9605885,128,0.1640625
1565122747.043627,129,0.2213541716337204
1565122754.1284802,130,0.2005208283662796
1565122761.2186377,131,0.2369791716337204
1565122768.7038398,132,0.2239583283662796
1565122776.1597767,133,0.2213541716337204
1565122783.6360135,134,0.1848958283662796
1565122790.9552658,135,0.2291666716337204
1565122798.0825195,136,0.1692708283662796
1565122805.588046,137,0.1640625
1565122813.0739837,138,0.2109375
1565122820.6039019,139,0.2005208283662796
1565122828.0805511,140,0.2421875
1565122835.1578593,141,0.171875
1565122842.243075,142,0.1848958283662796
1565122849.3274384,143,0.1875
1565122856.8109875,144,0.203125
1565122864.2784371,145,0.1979166716337204
1565123114.364629,146,0.2421875
1565123121.560083,147,0.2161458283662796
1565123128.992,148,0.203125
1565123136.4576373,149,0.2239583283662796
1565123143.5500922,150,0.1328125
1565123151.0453253,151,0.1588541716337204
1565123158.539679,152,0.1875
1565123165.6395826,153,0.1744791716337204
1565123172.6763666,154,0.2005208283662796
1565123179.7570138,155,0.1875
1565123186.883217,156,0.2083333283662796
1565123194.131388,157,0.2135416716337204
1565123202.7854574,158,0.1770833283662796
1565123209.830424,159,0.1796875
1565123216.8921843,160,0.1692708283662796
1565123224.0251539,161,0.1458333283662796
1565123231.1401954,162,0.2005208283662796
1565123238.4228551,163,0.2317708283662796
1565123245.5487273,164,0.2630208432674408
1565123252.9717607,165,0.28125
1565123260.0669749,166,0.2526041567325592
1565123267.238113,167,0.2265625
1565123274.6867533,168,0.2630208432674408
1565123281.757404,169,0.140625
1565123288.8558128,170,0.2604166567325592
1565123295.9179773,171,0.1927083283662796
1565123302.991562,172,0.203125
1565123310.4360874,173,0.1848958283662796
1565123317.9281998,174,0.21875
1565123325.226163,175,0.2604166567325592
1565123332.2868955,176,0.15625
1565123339.5585015,177,0.2057291716337204
1565123347.020583,178,0.2161458283662796
1565123354.2612114,179,0.1796875
1565123361.5999472,180,0.1822916716337204
1565123368.9687753,181,0.2135416716337204
1565123376.118087,182,0.2213541716337204
1565123383.282425,183,0.15625
1565123390.340057,184,0.21875
1565123397.3874283,185,0.2083333283662796
1565123404.829487,186,0.2239583283662796
1565123412.1492205,187,0.2161458283662796
1565123419.252383,188,0.2135416716337204
1565123426.3500345,189,0.2005208283662796
1565123433.4625723,190,0.203125
1565123440.5764954,191,0.171875
1565123447.6902328,192,0.2291666716337204
1565123454.7979207,193,0.1875
1565123461.9729447,194,0.1536458283662796
1565123469.4226775,195,0.2578125
1565123476.9334047,196,0.1614583283662796
1565123484.1041925,197,0.2760416567325592
1565123491.296855,198,0.1875
1565123498.3766377,199,0.2526041567325592
