Wall time,Step,Value
1565121797.1329284,0,0.0963541641831398
1565121804.386775,1,0.15625
1565121811.591933,2,0.1953125
1565121818.769709,3,0.1614583283662796
1565121825.9200916,4,0.1223958358168602
1565121833.1176476,5,0.2734375
1565121840.348339,6,0.2239583283662796
1565121847.5527651,7,0.1223958358168602
1565121854.7881465,8,0.2447916716337204
1565121861.9955692,9,0.2317708283662796
1565121869.1983461,10,0.1953125
1565121876.365009,11,0.1536458283662796
1565121883.5518682,12,0.1588541716337204
1565121890.748743,13,0.1223958358168602
1565121897.93807,14,0.1484375
1565121905.144748,15,0.1458333283662796
1565121912.3711603,16,0.1510416716337204
1565121919.5561879,17,0.1510416716337204
1565121926.7472126,18,0.1510416716337204
1565121933.9660404,19,0.203125
1565121941.1442575,20,0.140625
1565121948.330563,21,0.2005208283662796
1565121955.554743,22,0.2604166567325592
1565121962.7851133,23,0.140625
1565121969.974835,24,0.2057291716337204
1565121977.136245,25,0.328125
1565121984.378222,26,0.2447916716337204
1565121991.573937,27,0.2109375
1565121998.7711794,28,0.2708333432674408
1565122005.982791,29,0.1432291716337204
1565122013.1573887,30,0.1510416716337204
1565122020.3433683,31,0.2109375
1565122027.5369098,32,0.2083333283662796
1565122034.7921603,33,0.2682291567325592
1565122042.0106273,34,0.1458333283662796
1565122049.2315786,35,0.265625
1565122056.442754,36,0.1458333283662796
1565122063.647513,37,0.2057291716337204
1565122070.873707,38,0.1432291716337204
1565122078.0551271,39,0.203125
1565122085.2295854,40,0.1432291716337204
1565122092.4608376,41,0.203125
1565122099.6244943,42,0.2057291716337204
1565122106.8451388,43,0.2057291716337204
1565122114.0903437,44,0.1432291716337204
1565122121.3216808,45,0.1432291716337204
1565122128.5494008,46,0.203125
1565122135.7579875,47,0.1458333283662796
1565122142.969749,48,0.2057291716337204
1565122150.1688046,49,0.2057291716337204
1565122157.410058,50,0.203125
1565122164.575496,51,0.265625
1565122171.7564292,52,0.1432291716337204
1565122178.9386995,53,0.203125
1565122186.1310782,54,0.1432291716337204
1565122193.287077,55,0.1458333283662796
1565122200.4911397,56,0.1458333283662796
1565122207.6980069,57,0.2057291716337204
1565122214.9188173,58,0.2682291567325592
1565122222.1483774,59,0.1458333283662796
1565122229.359182,60,0.2057291716337204
1565122236.6001132,61,0.1458333283662796
1565122243.7665799,62,0.2057291716337204
1565122251.0025837,63,0.1458333283662796
1565122258.1843483,64,0.203125
1565122265.3976793,65,0.1458333283662796
1565122272.6179118,66,0.2057291716337204
1565122279.8149476,67,0.1432291716337204
1565122287.0568907,68,0.2578125
1565122294.2627606,69,0.203125
1565122301.478097,70,0.140625
1565122308.672934,71,0.1380208283662796
1565122315.8257356,72,0.1979166716337204
1565122323.002529,73,0.1979166716337204
1565122330.1736095,74,0.140625
1565122337.3270633,75,0.2005208283662796
1565122344.4980755,76,0.1380208283662796
1565122351.6523972,77,0.1953125
1565122358.8797026,78,0.1979166716337204
1565122366.106729,79,0.2005208283662796
1565122373.3419714,80,0.2630208432674408
1565122380.583364,81,0.140625
1565122387.7550154,82,0.140625
1565122394.9555767,83,0.2630208432674408
1565122402.186218,84,0.1432291716337204
1565122409.4140599,85,0.2005208283662796
1565122416.6506562,86,0.1588541716337204
1565122423.8991158,87,0.1432291716337204
1565122431.1179066,88,0.15625
1565122438.3621898,89,0.2005208283662796
1565122445.5988805,90,0.1536458283662796
1565122452.7735262,91,0.1432291716337204
1565122459.9444752,92,0.2005208283662796
1565122467.1649563,93,0.203125
1565122474.391982,94,0.2135416716337204
1565122481.6286197,95,0.203125
1565122488.8285074,96,0.21875
1565122496.0209806,97,0.203125
1565122503.2357585,98,0.1458333283662796
1565122510.4608483,99,0.2109375
1565122517.684018,100,0.2083333283662796
1565122524.9345095,101,0.21875
1565122532.1270235,102,0.2734375
1565122539.276734,103,0.2708333432674408
1565122546.448597,104,0.203125
1565122553.659901,105,0.1822916716337204
1565122560.8731847,106,0.140625
1565122568.094857,107,0.2786458432674408
1565122575.3175235,108,0.1484375
1565122582.5441961,109,0.2135416716337204
1565122589.77073,110,0.1510416716337204
1565122596.9914823,111,0.1901041716337204
1565122604.2040582,112,0.1484375
1565122611.4090748,113,0.2109375
1565122618.5833216,114,0.109375
1565122625.765229,115,0.1223958358168602
1565122632.9404159,116,0.1458333283662796
1565122640.126692,117,0.2005208283662796
1565122647.2655232,118,0.2083333283662796
1565122654.4542692,119,0.125
1565122661.6633246,120,0.1328125
1565122668.9048316,121,0.1510416716337204
1565122676.1265063,122,0.1119791641831398
1565122683.3340235,123,0.203125
1565122690.5787933,124,0.2135416716337204
1565122697.7807667,125,0.2083333283662796
1565122704.9842138,126,0.2083333283662796
1565122712.1959586,127,0.1510416716337204
1565122719.4126089,128,0.2135416716337204
1565122726.582007,129,0.1458333283662796
1565122733.7362146,130,0.1432291716337204
1565122740.9249883,131,0.1614583283662796
1565122748.106742,132,0.1640625
1565122755.322803,133,0.1458333283662796
1565122762.4931734,134,0.2057291716337204
1565122769.654943,135,0.2083333283662796
1565122776.8792572,136,0.2265625
1565122784.0876968,137,0.2161458283662796
1565122791.3070178,138,0.15625
1565122798.4644883,139,0.1354166716337204
1565122805.646086,140,0.1458333283662796
1565122812.8398116,141,0.28125
1565122820.032481,142,0.28125
1565122827.225681,143,0.1640625
1565122834.4011261,144,0.2317708283662796
1565122841.6386237,145,0.1692708283662796
1565122848.8528345,146,0.15625
1565122856.0907931,147,0.2786458432674408
1565122863.3391926,148,0.2291666716337204
1565122967.6294312,149,0.1640625
1565123114.3996437,150,0.1588541716337204
1565123121.612283,151,0.2109375
1565123128.8082285,152,0.2708333432674408
1565123136.0063717,153,0.2135416716337204
1565123143.223711,154,0.1536458283662796
1565123150.4127545,155,0.2135416716337204
1565123157.642186,156,0.2760416567325592
1565123164.8421948,157,0.2760416567325592
1565123172.0393372,158,0.2083333283662796
1565123179.2753305,159,0.2265625
1565123186.4621186,160,0.1614583283662796
1565123193.6116602,161,0.2317708283662796
1565123202.8890588,162,0.15625
1565123210.0534093,163,0.1744791716337204
1565123217.2315779,164,0.1666666716337204
1565123224.4315197,165,0.296875
1565123231.5954819,166,0.2057291716337204
1565123238.7993174,167,0.171875
1565123246.023613,168,0.2291666716337204
1565123253.2306888,169,0.1770833283662796
1565123260.4558074,170,0.2369791716337204
1565123267.6702368,171,0.1536458283662796
1565123274.854144,172,0.21875
1565123282.0591965,173,0.21875
1565123289.2242308,174,0.1666666716337204
1565123296.4249015,175,0.1223958358168602
1565123303.6045525,176,0.1119791641831398
1565123310.8307533,177,0.2291666716337204
1565123318.0676942,178,0.2708333432674408
1565123325.2411454,179,0.234375
1565123332.4236023,180,0.2109375
1565123339.6107812,181,0.2239583283662796
1565123346.771336,182,0.1692708283662796
1565123353.9363,183,0.2057291716337204
1565123361.1156278,184,0.2057291716337204
1565123368.2979152,185,0.2265625
1565123375.4923315,186,0.2291666716337204
1565123382.708983,187,0.21875
1565123389.8993242,188,0.21875
1565123397.0859988,189,0.1979166716337204
1565123404.2744412,190,0.1692708283662796
1565123411.4730468,191,0.203125
1565123418.668003,192,0.21875
1565123425.8490696,193,0.1901041716337204
1565123433.0587206,194,0.2109375
1565123440.2510939,195,0.2135416716337204
1565123447.4277115,196,0.2760416567325592
1565123454.640659,197,0.1614583283662796
1565123461.8518102,198,0.1510416716337204
1565123469.0795865,199,0.2421875
