Wall time,Step,Value
1565121807.9588063,0,0.11016414314508438
1565121814.898616,1,0.11016414314508438
1565121821.8383572,2,0.11102092266082764
1565121828.820041,3,0.18213383853435516
1565121835.7454247,4,0.130952388048172
1565121843.0652914,5,0.1274801641702652
1565121850.372716,6,0.12315115332603455
1565121857.6632223,7,0.12143758684396744
1565121864.5751584,8,0.1257665902376175
1565121871.7417786,9,0.10754869878292084
1565121878.924253,10,0.10579004138708115
1565121886.0828753,11,0.11972402781248093
1565121893.0501041,12,0.10407648235559464
1565121899.9676147,13,0.1483134925365448
1565121907.2712743,14,0.16653138399124146
1565121914.563227,15,0.13180916011333466
1565121921.8469846,16,0.12229437381029129
1565121929.0558925,17,0.1361832618713379
1565121936.0123355,18,0.1378968209028244
1565121942.966896,19,0.1361832618713379
1565121950.0063267,20,0.15877525508403778
1565121956.9167564,21,0.10321969538927078
1565121963.869814,22,0.15782828629016876
1565121971.0342085,23,0.15963204205036163
1565121978.3739536,24,0.2055826187133789
1565121985.6929386,25,0.19340728223323822
1565121992.97509,26,0.19255051016807556
1565122000.2962103,27,0.12315115332603455
1565122007.2176323,28,0.1708603948354721
1565122014.270111,29,0.15268759429454803
1565122021.1855102,30,0.1639610379934311
1565122028.1004283,31,0.10231781750917435
1565122035.012913,32,0.16829004883766174
1565122041.939,33,0.11106602102518082
1565122048.852806,34,0.18565115332603455
1565122056.1329968,35,0.11792027205228806
1565122063.416337,36,0.12666846811771393
1565122070.7291696,37,0.11363636702299118
1565122078.0236335,38,0.16477273404598236
1565122085.0275006,39,0.20206528902053833
1565122092.0457203,40,0.15440115332603455
1565122099.3723252,41,0.1205357164144516
1565122106.6983993,42,0.1708603948354721
1565122114.036172,43,0.17523448169231415
1565122121.3422344,44,0.12143758684396744
1565122128.6452687,45,0.13704004883766174
1565122135.9362504,46,0.1552579402923584
1565122143.2501507,47,0.1205357164144516
1565122150.3074002,48,0.12833693623542786
1565122157.6225767,49,0.23069985210895538
1565122164.955403,50,0.12662337720394135
1565122172.2091513,51,0.1570165902376175
1565122179.4553092,52,0.23768939077854156
1565122186.7941365,53,0.20030663907527924
1565122193.7316818,54,0.13009560108184814
1565122201.0463243,55,0.1882665902376175
1565122208.0615416,56,0.16653138399124146
1565122215.3934493,57,0.08152958005666733
1565122222.3805573,58,0.14650973677635193
1565122229.712818,59,0.14917027950286865
1565122236.7597127,60,0.1604437232017517
1565122243.7428727,61,0.22118505835533142
1565122250.723594,62,0.21595418453216553
1565122257.6717684,63,0.1639159470796585
1565122264.6238656,64,0.1726190447807312
1565122271.5884902,65,0.19426406919956207
1565122278.9821827,66,0.20815296471118927
1565122285.9216387,67,0.227182537317276
1565122292.8213277,68,0.33563312888145447
1565122299.878409,69,0.28535354137420654
1565122307.0922897,70,0.24715909361839294
1565122314.0571353,71,0.21162517368793488
1565122320.9704008,72,0.22465728223323822
1565122327.9220123,73,0.24891774356365204
1565122334.906312,74,0.2601912021636963
1565122342.202423,75,0.2090548276901245
1565122349.5012605,76,0.23502886295318604
1565122356.797887,77,0.12662337720394135
1565122363.9815567,78,0.14745670557022095
1565122371.2778864,79,0.1344245970249176
1565122378.2424676,80,0.22028319537639618
1565122385.600572,81,0.14051227271556854
1565122392.640096,82,0.22028319537639618
1565122399.5946782,83,0.19426406919956207
1565122406.49956,84,0.2671356499195099
1565122413.4503126,85,0.18042027950286865
1565122420.363788,86,0.22903138399124146
1565122427.278079,87,0.2706078588962555
1565122434.5045826,88,0.3104707896709442
1565122441.792522,89,0.19944985210895538
1565122449.1359198,90,0.26799243688583374
1565122456.4118443,91,0.24634739756584167
1565122463.6932878,92,0.2680375277996063
1565122471.0129318,93,0.21942640841007233
1565122478.3248985,94,0.3452380895614624
1565122485.626884,95,0.24368686974048615
1565122492.953615,96,0.2636634111404419
1565122500.1825948,97,0.2333603948354721
1565122507.4646795,98,0.28106963634490967
1565122514.377866,99,0.23245851695537567
1565122521.6907277,100,0.2428300827741623
1565122528.9655764,101,0.26357322931289673
1565122536.2637076,102,0.3182719945907593
1565122543.4648356,103,0.3261634111404419
1565122550.3906987,104,0.3174152374267578
1565122557.3161392,105,0.26623377203941345
1565122564.600977,106,0.261904776096344
1565122571.5384417,107,0.2740350067615509
1565122578.8826451,108,0.2897276282310486
1565122586.2153056,109,0.21590909361839294
1565122593.5317187,110,0.32431456446647644
1565122600.8269908,111,0.2826929986476898
1565122608.1023674,112,0.2809794247150421
1565122615.3833644,113,0.3269300162792206
1565122622.6824863,114,0.27150973677635193
1565122630.014691,115,0.27322331070899963
1565122637.3773491,116,0.3295905590057373
1565122644.323672,117,0.20991161465644836
1565122651.6321554,118,0.32778680324554443
1565122658.944386,119,0.35209235548973083
1565122665.848282,120,0.33563312888145447
1565122672.825863,121,0.28192639350891113
1565122679.803543,122,0.2732684016227722
1565122686.781176,123,0.34343433380126953
1565122694.071535,124,0.3261183202266693
1565122701.3894851,125,0.3261183202266693
1565122708.6926084,126,0.3789682686328888
1565122715.9943485,127,0.29482322931289673
1565122723.3072724,128,0.29924243688583374
1565122730.277676,129,0.32007575035095215
1565122737.2412856,130,0.35475289821624756
1565122744.3606873,131,0.33572331070899963
1565122751.5952487,132,0.2827380895614624
1565122758.4877949,133,0.31308621168136597
1565122765.3885877,134,0.25238996744155884
1565122772.2957013,135,0.25238996744155884
1565122779.2242575,136,0.26456528902053833
1565122786.1517315,137,0.33391955494880676
1565122793.088413,138,0.3373466730117798
1565122800.3925374,139,0.1604437232017517
1565122807.7374415,140,0.18817640841007233
1565122814.6795502,141,0.21162517368793488
1565122821.6474433,142,0.20206528902053833
1565122828.6049998,143,0.21942640841007233
1565122835.5641427,144,0.22289863228797913
1565122842.772444,145,0.25933441519737244
1565122867.527143,146,0.22984308004379272
1565123114.229095,147,0.26280662417411804
1565123121.4614127,148,0.1361832618713379
1565123128.42295,149,0.19597762823104858
1565123135.7947183,150,0.24287517368793488
1565123143.1090477,151,0.27489176392555237
1565123150.2854211,152,0.21681097149848938
1565123157.5737686,153,0.2810245454311371
1565123164.8728337,154,0.2758387327194214
1565123172.1330404,155,0.23850108683109283
1565123179.460902,156,0.3157467544078827
1565123186.7866106,157,0.23417207598686218
1565123194.1847165,158,0.30000901222229004
1565123202.9881964,159,0.2611381709575653
1565123210.2938108,160,0.327831894159317
1565123217.582623,161,0.21942640841007233
1565123224.6491673,162,0.31831708550453186
1565123231.9914174,163,0.293154776096344
1565123239.105847,164,0.34780845046043396
1565123246.4434993,165,0.28188130259513855
1565123253.7435563,166,0.3165133595466614
1565123261.0758939,167,0.30271464586257935
1565123268.4094636,168,0.2671356499195099
1565123275.7084677,169,0.24634739756584167
1565123283.070404,170,0.355609655380249
1565123290.4306993,171,0.33391955494880676
1565123297.721929,172,0.33044731616973877
1565123304.6391294,173,0.24882756173610687
1565123311.5734487,174,0.327831894159317
1565123318.4835837,175,0.29405662417411804
1565123325.4876454,176,0.24111652374267578
1565123332.5524552,177,0.3122294247150421
1565123339.8367682,178,0.3373466730117798
1565123347.003523,179,0.3469065725803375
1565123354.3345757,180,0.33820345997810364
1565123361.3186862,181,0.2636634111404419
1565123368.5529888,182,0.18037517368793488
1565123375.8228447,183,0.24715909361839294
1565123383.08757,184,0.3321608901023865
1565123390.3761642,185,0.30271464586257935
1565123397.6647627,186,0.2983856499195099
1565123404.9690025,187,0.29053932428359985
1565123412.2765465,188,0.29058441519737244
1565123419.3060246,189,0.3156565725803375
1565123426.2009215,190,0.319985568523407
1565123433.0935245,191,0.3052850067615509
1565123439.9885104,192,0.29919731616973877
1565123447.3326802,193,0.35556456446647644
1565123454.2878683,194,0.37811148166656494
1565123461.1843524,195,0.39195525646209717
1565123468.127244,196,0.3078553378582001
1565123475.0450125,197,0.27493685483932495
1565123481.9847367,198,0.3477633595466614
1565123488.8801827,199,0.29577019810676575
