Wall time,Step,Value
1565121584.7550175,0,0.1367521435022354
1565121585.6485105,1,0.3875534236431122
1565121586.2405007,2,0.48210468888282776
1565121586.8333097,3,0.4861111044883728
1565121587.4268787,4,0.5590277910232544
1565121588.0207565,5,0.5878739356994629
1565121588.6134038,6,0.6693376302719116
1565121589.2092836,7,0.5956196784973145
1565121589.8028193,8,0.6100427508354187
1565121590.3964708,9,0.651976466178894
1565121590.9902442,10,0.6701388955116272
1565121591.584835,11,0.6805555820465088
1565121592.1781244,12,0.7313033938407898
1565121592.7715526,13,0.6642628312110901
1565121593.3654544,14,0.6789529919624329
1565121593.9887714,15,0.6883012652397156
1565121594.5841844,16,0.6693376302719116
1565121595.180016,17,0.7350427508354187
1565121595.774835,18,0.7094017267227173
1565121596.3728724,19,0.6704059839248657
1565121596.9706833,20,0.6696047186851501
1565121597.567577,21,0.7131410241127014
1565121598.1627474,22,0.7227563858032227
1565121598.7573755,23,0.7454593777656555
1565121599.3539243,24,0.7331730723381042
1565121599.9502628,25,0.726228654384613
1565121600.5931468,26,0.7598824501037598
1565121601.1920555,27,0.7390491366386414
1565121601.7913196,28,0.7630876302719116
1565121602.3906639,29,0.747863233089447
1565121602.9863374,30,0.7537392973899841
1565121603.5834608,31,0.7665598392486572
1565121604.1808667,32,0.7849892973899841
1565121604.7783978,33,0.8002136945724487
1565121605.3772259,34,0.7828525900840759
1565121605.9731562,35,0.8189102411270142
1565121606.5704057,36,0.7753739356994629
1565121607.175961,37,0.8004807829856873
1565121607.7756665,38,0.7596153616905212
1565121608.3758059,39,0.7711004018783569
1565121608.9735627,40,0.7780448794364929
1565121609.5716112,41,0.8108974099159241
1565121610.171194,42,0.7676281929016113
1565121610.7695568,43,0.8186431527137756
1565121611.3685477,44,0.7823183536529541
1565121611.9664605,45,0.7911324501037598
1565121612.5859094,46,0.7954059839248657
1565121613.1853354,47,0.7873931527137756
1565121613.7828062,48,0.7996794581413269
1565121614.381166,49,0.8205128312110901
1565121614.980201,50,0.7780448794364929
1565121615.578139,51,0.7959401607513428
1565121616.1775515,52,0.7711004018783569
1565121616.7762482,53,0.8074252009391785
1565121617.3776639,54,0.8044871687889099
1565121617.9772432,55,0.7756410241127014
1565121618.574233,56,0.7767093777656555
1565121619.1737528,57,0.8170406222343445
1565121619.7725012,58,0.8392093777656555
1565121620.3739843,59,0.8325320482254028
1565121621.1561315,60,0.8386752009391785
1565121621.7602754,61,0.7999466061592102
1565121622.3589597,62,0.8231837749481201
1565121622.9651709,63,0.8306623697280884
1565121623.5631714,64,0.8221153616905212
1565121624.1637695,65,0.8571047186851501
1565121624.767729,66,0.7588140964508057
1565121625.36548,67,0.8333333134651184
1565121625.9642715,68,0.8141025900840759
1565121626.5642657,69,0.8384081125259399
1565121627.1669693,70,0.8445512652397156
1565121627.7752576,71,0.8368055820465088
1565121628.3821273,72,0.8229166865348816
1565121628.986554,73,0.8739316463470459
1565121629.5873609,74,0.8298611044883728
1565121630.1966057,75,0.8656517267227173
1565121630.7980392,76,0.8186431527137756
1565121631.397624,77,0.8549679517745972
1565121631.9989426,78,0.8653846383094788
1565121632.5998325,79,0.8237179517745972
1565121633.1986372,80,0.8378739356994629
1565121633.7997518,81,0.8349359035491943
1565121634.4004374,82,0.8357371687889099
1565121634.9999154,83,0.8303952813148499
1565121635.5991132,84,0.8028846383094788
1565121636.1982825,85,0.8157051205635071
1565121636.8012974,86,0.8253205418586731
1565121637.4016628,87,0.8271901607513428
1565121638.002521,88,0.8886218070983887
1565121638.6029787,89,0.8261218070983887
1565121639.204744,90,0.8341346383094788
1565121639.8065405,91,0.8635149598121643
1565121640.4096327,92,0.8651175498962402
1565121641.010083,93,0.8565705418586731
1565121641.609932,94,0.8627136945724487
1565121642.2145846,95,0.7927350401878357
1565121642.815818,96,0.8843482732772827
1565121643.4150739,97,0.8653846383094788
1565121644.014943,98,0.8648504018783569
1565121644.6152503,99,0.8661859035491943
1565121645.215967,100,0.8763354420661926
1565121645.816648,101,0.8632478713989258
1565121646.4168155,102,0.8963675498962402
1565121647.0176976,103,0.8747329115867615
1565121647.618928,104,0.8717948794364929
1565121648.2204468,105,0.8643162250518799
1565121648.8212981,106,0.8832799196243286
1565121649.4228787,107,0.844284176826477
1565121650.0244951,108,0.8720619678497314
1565121650.6292562,109,0.8608440160751343
1565121651.2316258,110,0.8520299196243286
1565121651.8330321,111,0.8360042572021484
1565121652.4347737,112,0.8520299196243286
1565121653.0356035,113,0.8429487347602844
1565121653.6365998,114,0.8504273295402527
1565121654.2461267,115,0.8221153616905212
1565121654.9724276,116,0.905715823173523
1565121655.5756848,117,0.8725961446762085
1565121656.1791506,118,0.8920940160751343
1565121656.7811236,119,0.8806089758872986
1565121657.381154,120,0.9153311848640442
1565121657.9846444,121,0.8774038553237915
1565121658.586601,122,0.9174679517745972
1565121659.1883917,123,0.8974359035491943
1565121659.8002877,124,0.8910256624221802
1565121660.4048102,125,0.8979700803756714
1565121661.008251,126,0.8955662250518799
1565121661.612905,127,0.8637820482254028
1565121662.2166357,128,0.9126602411270142
1565121662.818525,129,0.8998397588729858
1565121663.4197998,130,0.8923611044883728
1565121664.023317,131,0.8758012652397156
1565121664.6260502,132,0.8565705418586731
1565121665.229005,133,0.8955662250518799
1565121665.830887,134,0.9126602411270142
1565121666.4332037,135,0.8774038553237915
1565121667.0350163,136,0.9073183536529541
1565121667.6380475,137,0.8899572491645813
1565121668.239497,138,0.8979700803756714
1565121668.840372,139,0.8685897588729858
1565121669.4430358,140,0.8787392973899841
1565121670.0434494,141,0.8886218070983887
1565121670.6450014,142,0.9030448794364929
1565121671.2477865,143,0.8912927508354187
1565121671.8490202,144,0.908386766910553
1565121672.4521916,145,0.9049145579338074
1565121673.062722,146,0.9230769276618958
1565121673.6631687,147,0.906784176826477
1565121674.264066,148,0.9393696784973145
1565121674.8644443,149,0.8894230723381042
1565121675.4674604,150,0.905715823173523
1565121676.0689712,151,0.8621794581413269
1565121676.6710188,152,0.9075854420661926
1565121677.2728653,153,0.8974359035491943
1565121677.874961,154,0.939636766910553
1565121678.4785886,155,0.9102563858032227
1565121679.0859838,156,0.932692289352417
1565121679.6907053,157,0.9222756624221802
1565121680.2993872,158,0.9284188151359558
1565121680.9047403,159,0.908386766910553
1565121681.514703,160,0.9188033938407898
1565121682.1176019,161,0.875
1565121682.7202682,162,0.9361645579338074
1565121683.323586,163,0.9289529919624329
1565121683.934001,164,0.9206730723381042
1565121684.535409,165,0.9316239356994629
1565121685.1399114,166,0.9284188151359558
1565121685.7420602,167,0.8696581125259399
1565121686.3432431,168,0.906784176826477
1565121686.9445574,169,0.9059829115867615
1565121687.5459993,170,0.9334936141967773
1565121688.1500134,171,0.9126602411270142
1565121688.7522814,172,0.9361645579338074
1565121689.3534758,173,0.9169337749481201
1565121689.9551094,174,0.9265491366386414
1565121690.5594087,175,0.932692289352417
1565121691.1616285,176,0.9535256624221802
1565121691.7644207,177,0.9059829115867615
1565121692.3706841,178,0.9091880321502686
1565121692.9763484,179,0.9188033938407898
1565121693.5762866,180,0.9420406222343445
1565121694.1786952,181,0.9447115659713745
1565121694.7816837,182,0.9377670884132385
1565121695.3831968,183,0.9030448794364929
1565121695.988105,184,0.8944978713989258
1565121696.5888755,185,0.8896901607513428
1565121697.1937568,186,0.9038461446762085
1565121697.7944732,187,0.8963675498962402
1565121698.396202,188,0.9420406222343445
1565121698.9995706,189,0.9273504018783569
1565121699.6055868,190,0.9377670884132385
1565121700.207885,191,0.9172008633613586
1565121700.8111606,192,0.9273504018783569
1565121701.4142013,193,0.908386766910553
1565121702.0175354,194,0.9465811848640442
1565121702.6190102,195,0.9308226704597473
1565121703.2206612,196,0.9481837749481201
1565121703.823338,197,0.9292200803756714
1565121704.425483,198,0.9489850401878357
1565121705.0282679,199,0.9292200803756714
