Wall time,Step,Value
1565121420.8485234,0,0.1456093192100525
1565121421.5081685,1,0.21830196678638458
1565121422.112933,2,0.33098119497299194
1565121422.7327435,3,0.40625
1565121423.3376427,4,0.43145161867141724
1565121423.9408827,5,0.4975358545780182
1565121424.5396004,6,0.5344982147216797
1565121425.1372805,7,0.5454748868942261
1565121425.7374413,8,0.5744847655296326
1565121426.336885,9,0.5291218757629395
1565121426.9364626,10,0.6025985479354858
1565121427.5340831,11,0.5997983813285828
1565121428.1355884,12,0.5625
1565121428.7368245,13,0.6733871102333069
1565121429.33556,14,0.6244399547576904
1565121429.9404027,15,0.686043918132782
1565121430.5378492,16,0.6879480481147766
1565121431.1380532,17,0.6957885026931763
1565121431.7379272,18,0.7160618305206299
1565121432.337966,19,0.6070788502693176
1565121432.9450917,20,0.707213282585144
1565121433.547767,21,0.6936603784561157
1565121434.1503687,22,0.7119175791740417
1565121434.7558584,23,0.7242383360862732
1565121435.3578556,24,0.7226702570915222
1565121435.961603,25,0.6929883360862732
1565121436.5687366,26,0.7315188050270081
1565121437.1730638,27,0.7034050226211548
1565121437.7785373,28,0.7327508926391602
1565121438.379928,29,0.7242383360862732
1565121438.981803,30,0.7447356581687927
1565121439.5903509,31,0.7691532373428345
1565121440.206155,32,0.7110214829444885
1565121440.8065395,33,0.6566980481147766
1565121441.4114354,34,0.6430331468582153
1565121442.0139132,35,0.6907482147216797
1565121442.6207206,36,0.7520161271095276
1565121443.2244093,37,0.7106854915618896
1565121443.8247552,38,0.7327508926391602
1565121444.4283204,39,0.7438396215438843
1565121445.040346,40,0.7169578671455383
1565121445.649052,41,0.728718638420105
1565121446.2499907,42,0.7592965960502625
1565121446.8481014,43,0.7353270649909973
1565121447.4494386,44,0.7637768983840942
1565121448.0698373,45,0.7533602118492126
1565121448.6724048,46,0.7141577005386353
1565121449.277496,47,0.7492159605026245
1565121449.877112,48,0.7517921328544617
1565121450.4820035,49,0.7646729350090027
1565121451.087256,50,0.7356630563735962
1565121451.6948483,51,0.7865143418312073
1565121452.3057456,52,0.7703853249549866
1565121452.9078915,53,0.8161962628364563
1565121453.517617,54,0.7688171863555908
1565121454.1257985,55,0.7672491073608398
1565121454.7320487,56,0.7830421328544617
1565121455.337116,57,0.7804659605026245
1565121455.939623,58,0.789650559425354
1565121456.5504484,59,0.7056451439857483
1565121457.1581452,60,0.8035394549369812
1565121457.7608511,61,0.7922267317771912
1565121458.3636932,62,0.7646729350090027
1565121458.9753106,63,0.761536717414856
1565121459.5845454,64,0.7849462628364563
1565121460.1940196,65,0.8136200904846191
1565121460.8027978,66,0.8578628897666931
1565121461.4099767,67,0.8158602118492126
1565121462.0166183,68,0.8342294096946716
1565121462.6186454,69,0.7488799095153809
1565121463.2311423,70,0.8057795763015747
1565121463.861962,71,0.7760976552963257
1565121464.4660482,72,0.8108198642730713
1565121465.0671213,73,0.7631048560142517
1565121465.6729796,74,0.843638002872467
1565121466.28104,75,0.8184363842010498
1565121466.8894339,76,0.8200044631958008
1565121467.4975953,77,0.7984991073608398
1565121468.119398,78,0.8297491073608398
1565121468.7267654,79,0.833893358707428
1565121469.3355105,80,0.8377016186714172
1565121469.9470296,81,0.8300850987434387
1565121470.558979,82,0.8266128897666931
1565121471.163698,83,0.7018369436264038
1565121471.770898,84,0.8509184718132019
1565121472.3756113,85,0.8531585931777954
1565121472.9824207,86,0.8499103784561157
1565121473.591716,87,0.8493503332138062
1565121474.2034502,88,0.8613350987434387
1565121474.8082383,89,0.8070116639137268
1565121475.4171734,90,0.8689516186714172
1565121476.024645,91,0.8127239942550659
1565121476.6326623,92,0.8670474886894226
1565121477.2456098,93,0.8363575339317322
1565121477.8569767,94,0.8686155676841736
1565121478.4662385,95,0.8509184718132019
1565121479.0766559,96,0.8562948107719421
1565121479.6865757,97,0.8316532373428345
1565121480.297585,98,0.8228046298027039
1565121480.903488,99,0.7972670197486877
1565121481.5184934,100,0.8632392287254333
1565121482.1267233,101,0.8477822542190552
1565121482.7362566,102,0.8793683052062988
1565121483.3440611,103,0.8212365508079529
1565121483.9519272,104,0.8512544631958008
1565121484.5568955,105,0.7934587597846985
1565121485.1720245,106,0.8774641752243042
1565121485.7824068,107,0.8297491073608398
1565121486.393018,108,0.9052419066429138
1565121487.005447,109,0.8424059152603149
1565121487.610838,110,0.8982974886894226
1565121488.2252212,111,0.8177643418312073
1565121488.8377817,112,0.8490143418312073
1565121489.4416049,113,0.8319892287254333
1565121490.0554476,114,0.8840726017951965
1565121490.6668682,115,0.7934587597846985
1565121491.274928,116,0.8609991073608398
1565121491.892701,117,0.7997311949729919
1565121492.50105,118,0.8686155676841736
1565121493.1099358,119,0.8540546298027039
1565121493.722706,120,0.8648073673248291
1565121494.3293905,121,0.8398297429084778
1565121494.9399135,122,0.8269489407539368
1565121495.5527234,123,0.8420698642730713
1565121496.1648684,124,0.8998655676841736
1565121496.7859395,125,0.8326612710952759
1565121497.3999805,126,0.8840726017951965
1565121498.0182154,127,0.8278449773788452
1565121498.6323962,128,0.8859767317771912
1565121499.243798,129,0.8609991073608398
1565121499.8596163,130,0.9283154010772705
1565121500.4728746,131,0.8967294096946716
1565121501.0788763,132,0.9052419066429138
1565121501.6921587,133,0.8701837062835693
1565121502.2986348,134,0.9245071411132812
1565121502.9078796,135,0.8313171863555908
1565121503.5276055,136,0.9245071411132812
1565121504.1441455,137,0.8458781242370605
1565121504.7573118,138,0.9283154010772705
1565121505.36556,139,0.8825044631958008
1565121505.9746063,140,0.9036738276481628
1565121506.585852,141,0.8654794096946716
1565121507.198074,142,0.8932571411132812
1565121507.809095,143,0.8515905141830444
1565121508.4179668,144,0.9109542965888977
1565121509.028088,145,0.8215726017951965
1565121509.6421103,146,0.9194668531417847
1565121510.2555902,147,0.8420698642730713
1565121510.864046,148,0.9245071411132812
1565121511.47595,149,0.8717517852783203
1565121512.0870736,150,0.9387320876121521
1565121512.6925774,151,0.8755600452423096
1565121513.3051474,152,0.9248431921005249
1565121513.9153562,153,0.8916890621185303
1565121514.5267122,154,0.8986335396766663
1565121515.1437538,155,0.8859767317771912
1565121515.7586925,156,0.8913530707359314
1565121516.3746407,157,0.8316532373428345
1565121516.9845598,158,0.9140905141830444
1565121517.594261,159,0.8677195310592651
1565121518.211589,160,0.9295474886894226
1565121518.8246408,161,0.8512544631958008
1565121519.43991,162,0.9279794096946716
1565121520.0483706,163,0.8547267317771912
1565121520.6728818,164,0.9229390621185303
1565121521.283083,165,0.8752239942550659
1565121521.9015293,166,0.9279794096946716
1565121522.5121505,167,0.872087836265564
1565121523.129835,168,0.9387320876121521
1565121523.745994,169,0.8847446441650391
1565121524.360292,170,0.9140905141830444
1565121524.979018,171,0.8960573673248291
1565121525.596898,172,0.9194668531417847
1565121526.2122543,173,0.872087836265564
1565121526.8333917,174,0.9090501666069031
1565121527.449297,175,0.8389337062835693
1565121528.0820267,176,0.9137544631958008
1565121528.6977365,177,0.8970654010772705
1565121529.313513,178,0.9418683052062988
1565121529.9305413,179,0.91756272315979
1565121530.5476863,180,0.9387320876121521
1565121531.160315,181,0.8897849321365356
1565121531.7811277,182,0.9441084265708923
1565121532.392295,183,0.8528226017951965
1565121533.0063767,184,0.926075279712677
1565121533.6234255,185,0.8847446441650391
1565121534.2390738,186,0.9352598786354065
1565121534.8555999,187,0.8901209831237793
1565121535.4698608,188,0.9387320876121521
1565121536.0806842,189,0.9106183052062988
1565121536.6920362,190,0.9368279576301575
1565121537.3013725,191,0.8844085931777954
1565121537.9117556,192,0.9248431921005249
1565121538.536965,193,0.8682795763015747
1565121539.1526535,194,0.9002016186714172
1565121539.7730525,195,0.8632392287254333
1565121540.3866742,196,0.9210349321365356
1565121541.0041187,197,0.9036738276481628
1565121541.624742,198,0.9159946441650391
1565121542.239938,199,0.9248431921005249
