Wall time,Step,Value
1565121420.5547938,0,0.14819444715976715
1565121421.1981025,1,0.27194443345069885
1565121421.8268821,2,0.37930554151535034
1565121422.457292,3,0.5134721994400024
1565121423.087734,4,0.5423611402511597
1565121423.717884,5,0.5838888883590698
1565121424.3468575,6,0.5726388692855835
1565121424.9751875,7,0.5245833396911621
1565121425.6055923,8,0.5398610830307007
1565121426.2341812,9,0.5651388764381409
1565121426.8646317,10,0.5488888621330261
1565121427.496063,11,0.5384722352027893
1565121428.125261,12,0.5824999809265137
1565121428.7547204,13,0.5265277624130249
1565121429.3843977,14,0.6077777743339539
1565121430.0151715,15,0.5145833492279053
1565121430.6454644,16,0.629444420337677
1565121431.2758303,17,0.6027777791023254
1565121431.9071624,18,0.6097221970558167
1565121432.5378423,19,0.6319444179534912
1565121433.1712513,20,0.6141666769981384
1565121433.8128386,21,0.6077777743339539
1565121434.4456842,22,0.6359722018241882
1565121435.0785203,23,0.6398611068725586
1565121435.711415,24,0.6137499809265137
1565121436.342841,25,0.6183333396911621
1565121436.9770603,26,0.5986111164093018
1565121437.6094425,27,0.6008333563804626
1565121438.2429605,28,0.6269444227218628
1565121438.875093,29,0.6358333230018616
1565121439.5084324,30,0.6147222518920898
1565121440.1418376,31,0.6284722089767456
1565121440.7754202,32,0.6695833206176758
1565121441.4089472,33,0.613194465637207
1565121442.0445929,34,0.6523610949516296
1565121442.6809666,35,0.664722204208374
1565121443.3169262,36,0.6498610973358154
1565121443.9515233,37,0.694861114025116
1565121444.5849097,38,0.5972222089767456
1565121445.2255707,39,0.683055579662323
1565121445.8622198,40,0.6463888883590698
1565121446.497859,41,0.6255555748939514
1565121447.1311476,42,0.668749988079071
1565121447.7648678,43,0.6033333539962769
1565121448.4001338,44,0.574999988079071
1565121449.03362,45,0.6593055725097656
1565121449.6681952,46,0.617222249507904
1565121450.3023276,47,0.64041668176651
1565121450.9373302,48,0.6419444680213928
1565121451.5712435,49,0.7009721994400024
1565121452.2070396,50,0.660694420337677
1565121452.84454,51,0.690833330154419
1565121453.4804149,52,0.6631944179534912
1565121454.1159205,53,0.6791666746139526
1565121454.7680972,54,0.6973611116409302
1565121455.4031475,55,0.6519444584846497
1565121456.038943,56,0.6498610973358154
1565121456.6736965,57,0.6954166889190674
1565121457.3097186,58,0.706250011920929
1565121457.9505854,59,0.6349999904632568
1565121458.5925224,60,0.6706944704055786
1565121459.2306888,61,0.698888897895813
1565121459.86744,62,0.6215277910232544
1565121460.5075173,63,0.653333306312561
1565121461.1426897,64,0.7141666412353516
1565121461.7784743,65,0.6612499952316284
1565121462.4141235,66,0.6958333253860474
1565121463.0508802,67,0.7043055295944214
1565121463.6901255,68,0.6954166889190674
1565121464.3275766,69,0.730138897895813
1565121464.9634697,70,0.6958333253860474
1565121465.6010218,71,0.7022222280502319
1565121466.236564,72,0.6825000047683716
1565121466.8740244,73,0.7077777981758118
1565121467.512089,74,0.695972204208374
1565121468.1510675,75,0.6726388931274414
1565121468.788865,76,0.753333330154419
1565121469.4267266,77,0.7241666913032532
1565121470.0654757,78,0.7081944346427917
1565121470.7039585,79,0.6245833039283752
1565121471.3405104,80,0.7190277576446533
1565121471.976679,81,0.6601389050483704
1565121472.6129324,82,0.7286111116409302
1565121473.2491362,83,0.6894444227218628
1565121473.885041,84,0.7562500238418579
1565121474.5223248,85,0.721666693687439
1565121475.15918,86,0.7240277528762817
1565121475.7967694,87,0.6809722185134888
1565121476.4328978,88,0.7234722375869751
1565121477.0698292,89,0.7365278005599976
1565121477.7368612,90,0.6965277791023254
1565121478.3750527,91,0.7034721970558167
1565121479.013627,92,0.7137500047683716
1565121479.6546113,93,0.7434722185134888
1565121480.2921877,94,0.691944420337677
1565121480.9324005,95,0.7425000071525574
1565121481.5691752,96,0.6795833110809326
1565121482.204971,97,0.6825000047683716
1565121482.8449676,98,0.7068055272102356
1565121483.482952,99,0.6870833039283752
1565121484.1221836,100,0.7022222280502319
1565121484.761725,101,0.726111114025116
1565121485.4004838,102,0.7019444704055786
1565121486.0544114,103,0.6884722113609314
1565121486.6926527,104,0.7434722185134888
1565121487.3332784,105,0.6487500071525574
1565121487.9714582,106,0.7300000190734863
1565121488.60941,107,0.6487500071525574
1565121489.2490504,108,0.7527777552604675
1565121489.8879323,109,0.690416693687439
1565121490.524812,110,0.6958333253860474
1565121491.1654594,111,0.7174999713897705
1565121491.806809,112,0.7230555415153503
1565121492.4465127,113,0.7338888645172119
1565121493.0932455,114,0.7162500023841858
1565121493.7340896,115,0.7126389145851135
1565121494.3713,116,0.730555534362793
1565121495.0098886,117,0.7211111187934875
1565121495.6485426,118,0.726527750492096
1565121496.2874737,119,0.6963889002799988
1565121496.925096,120,0.70291668176651
1565121497.5640016,121,0.6686111092567444
1565121498.2053661,122,0.7191666960716248
1565121498.8428602,123,0.7116666436195374
1565121499.4837222,124,0.707361102104187
1565121500.1221106,125,0.7523611187934875
1565121500.763696,126,0.745972216129303
1565121501.4045875,127,0.7747222185134888
1565121502.0441718,128,0.6800000071525574
1565121502.683192,129,0.6736111044883728
1565121503.3230515,130,0.627916693687439
1565121503.965192,131,0.7068055272102356
1565121504.603212,132,0.6859722137451172
1565121505.243049,133,0.5834722518920898
1565121505.8802722,134,0.7558333277702332
1565121506.51843,135,0.7484722137451172
1565121507.157635,136,0.7400000095367432
1565121507.7977884,137,0.737500011920929
1565121508.4443145,138,0.7583333253860474
1565121509.0832875,139,0.7340278029441833
1565121509.7216294,140,0.7751389145851135
1565121510.3596008,141,0.7508333325386047
1565121510.9990454,142,0.7920833230018616
1565121511.6388614,143,0.7201389074325562
1565121512.284756,144,0.7954166531562805
1565121512.9247859,145,0.752916693687439
1565121513.5645742,146,0.741944432258606
1565121514.2051053,147,0.6543055772781372
1565121514.8468516,148,0.7622222304344177
1565121515.4914918,149,0.7444444298744202
1565121516.1302533,150,0.7636111378669739
1565121516.767369,151,0.7205555438995361
1565121517.4149258,152,0.7323611378669739
1565121518.05381,153,0.7200000286102295
1565121518.6926348,154,0.7373611330986023
1565121519.3315957,155,0.7623611092567444
1565121519.9713426,156,0.7247222065925598
1565121520.6100955,157,0.7672222256660461
1565121521.2488697,158,0.7365278005599976
1565121521.887463,159,0.7819444537162781
1565121522.5265608,160,0.7097222208976746
1565121523.1688545,161,0.757777750492096
1565121523.810377,162,0.7290277481079102
1565121524.4493263,163,0.7855555415153503
1565121525.089073,164,0.737500011920929
1565121525.7288857,165,0.7488889098167419
1565121526.368277,166,0.7747222185134888
1565121527.0066385,167,0.722083330154419
1565121527.6478214,168,0.7819444537162781
1565121528.2877975,169,0.6536111235618591
1565121528.927201,170,0.6551389098167419
1565121529.5655718,171,0.6809722185134888
1565121530.2067513,172,0.6981944441795349
1565121530.8460155,173,0.7330555319786072
1565121531.4879344,174,0.7423611283302307
1565121532.1259222,175,0.7547222375869751
1565121532.7669096,176,0.6854166388511658
1565121533.407278,177,0.7413889169692993
1565121534.0500698,178,0.7543055415153503
1565121534.6898303,179,0.753333330154419
1565121535.3302991,180,0.7651388645172119
1565121535.970177,181,0.726111114025116
1565121536.6101918,182,0.7186111211776733
1565121537.251502,183,0.6388888955116272
1565121537.8936465,184,0.7400000095367432
1565121538.5425794,185,0.7048611044883728
1565121539.1832502,186,0.7736111283302307
1565121539.824924,187,0.7097222208976746
1565121540.4652271,188,0.7091666460037231
1565121541.1040926,189,0.7601388692855835
1565121541.7439744,190,0.7686111330986023
1565121542.3930964,191,0.7522222399711609
1565121543.031688,192,0.7826389074325562
1565121543.6731486,193,0.7641666531562805
1565121544.3139565,194,0.7597222328186035
1565121544.9560232,195,0.7023611068725586
1565121545.5963776,196,0.7151389122009277
1565121546.237384,197,0.6863889098167419
1565121546.8805165,198,0.7037500143051147
1565121547.5221264,199,0.6947222352027893
