Wall time,Step,Value
1565204015.3717976,0,0.19497647881507874
1565204015.815876,1,0.1785954236984253
1565204016.247625,2,0.49857190251350403
1565204016.6798685,3,0.5355342626571655
1565204017.1118505,4,0.5009240508079529
1565204017.5435202,5,0.5488071441650391
1565204017.9741817,6,0.6636424660682678
1565204018.4036045,7,0.5516632795333862
1565204018.8343189,8,0.5814012289047241
1565204019.2645986,9,0.42935147881507874
1565204019.695123,10,0.5656921863555908
1565204020.124549,11,0.5758568644523621
1565204020.5526593,12,0.6810315847396851
1565204020.9820304,13,0.6862398982048035
1565204021.4096327,14,0.6274361610412598
1565204021.8515224,15,0.4436323940753937
1565204022.2814188,16,0.6594421863555908
1565204022.714663,17,0.6813676357269287
1565204023.1431193,18,0.6691028475761414
1565204023.57156,19,0.5089885592460632
1565204024.0005696,20,0.6092069745063782
1565204024.4298177,21,0.5618279576301575
1565204024.8578598,22,0.6847278475761414
1565204025.286511,23,0.5196572542190552
1565204025.7144678,24,0.6696068644523621
1565204026.1458921,25,0.6607862710952759
1565204026.5747452,26,0.6998487710952759
1565204027.0093389,27,0.6911962628364563
1565204027.4421668,28,0.6570900678634644
1565204027.8706617,29,0.6386088728904724
1565204028.2997825,30,0.6703628897666931
1565204028.731255,31,0.6617943644523621
1565204029.159994,32,0.7200940847396851
1565204029.5937018,33,0.6331485509872437
1565204030.0224273,34,0.6250839829444885
1565204030.4507823,35,0.5282257795333862
1565204030.8810253,36,0.7411794066429138
1565204031.3126378,37,0.772681474685669
1565204031.7442138,38,0.7053091526031494
1565204032.174977,39,0.6511256694793701
1565204032.605246,40,0.772681474685669
1565204033.0344412,41,0.7641128897666931
1565204033.4710257,42,0.7984710931777954
1565204033.9037163,43,0.7555443644523621
1565204034.3376405,44,0.7633568644523621
1565204034.7665815,45,0.7849462628364563
1565204035.1967013,46,0.7899025678634644
1565204035.6275706,47,0.7875503897666931
1565204036.0596833,48,0.7925066947937012
1565204036.490935,49,0.8055275678634644
1565204036.9194663,50,0.7828460931777954
1565204037.358432,51,0.7922546863555908
1565204037.7880468,52,0.7943548560142517
1565204038.2239187,53,0.793262779712677
1565204038.653122,54,0.7268985509872437
1565204039.0839403,55,0.7399193644523621
1565204039.5155585,56,0.8031753897666931
1565204039.9458606,57,0.8029233813285828
1565204040.3796947,58,0.805275559425354
1565204040.8110697,59,0.8240087628364563
1565204041.2407317,60,0.7763776779174805
1565204041.6734278,61,0.6722110509872437
1565204042.1051006,62,0.7245463728904724
1565204042.5351958,63,0.6693548560142517
1565204042.964474,64,0.7987231016159058
1565204043.3959234,65,0.7484878897666931
1565204043.8269675,66,0.7617607712745667
1565204044.2593012,67,0.6849798560142517
1565204044.7060692,68,0.7534441947937012
1565204045.1385996,69,0.6852318644523621
1565204045.5705557,70,0.7042170763015747
1565204046.0028527,71,0.5732526779174805
1565204046.4348187,72,0.6203796863555908
1565204046.8644617,73,0.8164482712745667
1565204047.2990031,74,0.8078796863555908
1565204047.7284663,75,0.8344253897666931
1565204048.1593995,76,0.8159441947937012
1565204048.5895278,77,0.7172378897666931
1565204049.0192306,78,0.7237903475761414
1565204049.4506316,79,0.6990087628364563
1565204049.8997068,80,0.6790154576301575
1565204050.3307147,81,0.6638944745063782
1565204050.7745914,82,0.6076108813285828
1565204051.2065017,83,0.777637779712677
1565204051.6393354,84,0.7472278475761414
1565204052.0861654,85,0.8013272881507874
1565204052.5182743,86,0.7451276779174805
1565204052.9497097,87,0.7872983813285828
1565204053.3843791,88,0.7750335931777954
1565204053.8177662,89,0.7820900678634644
1565204054.2539635,90,0.758400559425354
1565204054.6858354,91,0.7823420763015747
1565204055.117648,92,0.7552923560142517
1565204055.5497797,93,0.7870463728904724
1565204055.9824474,94,0.7768816947937012
1565204056.4149337,95,0.7794858813285828
1565204056.8467898,96,0.7581485509872437
1565204057.2903082,97,0.7610046863555908
1565204057.724674,98,0.7766296863555908
1565204058.1592283,99,0.7799898982048035
1565204058.5909681,100,0.8055275678634644
1565204059.0257883,101,0.8297210931777954
1565204059.4582844,102,0.8609710931777954
1565204059.8901503,103,0.836525559425354
1565204060.323822,104,0.8524025678634644
1565204060.7612455,105,0.8476982712745667
1565204061.195218,106,0.8391296863555908
1565204061.626986,107,0.8445900678634644
1565204062.0594635,108,0.847950279712677
1565204062.4921112,109,0.8003191947937012
1565204062.926582,110,0.8310651779174805
1565204063.3592021,111,0.871387779712677
1565204063.7927744,112,0.8325772881507874
1565204064.2267487,113,0.874243974685669
1565204064.661175,114,0.8469421863555908
1565204065.09667,115,0.8687835931777954
1565204065.5297036,116,0.7987231016159058
1565204065.962183,117,0.7899025678634644
1565204066.3995237,118,0.7904065847396851
1565204066.8313377,119,0.7659610509872437
1565204067.2766569,120,0.7948588728904724
1565204067.709366,121,0.8219085931777954
1565204068.143541,122,0.766213059425354
1565204068.575854,123,0.801075279712677
1565204069.0082202,124,0.824512779712677
1565204069.4403062,125,0.8268648982048035
1565204069.8761005,126,0.8263608813285828
1565204070.3082657,127,0.866431474685669
1565204070.740116,128,0.8424898982048035
1565204071.1724727,129,0.8458501100540161
1565204071.6042585,130,0.8398857712745667
1565204072.0398538,131,0.8524025678634644
1565204072.476595,132,0.8531585931777954
1565204072.9093184,133,0.879200279712677
1565204073.3423636,134,0.874243974685669
1565204073.7773895,135,0.8739919066429138
1565204074.2118318,136,0.8583669066429138
1565204074.6446545,137,0.8794522881507874
1565204075.0769722,138,0.871387779712677
1565204075.5091016,139,0.874243974685669
1565204075.9413908,140,0.8576108813285828
1565204076.3762407,141,0.8685315847396851
1565204076.8119156,142,0.879200279712677
1565204077.2474098,143,0.871387779712677
1565204077.6796966,144,0.889868974685669
1565204078.1134524,145,0.8771001100540161
1565204078.5451784,146,0.8953292965888977
1565204078.977449,147,0.8685315847396851
1565204079.410645,148,0.8685315847396851
1565204079.842327,149,0.8081316947937012
1565204080.2755082,150,0.871387779712677
1565204080.7095196,151,0.866431474685669
1565204081.141468,152,0.9005376100540161
1565204081.5736732,153,0.8690356016159058
1565204082.0082936,154,0.863575279712677
1565204082.4453154,155,0.8789482712745667
1565204082.8786018,156,0.8846606016159058
1565204083.3143764,157,0.8550066947937012
1565204083.7485015,158,0.8875167965888977
1565204084.18284,159,0.9007896780967712
1565204084.6228561,160,0.8979334831237793
1565204085.0561037,161,0.8841565847396851
1565204085.488645,162,0.8924731016159058
1565204085.9212115,163,0.9002856016159058
1565204086.35321,164,0.8919690847396851
1565204086.7874422,165,0.9007896780967712
1565204087.2199275,166,0.8924731016159058
1565204087.6532578,167,0.9031417965888977
1565204088.086339,168,0.8716397881507874
1565204088.5199373,169,0.8945732712745667
1565204089.292549,170,0.9135584831237793
1565204089.73155,171,0.8896169066429138
1565204090.1638658,172,0.882056474685669
1565204090.595819,173,0.8953292965888977
1565204091.029279,174,0.9031417965888977
1565204091.4633758,175,0.9057459831237793
1565204091.895793,176,0.8924731016159058
1565204092.328637,177,0.8924731016159058
1565204092.7620718,178,0.8654233813285828
1565204093.1944804,179,0.8872647881507874
1565204093.6280856,180,0.8953292965888977
1565204094.060418,181,0.9005376100540161
1565204094.4924567,182,0.8763440847396851
1565204094.9267008,183,0.9028897881507874
1565204095.359009,184,0.897681474685669
1565204095.7924716,185,0.8818044066429138
1565204096.2263222,186,0.9052419066429138
1565204096.6584473,187,0.894825279712677
1565204097.091624,188,0.8940691947937012
1565204097.5248215,189,0.8953292965888977
1565204097.9592724,190,0.8786962628364563
1565204098.3920088,191,0.8922210931777954
1565204098.8290746,192,0.8901209831237793
1565204099.2646868,193,0.887012779712677
1565204099.6992776,194,0.9109542965888977
1565204100.1332598,195,0.9164146780967712
1565204100.5672932,196,0.905493974685669
1565204101.0015702,197,0.9031417965888977
1565204101.4375978,198,0.9052419066429138
1565204101.8711472,199,0.9130544066429138
