Wall time,Step,Value
1565121584.7859225,0,0.19947916269302368
1565121585.6712809,1,0.3369791805744171
1565121586.2984712,2,0.46822917461395264
1565121586.9240153,3,0.5661458373069763
1565121587.5494363,4,0.5119791626930237
1565121588.1760128,5,0.542187511920929
1565121588.8074768,6,0.6109374761581421
1565121589.4377382,7,0.5223958492279053
1565121590.0672839,8,0.6145833134651184
1565121590.698053,9,0.635937511920929
1565121591.3278763,10,0.668749988079071
1565121591.9588268,11,0.6505208611488342
1565121592.5895326,12,0.7130208611488342
1565121593.2183604,13,0.6307291388511658
1565121593.8457172,14,0.6666666865348816
1565121594.4744072,15,0.645312488079071
1565121595.1050112,16,0.6312500238418579
1565121595.7335074,17,0.6781250238418579
1565121596.3609664,18,0.6635416746139526
1565121596.9891863,19,0.7005208134651184
1565121597.6201062,20,0.653124988079071
1565121598.2511296,21,0.6546875238418579
1565121598.88314,22,0.692187488079071
1565121599.517493,23,0.6625000238418579
1565121600.1497564,24,0.6973958611488342
1565121600.7891877,25,0.676562488079071
1565121601.429084,26,0.6604166626930237
1565121602.0672116,27,0.6958333253860474
1565121602.6982026,28,0.6760416626930237
1565121603.331285,29,0.6770833134651184
1565121603.9632878,30,0.6677083373069763
1565121604.5991175,31,0.6697916388511658
1565121605.229085,32,0.721875011920929
1565121605.8601794,33,0.6546875238418579
1565121606.4901025,34,0.7307291626930237
1565121607.123118,35,0.6958333253860474
1565121607.7560332,36,0.7010416388511658
1565121608.3946915,37,0.6812499761581421
1565121609.0288155,38,0.6979166865348816
1565121609.6598876,39,0.671875
1565121610.2906458,40,0.737500011920929
1565121610.9233818,41,0.7484375238418579
1565121611.5553918,42,0.6942708492279053
1565121612.1911035,43,0.7072916626930237
1565121612.8227317,44,0.746874988079071
1565121613.4570928,45,0.6812499761581421
1565121614.09038,46,0.7114583253860474
1565121614.7235522,47,0.7161458134651184
1565121615.3595839,48,0.7562500238418579
1565121615.9906437,49,0.7328125238418579
1565121616.6244771,50,0.7479166388511658
1565121617.259003,51,0.7119791507720947
1565121617.8928895,52,0.7401041388511658
1565121618.5277126,53,0.7739583253860474
1565121619.1604657,54,0.723437488079071
1565121619.795905,55,0.7604166865348816
1565121620.430474,56,0.7260416746139526
1565121621.220497,57,0.6916666626930237
1565121621.8583431,58,0.7260416746139526
1565121622.4929035,59,0.746874988079071
1565121623.1255348,60,0.7255208492279053
1565121623.7583954,61,0.7796875238418579
1565121624.3888884,62,0.7307291626930237
1565121625.0221367,63,0.7598958611488342
1565121625.6572888,64,0.7286458611488342
1565121626.2974296,65,0.7536458373069763
1565121626.9325166,66,0.7958333492279053
1565121627.5640466,67,0.7578125
1565121628.1999757,68,0.7963541746139526
1565121628.8356876,69,0.7755208611488342
1565121629.4705079,70,0.731249988079071
1565121630.1064608,71,0.7630208134651184
1565121630.747031,72,0.7385416626930237
1565121631.3802586,73,0.7770833373069763
1565121632.0163636,74,0.7489583492279053
1565121632.655511,75,0.7458333373069763
1565121633.2927737,76,0.7380208373069763
1565121633.9284406,77,0.8083333373069763
1565121634.5622916,78,0.7692708373069763
1565121635.1990387,79,0.7671874761581421
1565121635.8306582,80,0.7807291746139526
1565121636.4649682,81,0.7786458134651184
1565121637.1020567,82,0.7786458134651184
1565121637.742979,83,0.7494791746139526
1565121638.3775556,84,0.7557291388511658
1565121639.0159113,85,0.784375011920929
1565121639.6525416,86,0.8151041865348816
1565121640.2924793,87,0.7864583134651184
1565121640.9291942,88,0.7614583373069763
1565121641.5625556,89,0.7494791746139526
1565121642.198951,90,0.8036458492279053
1565121642.8325021,91,0.7604166865348816
1565121643.467254,92,0.8307291865348816
1565121644.106187,93,0.7953125238418579
1565121644.7438927,94,0.793749988079071
1565121645.3781023,95,0.78125
1565121646.0126362,96,0.7619791626930237
1565121646.648131,97,0.7588541507720947
1565121647.2831378,98,0.7692708373069763
1565121647.9145563,99,0.6755208373069763
1565121648.5549064,100,0.7447916865348816
1565121649.1897445,101,0.7510416507720947
1565121649.826505,102,0.7661458253860474
1565121650.4631114,103,0.734375
1565121651.0965428,104,0.7359374761581421
1565121651.734131,105,0.7364583611488342
1565121652.3721323,106,0.714062511920929
1565121653.0108767,107,0.7791666388511658
1565121653.6493459,108,0.7505208253860474
1565121654.3020873,109,0.7557291388511658
1565121654.984233,110,0.8213541507720947
1565121655.6193676,111,0.784375011920929
1565121656.256549,112,0.8161458373069763
1565121656.8949718,113,0.8114583492279053
1565121657.533713,114,0.7651041746139526
1565121658.168523,115,0.8046875
1565121658.80339,116,0.768750011920929
1565121659.4380763,117,0.7479166388511658
1565121660.0730076,118,0.6937500238418579
1565121660.708434,119,0.7479166388511658
1565121661.345087,120,0.7828124761581421
1565121661.9850986,121,0.809374988079071
1565121662.6235788,122,0.7729166746139526
1565121663.2619796,123,0.7729166746139526
1565121663.901542,124,0.6255208253860474
1565121664.5408702,125,0.7697916626930237
1565121665.1781626,126,0.760937511920929
1565121665.81455,127,0.8031250238418579
1565121666.4500163,128,0.8083333373069763
1565121667.0892124,129,0.807812511920929
1565121667.723289,130,0.7401041388511658
1565121668.3571637,131,0.8109375238418579
1565121668.998925,132,0.6265624761581421
1565121669.6342382,133,0.7760416865348816
1565121670.2765973,134,0.765625
1565121670.9153504,135,0.8182291388511658
1565121671.5529125,136,0.8098958134651184
1565121672.1896064,137,0.7973958253860474
1565121672.827729,138,0.7984374761581421
1565121673.465953,139,0.8343750238418579
1565121674.103481,140,0.8197916746139526
1565121674.7417684,141,0.8036458492279053
1565121675.3789964,142,0.8177083134651184
1565121676.0158117,143,0.8057291507720947
1565121676.656036,144,0.7749999761581421
1565121677.2938519,145,0.8244791626930237
1565121677.9326878,146,0.8072916865348816
1565121678.579008,147,0.8109375238418579
1565121679.2191513,148,0.7630208134651184
1565121679.859822,149,0.8723958134651184
1565121680.4981651,150,0.8088541626930237
1565121681.1358564,151,0.78125
1565121681.7761657,152,0.7640625238418579
1565121682.4137757,153,0.7760416865348816
1565121683.0553193,154,0.7593749761581421
1565121683.6936545,155,0.7041666507720947
1565121684.3300152,156,0.7427083253860474
1565121684.9727116,157,0.776562511920929
1565121685.6082332,158,0.7838541865348816
1565121686.246486,159,0.7723958492279053
1565121686.8842385,160,0.8338541388511658
1565121687.5239084,161,0.7385416626930237
1565121688.1651208,162,0.7932291626930237
1565121688.80615,163,0.6859375238418579
1565121689.443676,164,0.848437488079071
1565121690.08089,165,0.8338541388511658
1565121690.7205553,166,0.8255208134651184
1565121691.3604176,167,0.8223958611488342
1565121691.9980743,168,0.859375
1565121692.6345963,169,0.7989583611488342
1565121693.2713974,170,0.8520833253860474
1565121693.9060857,171,0.7567708492279053
1565121694.5425067,172,0.8229166865348816
1565121695.1818178,173,0.7677083611488342
1565121695.8230512,174,0.8411458134651184
1565121696.4603176,175,0.8531249761581421
1565121697.1000726,176,0.8395833373069763
1565121697.7370348,177,0.8255208134651184
1565121698.3721642,178,0.8291666507720947
1565121699.012924,179,0.8343750238418579
1565121699.6508255,180,0.8401041626930237
1565121700.2891016,181,0.8125
1565121701.0679467,182,0.7942708134651184
1565121701.704671,183,0.8380208611488342
1565121702.3437262,184,0.7645833492279053
1565121702.9825356,185,0.7911458611488342
1565121703.6218061,186,0.8192708492279053
1565121704.2615561,187,0.8104166388511658
1565121704.9049537,188,0.7421875
1565121705.5406606,189,0.8385416865348816
1565121706.179288,190,0.7020833492279053
1565121706.8172903,191,0.8239583373069763
1565121707.4539995,192,0.6854166388511658
1565121708.1138868,193,0.7854166626930237
1565121708.7552226,194,0.7906249761581421
1565121709.3957427,195,0.8572916388511658
1565121710.033256,196,0.8067708611488342
1565121710.6724255,197,0.8125
1565121711.31651,198,0.8348958492279053
1565121711.957562,199,0.8765624761581421
