Wall time,Step,Value
1565121584.754501,0,0.06268274784088135
1565121585.65936,1,0.24798975884914398
1565121586.279794,2,0.46619153022766113
1565121586.8983734,3,0.5376461744308472
1565121587.515182,4,0.5747441649436951
1565121588.1361437,5,0.609649121761322
1565121588.751177,6,0.577850878238678
1565121589.368535,7,0.582054078578949
1565121589.9908578,8,0.6498538255691528
1565121590.6122625,9,0.6151315569877625
1565121591.2275507,10,0.628654956817627
1565121591.8443055,11,0.6639254093170166
1565121592.4643872,12,0.6158625483512878
1565121593.0857744,13,0.6321271657943726
1565121593.7041194,14,0.6626461744308472
1565121594.3215377,15,0.6377924084663391
1565121594.946822,16,0.6114766001701355
1565121595.5656347,17,0.7002924084663391
1565121596.1830733,18,0.6270102262496948
1565121596.8020644,19,0.7211257219314575
1565121597.43062,20,0.6507675647735596
1565121598.0520265,21,0.6774488091468811
1565121598.6719573,22,0.6027047038078308
1565121599.2920394,23,0.6915204524993896
1565121599.9195006,24,0.7097952961921692
1565121600.5383065,25,0.6900584697723389
1565121601.159388,26,0.6924341917037964
1565121601.7810233,27,0.7178362607955933
1565121602.399894,28,0.6794590353965759
1565121603.0221922,29,0.7116228342056274
1565121603.6444147,30,0.6675804257392883
1565121604.264201,31,0.7169225215911865
1565121604.889187,32,0.7108917832374573
1565121605.511733,33,0.7021198868751526
1565121606.1397738,34,0.75
1565121606.7617903,35,0.7092470526695251
1565121607.3857641,36,0.7297149300575256
1565121608.0090172,37,0.7196637392044067
1565121608.6299126,38,0.7534722089767456
1565121609.252625,39,0.7266082167625427
1565121609.8771935,40,0.7368420958518982
1565121610.5055428,41,0.6960892081260681
1565121611.125355,42,0.761147677898407
1565121611.7466612,43,0.6909722089767456
1565121612.3689103,44,0.7865496873855591
1565121612.9876075,45,0.6949926614761353
1565121613.607175,46,0.7395833134651184
1565121614.2355852,47,0.7194809913635254
1565121614.8596432,48,0.7437865734100342
1565121615.4816809,49,0.7733917832374573
1565121616.1051853,50,0.7631579041481018
1565121616.731167,51,0.7613304257392883
1565121617.356381,52,0.7816154956817627
1565121617.9821463,53,0.7690058350563049
1565121618.6062317,54,0.7876461744308472
1565121619.2371616,55,0.7814327478408813
1565121619.8616655,56,0.7516447305679321
1565121620.4955368,57,0.7534722089767456
1565121621.2167912,58,0.7527412176132202
1565121621.8406925,59,0.7562134265899658
1565121622.4634295,60,0.7744883298873901
1565121623.0933871,61,0.7953216433525085
1565121623.7210925,62,0.8099415302276611
1565121624.348112,63,0.7938596606254578
1565121624.9698498,64,0.7580409646034241
1565121625.595178,65,0.7876461744308472
1565121626.2172155,66,0.7786915302276611
1565121626.8448014,67,0.8344298005104065
1565121627.472554,68,0.8135964870452881
1565121628.1316676,69,0.7944079041481018
1565121628.7534163,70,0.8240131735801697
1565121629.376344,71,0.801352322101593
1565121629.9988081,72,0.8274853825569153
1565121630.6322029,73,0.7710160613059998
1565121631.261031,74,0.8494151830673218
1565121631.8824298,75,0.811951756477356
1565121632.5116355,76,0.8066520690917969
1565121633.1391802,77,0.7892909646034241
1565121633.763389,78,0.8024488091468811
1565121634.3903034,79,0.8457602262496948
1565121635.0191157,80,0.7978801131248474
1565121635.6443965,81,0.808296799659729
1565121636.2789178,82,0.8338815569877625
1565121636.9062865,83,0.8450292348861694
1565121637.5320187,84,0.8700658082962036
1565121638.1618662,85,0.7708333134651184
1565121638.787399,86,0.8397295475006104
1565121639.4110677,87,0.7255116701126099
1565121640.0357783,88,0.801352322101593
1565121640.6681237,89,0.7573099136352539
1565121641.2961197,90,0.8073830604553223
1565121641.927362,91,0.797149121761322
1565121642.5584116,92,0.855445921421051
1565121643.1866782,93,0.75
1565121643.814072,94,0.8947368264198303
1565121644.441574,95,0.7788742780685425
1565121645.067998,96,0.8196271657943726
1565121645.702329,97,0.8017178177833557
1565121646.3291569,98,0.8050073385238647
1565121646.9514318,99,0.8528874516487122
1565121647.5818686,100,0.8240131735801697
1565121648.2085345,101,0.8686038255691528
1565121648.8406837,102,0.8598318696022034
1565121649.4758081,103,0.8605628609657288
1565121650.1089265,104,0.855445921421051
1565121650.7364128,105,0.8929093480110168
1565121651.3645847,106,0.8512426614761353
1565121651.9924397,107,0.8494151830673218
1565121652.617787,108,0.8029970526695251
1565121653.24512,109,0.8832237124443054
1565121653.876884,110,0.8249269127845764
1565121654.941896,111,0.8996710777282715
1565121655.5677195,112,0.7902047038078308
1565121656.1978395,113,0.8519737124443054
1565121656.8287418,114,0.8300438523292542
1565121657.4561813,115,0.8336988091468811
1565121658.0846243,116,0.8302266001701355
1565121658.7166076,117,0.863304078578949
1565121659.3457549,118,0.792945921421051
1565121659.9750102,119,0.8815789222717285
1565121660.6091297,120,0.7832602262496948
1565121661.2359414,121,0.8607456088066101
1565121661.8717198,122,0.8929093480110168
1565121662.5005095,123,0.8234649300575256
1565121663.1250277,124,0.8614766001701355
1565121663.783336,125,0.8563596606254578
1565121664.4097087,126,0.8561769127845764
1565121665.035878,127,0.8823099136352539
1565121665.6757593,128,0.8448464870452881
1565121666.30822,129,0.8795686960220337
1565121666.9439006,130,0.8154239654541016
1565121667.569238,131,0.8779239654541016
1565121668.201931,132,0.8196271657943726
1565121668.8339856,133,0.8631213307380676
1565121669.4581676,134,0.8379020690917969
1565121670.0860994,135,0.8612938523292542
1565121670.7204025,136,0.8519737124443054
1565121671.3501606,137,0.9016813039779663
1565121671.9877937,138,0.8073830604553223
1565121672.621711,139,0.8711622953414917
1565121673.2567167,140,0.8651315569877625
1565121673.8849227,141,0.8892543911933899
1565121674.519129,142,0.8304093480110168
1565121675.159662,143,0.8534356951713562
1565121675.8338704,144,0.8695175647735596
1565121676.5170767,145,0.9033260345458984
1565121677.1957374,146,0.8572733998298645
1565121677.8627872,147,0.8894371390342712
1565121678.5207076,148,0.8494151830673218
1565121679.1619775,149,0.8552631735801697
1565121679.7979703,150,0.8841374516487122
1565121680.4293435,151,0.8746345043182373
1565121681.0607314,152,0.8686038255691528
1565121681.701349,153,0.8779239654541016
1565121682.3384387,154,0.871345043182373
1565121683.0019646,155,0.8642178177833557
1565121683.6782265,156,0.8205409646034241
1565121684.3395615,157,0.8570906519889832
1565121684.9848375,158,0.844298243522644
1565121685.6242077,159,0.8687865734100342
1565121686.2532,160,0.8929093480110168
1565121686.8825705,161,0.9086257219314575
1565121687.5191383,162,0.8718932867050171
1565121688.1499257,163,0.8998538255691528
1565121688.7778008,164,0.8841374516487122
1565121689.4100769,165,0.8901681303977966
1565121690.0435033,166,0.8912646174430847
1565121690.6784964,167,0.9084429740905762
1565121691.3325646,168,0.8728070259094238
1565121691.9667304,169,0.8857821822166443
1565121692.6090462,170,0.7909356951713562
1565121693.2476666,171,0.9058845043182373
1565121693.8796349,172,0.8589181303977966
1565121694.5180259,173,0.8779239654541016
1565121695.149134,174,0.8362573385238647
1565121695.7913795,175,0.8806651830673218
1565121696.4314525,176,0.8894371390342712
1565121697.0782433,177,0.9093567132949829
1565121697.715933,178,0.8936403393745422
1565121698.3546672,179,0.8996710777282715
1565121698.9859746,180,0.8616593480110168
1565121699.6300998,181,0.8642178177833557
1565121700.266257,182,0.8808479309082031
1565121700.9093153,183,0.8954678177833557
1565121701.5544457,184,0.8457602262496948
1565121702.1900403,185,0.879751443862915
1565121702.8297868,186,0.8711622953414917
1565121703.4774919,187,0.8876096606254578
1565121704.1294334,188,0.906798243522644
1565121704.7636132,189,0.9031432867050171
1565121705.399217,190,0.8824926614761353
1565121706.0362656,191,0.9086257219314575
1565121706.6796863,192,0.8188961744308472
1565121707.313699,193,0.8669590353965759
1565121707.9845622,194,0.8240131735801697
1565121708.6659656,195,0.8675073385238647
1565121709.3402462,196,0.8572733998298645
1565121709.9966376,197,0.8989400863647461
1565121710.6409843,198,0.8475877046585083
1565121711.2709072,199,0.8883406519889832
