Wall time,Step,Value
1565121584.7589657,0,0.13261815905570984
1565121585.6929765,1,0.26663556694984436
1565121586.3380759,2,0.38769692182540894
1565121586.9735653,3,0.4339759647846222
1565121587.6054025,4,0.5664904713630676
1565121588.2402036,5,0.5913661122322083
1565121588.8730028,6,0.5243573784828186
1565121589.5089886,7,0.5615153312683105
1565121590.1416068,8,0.5943719148635864
1565121590.7786942,9,0.5620853900909424
1565121591.412174,10,0.6132358908653259
1565121592.0469005,11,0.6186774373054504
1565121592.684548,12,0.6310634613037109
1565121593.3196976,13,0.6057214140892029
1565121593.954963,14,0.6425166130065918
1565121594.5924478,15,0.6410136818885803
1565121595.227207,16,0.6375414729118347
1565121595.863611,17,0.5983105301856995
1565121596.5035658,18,0.666252076625824
1565121597.141504,19,0.6072242856025696
1565121597.783517,20,0.6564054489135742
1565121598.41792,21,0.6425166130065918
1565121599.0608256,22,0.6746994256973267
1565121599.696303,23,0.686618983745575
1565121600.3335927,24,0.6811774373054504
1565121600.9729514,25,0.6945999264717102
1565121601.6091995,26,0.7154332399368286
1565121602.2457635,27,0.6668221354484558
1565121602.8832166,28,0.7065194845199585
1565121603.5238464,29,0.6802446246147156
1565121604.1591148,30,0.704653799533844
1565121604.7999904,31,0.7006115317344666
1565121605.4411976,32,0.7051202058792114
1565121606.0807009,33,0.6907649040222168
1565121606.716042,34,0.6976057291030884
1565121607.352819,35,0.7000414729118347
1565121607.9908316,36,0.6985385417938232
1565121608.625366,37,0.7021144032478333
1565121609.2604678,38,0.7045501470565796
1565121609.8977978,39,0.7095252871513367
1565121610.5343502,40,0.6716936230659485
1565121611.1723783,41,0.7100953459739685
1565121611.8127387,42,0.6932006478309631
1565121612.453304,43,0.7487562298774719
1565121613.0923035,44,0.7418117523193359
1565121613.7331583,45,0.6792080998420715
1565121614.371889,46,0.7234141826629639
1565121615.007928,47,0.6643863916397095
1565121615.6499085,48,0.46465587615966797
1565121616.2878153,49,0.4483312666416168
1565121616.9276748,50,0.5378835201263428
1565121617.5673888,51,0.5744714140892029
1565121618.2045367,52,0.5193822383880615
1565121618.8439956,53,0.5507358908653259
1565121619.4839509,54,0.5611525774002075
1565121620.122167,55,0.5124378204345703
1565121620.763194,56,0.5388163328170776
1565121621.4032497,57,0.5759742856025696
1565121622.0444827,58,0.5770107507705688
1565121622.7110891,59,0.5566438436508179
1565121623.3503819,60,0.5104684829711914
1565121623.9929485,61,0.5084991455078125
1565121624.6311846,62,0.5730721354484558
1565121625.2675881,63,0.5899668335914612
1565121625.910284,64,0.5868573784828186
1565121626.55255,65,0.6375414729118347
1565121627.1935773,66,0.6375414729118347
1565121627.833744,67,0.6351057291030884
1565121628.474336,68,0.6444858908653259
1565121629.122966,69,0.6523631811141968
1565121629.7651615,70,0.6564054489135742
1565121630.403035,71,0.6301305890083313
1565121631.0416524,72,0.665889322757721
1565121631.6843765,73,0.6717972755432129
1565121632.3512318,74,0.6544361710548401
1565121632.9935372,75,0.5987769365310669
1565121633.6342657,76,0.6320999264717102
1565121634.2766905,77,0.6748030781745911
1565121634.9165876,78,0.6568719148635864
1565121635.5603,79,0.6499274373054504
1565121636.2025542,80,0.6544361710548401
1565121636.8447888,81,0.6826803684234619
1565121637.4896107,82,0.6722636818885803
1565121638.1358416,83,0.6434494256973267
1565121638.778544,84,0.6524668335914612
1565121639.426181,85,0.6871890425682068
1565121640.0743656,86,0.6464552283287048
1565121640.715133,87,0.6956363916397095
1565121641.3577054,88,0.6380078792572021
1565121642.0000181,89,0.6900911927223206
1565121642.6449306,90,0.6673921942710876
1565121643.2940345,91,0.6623134613037109
1565121643.9316373,92,0.6375414729118347
1565121644.573837,93,0.6156716346740723
1565121645.213489,94,0.6256219148635864
1565121645.8552618,95,0.6613805890083313
1565121646.4944134,96,0.6032856702804565
1565121647.1370635,97,0.6365049481391907
1565121647.7785726,98,0.6067578792572021
1565121648.4204931,99,0.6906612515449524
1565121649.0654268,100,0.6488909721374512
1565121649.7066278,101,0.7208747863769531
1565121650.3503768,102,0.6693615317344666
1565121650.992194,103,0.7125310897827148
1565121651.6344914,104,0.6623134613037109
1565121652.2785673,105,0.7407752871513367
1565121652.9208782,106,0.6410136818885803
1565121653.5626564,107,0.6930969953536987
1565121654.2126245,108,0.6117330193519592
1565121654.994465,109,0.6911277174949646
1565121655.634235,110,0.669827938079834
1565121656.2787747,111,0.7313951253890991
1565121656.9239273,112,0.6763059496879578
1565121657.569403,113,0.7308250665664673
1565121658.2113805,114,0.6286277174949646
1565121658.853723,115,0.7249170541763306
1565121659.5106285,116,0.6260883212089539
1565121660.1550865,117,0.7026845216751099
1565121660.799153,118,0.635002076625824
1565121661.439282,119,0.6489946246147156
1565121662.0805287,120,0.6669257879257202
1565121662.724104,121,0.6752694845199585
1565121663.3658195,122,0.6628835201263428
1565121664.0116441,123,0.6504974961280823
1565121664.655255,124,0.6733001470565796
1565121665.3003628,125,0.6415837407112122
1565121665.9478068,126,0.6251554489135742
1565121666.5922122,127,0.6554726362228394
1565121667.2333362,128,0.6017827391624451
1565121667.876848,129,0.6668221354484558
1565121668.5220907,130,0.614635169506073
1565121669.1625292,131,0.7065194845199585
1565121669.8080575,132,0.6161380410194397
1565121670.4506903,133,0.7268863916397095
1565121671.093768,134,0.6668221354484558
1565121671.7412026,135,0.6748030781745911
1565121672.3841076,136,0.6072242856025696
1565121673.027337,137,0.653399646282196
1565121673.6684132,138,0.6236525774002075
1565121674.3149414,139,0.6360385417938232
1565121674.9570367,140,0.6162416934967041
1565121675.6020203,141,0.6633499264717102
1565121676.2447903,142,0.6266583800315857
1565121676.8887582,143,0.6870853900909424
1565121677.5320454,144,0.6683250665664673
1565121678.1759052,145,0.7313951253890991
1565121678.8150046,146,0.6867226362228394
1565121679.4588125,147,0.7065194845199585
1565121680.1047533,148,0.6687914729118347
1565121680.748011,149,0.6872926950454712
1565121681.3959064,150,0.6454187631607056
1565121682.0383403,151,0.6633499264717102
1565121682.6837604,152,0.607327938079834
1565121683.3275726,153,0.7463204860687256
1565121683.9702842,154,0.665889322757721
1565121684.614873,155,0.7110282182693481
1565121685.2596784,156,0.7025808691978455
1565121685.9042463,157,0.6474916934967041
1565121686.5474687,158,0.6623134613037109
1565121687.190902,159,0.5640547275543213
1565121687.8366706,160,0.6757358908653259
1565121688.4798336,161,0.6678586006164551
1565121689.1236713,162,0.7378731369972229
1565121689.7648952,163,0.6752694845199585
1565121690.4096837,164,0.726419985294342
1565121691.0554996,165,0.6340692639350891
1565121691.7028136,166,0.753731369972229
1565121692.3714566,167,0.7075559496879578
1565121693.0112858,168,0.7502591013908386
1565121693.6571136,169,0.6981757879257202
1565121694.3042157,170,0.7487562298774719
1565121694.9506745,171,0.7244506478309631
1565121695.5943449,172,0.7870543003082275
1565121696.2411714,173,0.7318615317344666
1565121696.8827102,174,0.6550062298774719
1565121697.5300918,175,0.680711030960083
1565121698.1724708,176,0.6743366718292236
1565121698.816624,177,0.6995750665664673
1565121699.4581783,178,0.7031509280204773
1565121700.0988746,179,0.6610178351402283
1565121700.7387662,180,0.6640236377716064
1565121701.3860905,181,0.725020706653595
1565121702.0301256,182,0.6823175549507141
1565121702.6726327,183,0.7140340209007263
1565121703.315431,184,0.6802446246147156
1565121703.9612067,185,0.7085924744606018
1565121704.6018038,186,0.736940324306488
1565121705.245227,187,0.691231369972229
1565121705.8866627,188,0.7164697051048279
1565121706.529447,189,0.7328979969024658
1565121707.1760302,190,0.6961027979850769
1565121707.8264976,191,0.7328979969024658
1565121708.4729147,192,0.6852197051048279
1565121709.1251817,193,0.7541977763175964
1565121709.7709494,194,0.761245846748352
1565121710.4182239,195,0.7801098823547363
1565121711.0646777,196,0.7125310897827148
1565121711.712178,197,0.7368366718292236
1565121712.3584983,198,0.7552342414855957
1565121713.0012126,199,0.7894900441169739
