Wall time,Step,Value
1565204006.8123267,0,0.18609775602817535
1565204007.2326484,1,0.1720753163099289
1565204007.636016,2,0.38621795177459717
1565204008.0493937,3,0.5442708134651184
1565204008.4544566,4,0.5410656929016113
1565204008.8595881,5,0.45392629504203796
1565204009.2655656,6,0.4739583432674408
1565204009.6708515,7,0.4401041567325592
1565204010.0739005,8,0.5825320482254028
1565204010.4775028,9,0.5797275900840759
1565204010.8807828,10,0.6975160241127014
1565204011.283745,11,0.6364182829856873
1565204011.6873095,12,0.5380609035491943
1565204012.0907888,13,0.4583333432674408
1565204012.4937508,14,0.6254006624221802
1565204012.8972876,15,0.5444711446762085
1565204013.3006248,16,0.5572916865348816
1565204013.7039294,17,0.6338140964508057
1565204014.1069214,18,0.5739182829856873
1565204014.512245,19,0.6087740659713745
1565204014.9187062,20,0.4429086446762085
1565204015.3222694,21,0.39743590354919434
1565204015.7282393,22,0.6426281929016113
1565204016.1316874,23,0.5260416865348816
1565204016.5351377,24,0.5687099099159241
1565204016.9381976,25,0.6009615659713745
1565204017.349385,26,0.5725160241127014
1565204017.752928,27,0.5817307829856873
1565204018.1563716,28,0.614182710647583
1565204018.5596366,29,0.5274438858032227
1565204018.9638853,30,0.49038460850715637
1565204019.367874,31,0.6043669581413269
1565204019.771773,32,0.5725160241127014
1565204020.1753592,33,0.5592948794364929
1565204020.5787776,34,0.6540464758872986
1565204020.9824967,35,0.6616586446762085
1565204021.3862538,36,0.6634615659713745
1565204021.7894292,37,0.6480368375778198
1565204022.1931958,38,0.6338140964508057
1565204022.597451,39,0.661057710647583
1565204023.0073671,40,0.7271634340286255
1565204023.4112873,41,0.6646634340286255
1565204023.8149807,42,0.6530448794364929
1565204024.2189317,43,0.6730769276618958
1565204024.62263,44,0.6668669581413269
1565204025.0428314,45,0.7147436141967773
1565204025.446519,46,0.7165464758872986
1565204025.8508701,47,0.715745210647583
1565204026.2550848,48,0.713942289352417
1565204026.6621203,49,0.6895031929016113
1565204027.0657778,50,0.6676682829856873
1565204027.47252,51,0.7339743375778198
1565204027.8771675,52,0.7331730723381042
1565204028.2833016,53,0.6762820482254028
1565204028.6874568,54,0.7069311141967773
1565204029.0914805,55,0.7103365659713745
1565204029.4957058,56,0.6774839758872986
1565204029.9015484,57,0.6392227411270142
1565204030.3063064,58,0.7069311141967773
1565204030.7107155,59,0.6782852411270142
1565204031.1149085,60,0.6965144276618958
1565204031.5226846,61,0.7175480723381042
1565204031.9270492,62,0.706129789352417
1565204032.3302898,63,0.6546474099159241
1565204032.737148,64,0.5548878312110901
1565204033.1413758,65,0.6043669581413269
1565204033.5455945,66,0.7111378312110901
1565204033.9499307,67,0.7209535241127014
1565204034.355378,68,0.7225561141967773
1565204034.7594817,69,0.7261618375778198
1565204035.2375028,70,0.7057291865348816
1565204035.650914,71,0.7261618375778198
1565204036.0550654,72,0.7111378312110901
1565204036.460968,73,0.7251602411270142
1565204036.8697472,74,0.7199519276618958
1565204037.2768674,75,0.723557710647583
1565204037.681835,76,0.7165464758872986
1565204038.0876806,77,0.7207531929016113
1565204038.4928422,78,0.7121394276618958
1565204038.912796,79,0.7155448794364929
1565204039.3197284,80,0.715745210647583
1565204039.7251344,81,0.7183493375778198
1565204040.1301508,82,0.6897035241127014
1565204040.5352376,83,0.6852964758872986
1565204040.941627,84,0.6155849099159241
1565204041.3468688,85,0.6590544581413269
1565204041.752767,86,0.6959134340286255
1565204042.1616325,87,0.7401843070983887
1565204042.570051,88,0.6566506624221802
1565204042.9749641,89,0.721754789352417
1565204043.3823817,90,0.7113381624221802
1565204043.7885003,91,0.6991186141967773
1565204044.1945465,92,0.7183493375778198
1565204044.600198,93,0.6400240659713745
1565204045.0059268,94,0.6981169581413269
1565204045.4359527,95,0.6606570482254028
1565204045.8451016,96,0.7506009340286255
1565204046.250761,97,0.6758813858032227
1565204046.6561596,98,0.7435897588729858
1565204047.0662072,99,0.7399839758872986
1565204047.4713106,100,0.739182710647583
1565204047.8766851,101,0.6971153616905212
1565204048.282772,102,0.7766426205635071
1565204048.6911685,103,0.7277644276618958
1565204049.1012528,104,0.7566105723381042
1565204049.5067997,105,0.7654246687889099
1565204049.9136689,106,0.7678285241127014
1565204050.3229778,107,0.7285656929016113
1565204050.7282567,108,0.7766426205635071
1565204051.1339338,109,0.7059294581413269
1565204051.5394554,110,0.770432710647583
1565204051.9465976,111,0.7594150900840759
1565204052.3522315,112,0.7407852411270142
1565204052.7579658,113,0.7706330418586731
1565204053.1636329,114,0.7748397588729858
1565204053.5685477,115,0.7774438858032227
1565204053.973872,116,0.7506009340286255
1565204054.3808181,117,0.7524038553237915
1565204054.7873533,118,0.729567289352417
1565204055.193079,119,0.7227563858032227
1565204055.5987751,120,0.7339743375778198
1565204056.0045664,121,0.6782852411270142
1565204056.412901,122,0.7329727411270142
1565204056.8192396,123,0.7487980723381042
1565204057.2304397,124,0.7652243375778198
1565204057.6362448,125,0.7732371687889099
1565204058.0433278,126,0.7441906929016113
1565204058.4490867,127,0.7852563858032227
1565204058.854496,128,0.778245210647583
1565204059.2607608,129,0.7904647588729858
1565204059.6726909,130,0.8008813858032227
1565204060.0785935,131,0.8096955418586731
1565204060.4840865,132,0.801682710647583
1565204060.892228,133,0.8034855723381042
1565204061.298811,134,0.7738381624221802
1565204061.7041333,135,0.7858573794364929
1565204062.1142218,136,0.8070913553237915
1565204062.5216029,137,0.8201121687889099
1565204062.9411006,138,0.8253205418586731
1565204063.3490298,139,0.8112980723381042
1565204063.7553158,140,0.7826522588729858
1565204064.1605988,141,0.8375400900840759
1565204064.5669012,142,0.7808493375778198
1565204064.9732375,143,0.7982772588729858
1565204065.3790882,144,0.7720352411270142
1565204065.7850087,145,0.8279246687889099
1565204066.1916177,146,0.7982772588729858
1565204066.5986922,147,0.8122996687889099
1565204067.0057318,148,0.7912660241127014
1565204067.4128487,149,0.8165063858032227
1565204067.8197281,150,0.7974759340286255
1565204068.2263284,151,0.8120993375778198
1565204068.6492167,152,0.7956730723381042
1565204069.0561318,153,0.8539663553237915
1565204069.4628465,154,0.7870593070983887
1565204069.8702228,155,0.809495210647583
1565204070.2796001,156,0.7658253312110901
1565204070.6869051,157,0.8217147588729858
1565204071.0959115,158,0.8175080418586731
1565204071.517069,159,0.8201121687889099
1565204071.9241712,160,0.7972756624221802
1565204072.3320694,161,0.7684294581413269
1565204072.741478,162,0.8295272588729858
1565204073.1487105,163,0.8391426205635071
1565204073.5552824,164,0.8183093070983887
1565204073.9620636,165,0.8357371687889099
1565204074.3689842,166,0.801682710647583
1565204074.775181,167,0.8253205418586731
1565204075.1839337,168,0.8227163553237915
1565204075.5920486,169,0.8461538553237915
1565204075.99895,170,0.8120993375778198
1565204076.4056852,171,0.8235176205635071
1565204076.8146012,172,0.8427484035491943
1565204077.2221596,173,0.8207131624221802
1565204077.62882,174,0.8331330418586731
1565204078.0359092,175,0.815504789352417
1565204078.4426293,176,0.801682710647583
1565204078.8522398,177,0.8495593070983887
1565204079.2596912,178,0.8305288553237915
1565204079.6675503,179,0.8425480723381042
1565204080.0739915,180,0.7910656929016113
1565204080.483165,181,0.8110977411270142
1565204080.9047081,182,0.8349359035491943
1565204081.3137233,183,0.8050881624221802
1565204081.7209258,184,0.8253205418586731
1565204082.1280599,185,0.8591746687889099
1565204082.5350478,186,0.8199118375778198
1565204082.9432187,187,0.8513621687889099
1565204083.3507838,188,0.8453525900840759
1565204083.757802,189,0.8365384340286255
1565204084.1652162,190,0.8365384340286255
1565204084.572025,191,0.8399438858032227
1565204084.982038,192,0.8523637652397156
1565204085.38927,193,0.8529647588729858
1565204085.7961645,194,0.8583734035491943
1565204086.203357,195,0.8774038553237915
1565204086.6105406,196,0.8120993375778198
1565204087.018431,197,0.8409455418586731
1565204087.4265573,198,0.8591746687889099
1565204087.844898,199,0.8713942170143127
