Wall time,Step,Value
1565204006.428302,0,0.08475378900766373
1565204006.8593595,1,0.08783143758773804
1565204007.274804,2,0.38517993688583374
1565204007.6895216,3,0.3697916567325592
1565204008.1050847,4,0.548768937587738
1565204008.5198405,5,0.5419034361839294
1565204008.934446,6,0.4178503751754761
1565204009.349438,7,0.4031723439693451
1565204009.766038,8,0.6084280014038086
1565204010.1829875,9,0.6595643758773804
1565204010.6021636,10,0.6271306872367859
1565204011.017287,11,0.6408617496490479
1565204011.4323046,12,0.5158617496490479
1565204011.8488839,13,0.37381628155708313
1565204012.2644756,14,0.5201231241226196
1565204012.679103,15,0.6036931872367859
1565204013.0922174,16,0.7066761255264282
1565204013.5055766,17,0.5939867496490479
1565204013.9186475,18,0.6548295617103577
1565204014.3336818,19,0.5714961886405945
1565204014.751567,20,0.5861742496490479
1565204015.164816,21,0.5755208134651184
1565204015.593469,22,0.6439393758773804
1565204016.0078897,23,0.6337594985961914
1565204016.4322248,24,0.6216856241226196
1565204016.8454711,25,0.6609848737716675
1565204017.2588751,26,0.6744791865348816
1565204017.6724195,27,0.6541193127632141
1565204018.085409,28,0.6032196879386902
1565204018.4992988,29,0.6389678120613098
1565204018.915275,30,0.6169507503509521
1565204019.3296804,31,0.5679450631141663
1565204019.743774,32,0.6413352489471436
1565204020.1615257,33,0.6162405014038086
1565204020.5846965,34,0.6278409361839294
1565204020.9985504,35,0.5861742496490479
1565204021.4118786,36,0.584043562412262
1565204021.8255243,37,0.5866477489471436
1565204022.2401178,38,0.5340909361839294
1565204022.6626084,39,0.6013257503509521
1565204023.0761847,40,0.6240530014038086
1565204023.490612,41,0.6448863744735718
1565204023.9037445,42,0.6131628751754761
1565204024.3206809,43,0.6574336886405945
1565204024.734589,44,0.6136363744735718
1565204025.1484647,45,0.6091382503509521
1565204025.5620677,46,0.6370738744735718
1565204025.9755456,47,0.6860795617103577
1565204026.3886726,48,0.6839488744735718
1565204026.801822,49,0.7395833134651184
1565204027.215266,50,0.6782670617103577
1565204027.629534,51,0.7286931872367859
1565204028.0453496,52,0.7156723737716675
1565204028.459488,53,0.7239583134651184
1565204028.8726258,54,0.7125946879386902
1565204029.2872343,55,0.7473958134651184
1565204029.7003176,56,0.7485795617103577
1565204030.113748,57,0.7421875
1565204030.5307193,58,0.7634943127632141
1565204030.9445755,59,0.6472538113594055
1565204031.3577945,60,0.7478693127632141
1565204031.7868776,61,0.7312973737716675
1565204032.200119,62,0.6749526262283325
1565204032.6133757,63,0.6912878751754761
1565204033.0303307,64,0.6661931872367859
1565204033.4443586,65,0.6756628751754761
1565204033.8643603,66,0.6974431872367859
1565204034.278356,67,0.6647727489471436
1565204034.6929235,68,0.6531723737716675
1565204035.1080089,69,0.6522253751754761
1565204035.522642,70,0.6200284361839294
1565204035.9408257,71,0.6117424368858337
1565204036.3552766,72,0.7289299368858337
1565204036.7700524,73,0.6422821879386902
1565204037.1855845,74,0.6910511255264282
1565204037.600066,75,0.6844223737716675
1565204038.0153453,76,0.6692708134651184
1565204038.433797,77,0.6889204382896423
1565204038.8498292,78,0.6609848737716675
1565204039.2667854,79,0.6692708134651184
1565204039.682576,80,0.6640625
1565204040.096855,81,0.6538825631141663
1565204040.511945,82,0.6479640007019043
1565204040.9319048,83,0.6690340638160706
1565204041.3474827,84,0.6321022510528564
1565204041.7628713,85,0.6905776262283325
1565204042.1792789,86,0.716856062412262
1565204042.5943866,87,0.6541193127632141
1565204043.0090513,88,0.6003788113594055
1565204043.4268472,89,0.6356534361839294
1565204043.8419518,90,0.7810132503509521
1565204044.2570488,91,0.7412405014038086
1565204044.691364,92,0.7014678120613098
1565204045.1065822,93,0.6879734992980957
1565204045.5449371,94,0.6361268758773804
1565204045.9603364,95,0.6500946879386902
1565204046.383187,96,0.7251420617103577
1565204046.798679,97,0.7301136255264282
1565204047.2153065,98,0.7457386255264282
1565204047.6305487,99,0.7369791865348816
1565204048.0467148,100,0.767518937587738
1565204048.463989,101,0.7587594985961914
1565204048.8840568,102,0.7133049368858337
1565204049.300212,103,0.7767518758773804
1565204049.7161357,104,0.7708333134651184
1565204050.1314242,105,0.7419507503509521
1565204050.5469992,106,0.7874053120613098
1565204050.9629016,107,0.7504734992980957
1565204051.3783057,108,0.7769886255264282
1565204051.7964642,109,0.7592329382896423
1565204052.2117753,110,0.7779356241226196
1565204052.6372974,111,0.7713068127632141
1565204053.0524666,112,0.7483428120613098
1565204053.4694495,113,0.7862215638160706
1565204053.8853126,114,0.775331437587738
1565204054.3009703,115,0.7658617496490479
1565204054.7178218,116,0.7687026262283325
1565204055.1343296,117,0.7814867496490479
1565204055.5492828,118,0.7294034361839294
1565204055.9649198,119,0.7682291865348816
1565204056.3802779,120,0.7507102489471436
1565204056.800879,121,0.7869318127632141
1565204057.2171843,122,0.7762784361839294
1565204057.6331024,123,0.8113163113594055
1565204058.0486097,124,0.7703598737716675
1565204058.4651804,125,0.7930871248245239
1565204058.8814256,126,0.7817234992980957
1565204059.3103693,127,0.8257575631141663
1565204059.7260766,128,0.775331437587738
1565204060.1470256,129,0.7817234992980957
1565204060.5643685,130,0.7838541865348816
1565204060.980276,131,0.8051609992980957
1565204061.395532,132,0.8167613744735718
1565204061.823136,133,0.8051609992980957
1565204062.2390563,134,0.8132102489471436
1565204062.6609435,135,0.8082386255264282
1565204063.076361,136,0.8153409361839294
1565204063.4922042,137,0.8174715638160706
1565204063.90739,138,0.8309659361839294
1565204064.3232949,139,0.8091856241226196
1565204064.7393718,140,0.8155776262283325
1565204065.1565707,141,0.7708333134651184
1565204065.5721352,142,0.8278882503509521
1565204065.9894059,143,0.7935606241226196
1565204066.4171984,144,0.8051609992980957
1565204066.8354738,145,0.7717803120613098
1565204067.2582703,146,0.7952178120613098
1565204067.6747327,147,0.7900094985961914
1565204068.091675,148,0.8316761255264282
1565204068.51112,149,0.7760416865348816
1565204068.9273255,150,0.8449336886405945
1565204069.3431501,151,0.7663352489471436
1565204069.758939,152,0.8044507503509521
1565204070.1761487,153,0.7836174368858337
1565204070.5914793,154,0.8392518758773804
1565204071.0075996,155,0.7774621248245239
1565204071.4225507,156,0.8070549368858337
1565204071.838325,157,0.7874053120613098
1565204072.2542558,158,0.8051609992980957
1565204072.6697295,159,0.78125
1565204073.0935705,160,0.7765151262283325
1565204073.5117347,161,0.7708333134651184
1565204073.9266505,162,0.8191288113594055
1565204074.3462763,163,0.7869318127632141
1565204074.7616832,164,0.822206437587738
1565204075.1769145,165,0.8075284361839294
1565204075.5937457,166,0.8224431872367859
1565204076.0099626,167,0.8196022510528564
1565204076.4255373,168,0.8238636255264282
1565204076.8412066,169,0.8082386255264282
1565204077.2563896,170,0.830018937587738
1565204077.6724238,171,0.8397253751754761
1565204078.0880504,172,0.8321496248245239
1565204078.5035048,173,0.8522727489471436
1565204078.9204407,174,0.8352272510528564
1565204079.338607,175,0.8357007503509521
1565204079.7543223,176,0.8503788113594055
1565204080.1717072,177,0.8366477489471436
1565204080.5875,178,0.8409090638160706
1565204081.0032294,179,0.8548768758773804
1565204081.4192455,180,0.8560606241226196
1565204081.834801,181,0.8404356241226196
1565204082.250364,182,0.861268937587738
1565204082.6661327,183,0.8570075631141663
1565204083.08231,184,0.8326231241226196
1565204083.4984174,185,0.8648200631141663
1565204083.9135737,186,0.8394886255264282
1565204084.329799,187,0.8383049368858337
1565204084.7457643,188,0.8212594985961914
1565204085.1635706,189,0.8330965638160706
1565204085.5793848,190,0.8257575631141663
1565204085.9972897,191,0.8383049368858337
1565204086.412776,192,0.7942708134651184
1565204086.8286805,193,0.8501420617103577
1565204087.2452793,194,0.8238636255264282
1565204087.697591,195,0.8404356241226196
1565204088.1174576,196,0.8674242496490479
1565204088.5335221,197,0.8259943127632141
1565204088.949517,198,0.8399621248245239
1565204089.366762,199,0.841856062412262
