Wall time,Step,Value
1565204011.8842962,0,0.1181124746799469
1565204012.3168108,1,0.11412795633077621
1565204012.734507,2,0.2292235940694809
1565204013.1535504,3,0.41535747051239014
1565204013.5777733,4,0.4173497259616852
1565204013.995833,5,0.4521288573741913
1565204014.4128337,6,0.5593124032020569
1565204014.829567,7,0.5651752948760986
1565204015.247535,8,0.6387181282043457
1565204015.6640627,9,0.5424066781997681
1565204016.0809264,10,0.557263195514679
1565204016.4984617,11,0.45958560705184937
1565204016.9150643,12,0.5638092160224915
1565204017.3343532,13,0.46755465865135193
1565204017.7511683,14,0.5469603538513184
1565204018.167459,15,0.5493510961532593
1565204018.584142,16,0.5110997557640076
1565204019.0029306,17,0.5136042833328247
1565204019.4191968,18,0.6516393423080444
1565204019.838012,19,0.5741689205169678
1565204020.2539074,20,0.5762181282043457
1565204020.6700187,21,0.43926456570625305
1565204021.0886521,22,0.5186133980751038
1565204021.50401,23,0.5796903371810913
1565204021.9206574,24,0.5211179256439209
1565204022.3380473,25,0.5751935243606567
1565204022.7535787,26,0.4620332419872284
1565204023.1692019,27,0.6214139461517334
1565204023.586958,28,0.6531193256378174
1565204024.0038989,29,0.6595514416694641
1565204024.419577,30,0.5280624032020569
1565204024.8383303,31,0.6694558262825012
1565204025.2534146,32,0.6401411890983582
1565204025.6686306,33,0.6129326224327087
1565204026.0845182,34,0.6724726557731628
1565204026.501596,35,0.6351889967918396
1565204026.9181166,36,0.7538706660270691
1565204027.334372,37,0.5820810794830322
1565204027.7504091,38,0.7101548314094543
1565204028.1666834,39,0.5717213153839111
1565204028.5846815,40,0.7647996544837952
1565204029.0002973,41,0.7086748480796814
1565204029.4157054,42,0.7662795782089233
1565204029.8312159,43,0.6952982544898987
1565204030.2469368,44,0.7444785833358765
1565204030.6623943,45,0.6674635410308838
1565204031.0804715,46,0.7493738532066345
1565204031.5027688,47,0.7250683307647705
1565204031.9196439,48,0.8004895448684692
1565204032.3368018,49,0.7404371500015259
1565204032.753817,50,0.7880805730819702
1565204033.1703777,51,0.7736794352531433
1565204033.5876422,52,0.7970172762870789
1565204034.0059764,53,0.7984972596168518
1565204034.4363523,54,0.781591534614563
1565204034.8539784,55,0.7523337602615356
1565204035.2727418,56,0.7979849576950073
1565204035.6910484,57,0.7116917371749878
1565204036.108271,58,0.7875683307647705
1565204036.526019,59,0.810906171798706
1565204036.9435863,60,0.8208674788475037
1565204037.3701658,61,0.8198428750038147
1565204037.7892857,62,0.8203551769256592
1565204038.2127252,63,0.8298041820526123
1565204038.630241,64,0.7885928750038147
1565204039.0513732,65,0.8015140891075134
1565204039.469277,66,0.7637750506401062
1565204039.8869345,67,0.7027550339698792
1565204040.3048081,68,0.7652550339698792
1565204040.7244668,69,0.7856329679489136
1565204041.1426082,70,0.7588228583335876
1565204041.5610864,71,0.7642873525619507
1565204041.9789853,72,0.7707194685935974
1565204042.3986592,73,0.8253073692321777
1565204042.8165255,74,0.8024817705154419
1565204043.2352448,75,0.8342440724372864
1565204043.6538105,76,0.8312841653823853
1565204044.0717757,77,0.8496129512786865
1565204044.4907174,78,0.8208105564117432
1565204044.9098985,79,0.8545651435852051
1565204045.327653,80,0.844660758972168
1565204045.7455115,81,0.8411885499954224
1565204046.163764,82,0.8391962647438049
1565204046.5822022,83,0.8362363576889038
1565204047.000495,84,0.8272996544837952
1565204047.4184978,85,0.8481329679489136
1565204047.8375683,86,0.8506374955177307
1565204048.2563553,87,0.8525728583335876
1565204048.6764278,88,0.8397085666656494
1565204049.094177,89,0.8521174788475037
1565204049.5191295,90,0.7930327653884888
1565204049.9397044,91,0.812386155128479
1565204050.3646495,92,0.8029940724372864
1565204050.7844822,93,0.8337317705154419
1565204051.2030416,94,0.7970172762870789
1565204051.6211379,95,0.8258196711540222
1565204052.0385382,96,0.7801684737205505
1565204052.4560761,97,0.8417007923126221
1565204052.874135,98,0.8327640891075134
1565204053.2937107,99,0.869990885257721
1565204053.7131698,100,0.844660758972168
1565204054.1340234,101,0.868966281414032
1565204054.5546174,102,0.8094262480735779
1565204054.9805348,103,0.8580373525619507
1565204055.4223328,104,0.8128984570503235
1565204055.8412173,105,0.8654940724372864
1565204056.261289,106,0.8406762480735779
1565204056.6813915,107,0.8764230608940125
1565204057.1002202,108,0.843180775642395
1565204057.5192616,109,0.8838797807693481
1565204057.9383113,110,0.8575819730758667
1565204058.3572652,111,0.8654940724372864
1565204058.7763624,112,0.8521174788475037
1565204059.1961586,113,0.8779029846191406
1565204059.6175604,114,0.8510928750038147
1565204060.0368712,115,0.8764230608940125
1565204060.4562302,116,0.8660063743591309
1565204060.8748276,117,0.8937841653823853
1565204061.2942615,118,0.8173952698707581
1565204061.7135417,119,0.8749430775642395
1565204062.1333563,120,0.8610541820526123
1565204062.552462,121,0.8863843083381653
1565204062.988035,122,0.8665186762809753
1565204063.4072425,123,0.906705379486084
1565204063.8263266,124,0.8262750506401062
1565204064.245409,125,0.8868396878242493
1565204064.6643784,126,0.8386839628219604
1565204065.0832582,127,0.8729507923126221
1565204065.5044827,128,0.837716281414032
1565204065.923587,129,0.8654940724372864
1565204066.350007,130,0.8555896878242493
1565204066.7736597,131,0.9027208685874939
1565204067.1925993,132,0.8580373525619507
1565204067.6130762,133,0.8773906826972961
1565204068.0326784,134,0.8625341653823853
1565204068.4513204,135,0.8873519897460938
1565204068.870251,136,0.8654940724372864
1565204069.2891848,137,0.8957763910293579
1565204069.7084942,138,0.8942964673042297
1565204070.1276188,139,0.9106898903846741
1565204070.5468295,140,0.8948087692260742
1565204070.9671915,141,0.9106898903846741
1565204071.3862293,142,0.8843920826911926
1565204071.8052998,143,0.905225396156311
1565204072.224396,144,0.8546220660209656
1565204072.6475525,145,0.8853597640991211
1565204073.066345,146,0.868510901927948
1565204073.4863427,147,0.9027208685874939
1565204073.9125688,148,0.843636155128479
1565204074.331537,149,0.8883196711540222
1565204074.7526054,150,0.8625341653823853
1565204075.1739097,151,0.9007285833358765
1565204075.5933614,152,0.899760901927948
1565204076.012428,153,0.8957763910293579
1565204076.431583,154,0.8769353628158569
1565204076.8506248,155,0.8878073692321777
1565204077.2703931,156,0.8823997974395752
1565204077.6903393,157,0.8888319730758667
1565204078.1096442,158,0.8928164839744568
1565204078.5287201,159,0.9146174788475037
1565204078.9485598,160,0.8714708685874939
1565204079.3674793,161,0.9225865006446838
1565204079.7869487,162,0.8804075717926025
1565204080.2073166,163,0.9176343083381653
1565204080.6304834,164,0.8530851602554321
1565204081.0518897,165,0.8650386929512024
1565204081.4735947,166,0.8923041820526123
1565204081.8959322,167,0.8953210115432739
1565204082.317296,168,0.8858720660209656
1565204082.735982,169,0.9136497974395752
1565204083.156385,170,0.8923041820526123
1565204083.5803668,171,0.9086976051330566
1565204084.0015008,172,0.8709585666656494
1565204084.4219205,173,0.8779029846191406
1565204084.841026,174,0.869990885257721
1565204085.2614639,175,0.9240664839744568
1565204085.6808941,176,0.8406762480735779
1565204086.10153,177,0.9171220660209656
1565204086.5209744,178,0.8838797807693481
1565204086.9417546,179,0.9270263910293579
1565204087.3611026,180,0.8873519897460938
1565204087.7850149,181,0.9007285833358765
1565204088.2040443,182,0.9081853628158569
1565204088.623766,183,0.9156420826911926
1565204089.0463388,184,0.9101775884628296
1565204089.4652593,185,0.906705379486084
1565204089.8916974,186,0.8962886929512024
1565204090.3153775,187,0.9076730608940125
1565204090.7344298,188,0.9146744012832642
1565204091.155515,189,0.8635018467903137
1565204091.5786374,190,0.9086976051330566
1565204091.9987843,191,0.9086976051330566
1565204092.4193597,192,0.9205942749977112
1565204092.8387957,193,0.8923041820526123
1565204093.2602901,194,0.936475396156311
1565204093.6795819,195,0.9459244012832642
1565204094.0987413,196,0.9468920826911926
1565204094.5183723,197,0.9270263910293579
1565204094.9430568,198,0.943419873714447
1565204095.377076,199,0.9280509948730469
