Wall time,Step,Value
1565121584.764721,0,0.16732455790042877
1565121585.6477528,1,0.2508040964603424
1565121586.2417107,2,0.3696637451648712
1565121586.8332524,3,0.45661550760269165
1565121587.4259434,4,0.46005117893218994
1565121588.0268748,5,0.5367690324783325
1565121588.6147168,6,0.5052996873855591
1565121589.2083442,7,0.6133772134780884
1565121589.79879,8,0.5959064364433289
1565121590.392936,9,0.6757310032844543
1565121590.9811628,10,0.588998556137085
1565121591.569811,11,0.6688596606254578
1565121592.1616216,12,0.6306286454200745
1565121592.7508323,13,0.6621345281600952
1565121593.3397741,14,0.6412280797958374
1565121593.934214,15,0.6795687079429626
1565121594.524625,16,0.6342836022377014
1565121595.1167948,17,0.6724415421485901
1565121595.7064216,18,0.6344663500785828
1565121596.296441,19,0.6513888835906982
1565121596.890422,20,0.6339912414550781
1565121597.48023,21,0.6794590353965759
1565121598.0684745,22,0.6829678416252136
1565121598.6598794,23,0.6619883179664612
1565121599.2504983,24,0.6584795117378235
1565121599.837195,25,0.7040935754776001
1565121600.4248118,26,0.6723318696022034
1565121601.0219557,27,0.7178727984428406
1565121601.614236,28,0.6829313039779663
1565121602.2041075,29,0.7178362607955933
1565121602.7952325,30,0.7004386186599731
1565121603.387412,31,0.7388157844543457
1565121603.9751499,32,0.7282894849777222
1565121604.5644586,33,0.7245613932609558
1565121605.15328,34,0.7351242899894714
1565121605.7437775,35,0.6898391842842102
1565121606.334644,36,0.7421417832374573
1565121606.9295719,37,0.7003654837608337
1565121607.5235949,38,0.7528143525123596
1565121608.1187327,39,0.7389619946479797
1565121608.708634,40,0.7175073027610779
1565121609.305823,41,0.714400589466095
1565121609.8962672,42,0.7214546799659729
1565121610.4904492,43,0.714144766330719
1565121611.092211,44,0.7593932747840881
1565121611.6833997,45,0.7876096367835999
1565121612.2740362,46,0.7631579041481018
1565121612.8663616,47,0.7526316046714783
1565121613.4583597,48,0.7528143525123596
1565121614.0495374,49,0.7389254570007324
1565121614.6412446,50,0.7145102620124817
1565121615.2352314,51,0.8013157844543457
1565121615.8261237,52,0.8119152188301086
1565121616.4214618,53,0.7943347692489624
1565121617.0174756,54,0.8014254570007324
1565121617.6125298,55,0.7594298124313354
1565121618.2085204,56,0.797953188419342
1565121618.8244174,57,0.7907163500785828
1565121619.419288,58,0.7907163500785828
1565121620.01357,59,0.8222222328186035
1565121620.6072123,60,0.7804093360900879
1565121621.211974,61,0.7910818457603455
1565121621.8145247,62,0.7910453081130981
1565121622.4085965,63,0.773501455783844
1565121623.0036707,64,0.7144371271133423
1565121623.6019797,65,0.745796799659729
1565121624.2020705,66,0.7458698749542236
1565121624.802759,67,0.7911549806594849
1565121625.3975618,68,0.74210524559021
1565121625.992443,69,0.7975876927375793
1565121626.5916224,70,0.7841008901596069
1565121627.1925814,71,0.8187865614891052
1565121627.8011274,72,0.7909722328186035
1565121628.3978648,73,0.8293128609657288
1565121628.9945889,74,0.8292397856712341
1565121629.5894208,75,0.7805555462837219
1565121630.1905859,76,0.7560306787490845
1565121630.8004818,77,0.804751455783844
1565121631.4005258,78,0.7422149181365967
1565121631.9997144,79,0.8083333373069763
1565121632.6021574,80,0.7978435754776001
1565121633.203461,81,0.8119152188301086
1565121633.7990937,82,0.7771198749542236
1565121634.3926356,83,0.7910453081130981
1565121634.9918466,84,0.8258771896362305
1565121635.5930498,85,0.8536184430122375
1565121636.1940536,86,0.8118055462837219
1565121636.7890232,87,0.8537645936012268
1565121637.385756,88,0.8468201756477356
1565121637.9829295,89,0.8188961744308472
1565121638.575211,90,0.8256944417953491
1565121639.172345,91,0.8570541143417358
1565121639.769512,92,0.7665204405784607
1565121640.3683932,93,0.8257675170898438
1565121640.9635704,94,0.7805190086364746
1565121641.562874,95,0.8536184430122375
1565121642.1604257,96,0.839693009853363
1565121642.7638662,97,0.8538011908531189
1565121643.3609545,98,0.860453188419342
1565121643.9563463,99,0.8535453081130981
1565121644.5534954,100,0.8571637272834778
1565121645.1579733,101,0.8538377285003662
1565121645.7529256,102,0.867653489112854
1565121646.3497689,103,0.839948832988739
1565121646.9472036,104,0.8290204405784607
1565121647.5452158,105,0.8224049806594849
1565121648.1399746,106,0.7911184430122375
1565121648.7356353,107,0.8328947424888611
1565121649.333882,108,0.8363304138183594
1565121649.934314,109,0.839802622795105
1565121650.5352142,110,0.839802622795105
1565121651.1342123,111,0.8538011908531189
1565121651.7364893,112,0.8294956088066101
1565121652.3340683,113,0.8639619946479797
1565121652.9324853,114,0.8362573385238647
1565121653.533003,115,0.8328216671943665
1565121654.1336238,116,0.8536549806594849
1565121654.9678838,117,0.8747807145118713
1565121655.5705159,118,0.839546799659729
1565121656.1673102,119,0.8710891604423523
1565121656.798542,120,0.8816520571708679
1565121657.4328835,121,0.8780701756477356
1565121658.0521674,122,0.8431652188301086
1565121658.6673448,123,0.8503289222717285
1565121659.275255,124,0.7979897856712341
1565121659.875688,125,0.8782163858413696
1565121660.475255,126,0.8640716671943665
1565121661.0961406,127,0.8641812801361084
1565121661.692157,128,0.8535818457603455
1565121662.3058348,129,0.8711622953414917
1565121662.9325488,130,0.8779239654541016
1565121663.555234,131,0.839948832988739
1565121664.1541157,132,0.8501096367835999
1565121664.7908583,133,0.8501461744308472
1565121665.4411035,134,0.8676169514656067
1565121666.086881,135,0.87459796667099
1565121666.7176795,136,0.8468201756477356
1565121667.3342676,137,0.8327850699424744
1565121667.9389255,138,0.8781798481941223
1565121668.5424914,139,0.8152777552604675
1565121669.1446693,140,0.8641812801361084
1565121669.7509935,141,0.8048611283302307
1565121670.357312,142,0.8641812801361084
1565121670.966528,143,0.8432382941246033
1565121671.5701916,144,0.8290935754776001
1565121672.1752343,145,0.8222953081130981
1565121672.7820096,146,0.8675804138183594
1565121673.3863819,147,0.7910453081130981
1565121673.9821553,148,0.8642544150352478
1565121674.6317947,149,0.8710891604423523
1565121675.2542963,150,0.8641447424888611
1565121675.882578,151,0.8711257576942444
1565121676.4941945,152,0.8955774903297424
1565121677.0964358,153,0.909247100353241
1565121677.694695,154,0.8850877285003662
1565121678.2952187,155,0.836403489112854
1565121678.9016361,156,0.8990131616592407
1565121679.5205905,157,0.8434575796127319
1565121680.1362288,158,0.8814693093299866
1565121680.7761378,159,0.8811768889427185
1565121681.4084966,160,0.8954678177833557
1565121682.0207453,161,0.8605263233184814
1565121682.6275952,162,0.8641447424888611
1565121683.2342348,163,0.8746710419654846
1565121683.8369832,164,0.8956140279769897
1565121684.4385161,165,0.8955774903297424
1565121685.0499065,166,0.9022660851478577
1565121685.6622837,167,0.9058845043182373
1565121686.305841,168,0.8955044150352478
1565121686.9494312,169,0.8781798481941223
1565121687.572626,170,0.8990862369537354
1565121688.1965773,171,0.8710891604423523
1565121688.808457,172,0.9023391604423523
1565121689.420956,173,0.8954312801361084
1565121690.0309188,174,0.8955044150352478
1565121690.63415,175,0.8397295475006104
1565121691.234,176,0.8816155195236206
1565121691.8758078,177,0.8572368621826172
1565121692.4890602,178,0.8956505656242371
1565121693.0949662,179,0.8918859362602234
1565121693.698376,180,0.8954678177833557
1565121694.3010468,181,0.905994176864624
1565121694.9080167,182,0.8884868621826172
1565121695.5286949,183,0.9023391604423523
1565121696.1514945,184,0.8815423846244812
1565121696.7611256,185,0.9093567132949829
1565121697.3724413,186,0.9096125960350037
1565121697.9727926,187,0.8851608037948608
1565121698.583588,188,0.8955409526824951
1565121699.2030811,189,0.9095394611358643
1565121699.8126118,190,0.9023391604423523
1565121700.41512,191,0.9058845043182373
1565121701.014928,192,0.9198830127716064
1565121701.6554701,193,0.8711257576942444
1565121702.2933402,194,0.8848684430122375
1565121702.9348292,195,0.8642178177833557
1565121703.5655506,196,0.8885964751243591
1565121704.1823955,197,0.8608552813529968
1565121704.8030932,198,0.8638888597488403
1565121705.4239972,199,0.8398757576942444
