Wall time,Step,Value
1565121432.520217,0,0.1215277761220932
1565121433.1211567,1,0.3159722089767456
1565121433.7220893,2,0.5
1565121434.3129616,3,0.5590277910232544
1565121434.9027905,4,0.5590277910232544
1565121435.4893894,5,0.6215277910232544
1565121436.0795846,6,0.6215277910232544
1565121436.7042313,7,0.6180555820465088
1565121437.2924733,8,0.6319444179534912
1565121437.8771405,9,0.5590277910232544
1565121438.464779,10,0.5972222089767456
1565121439.055836,11,0.6215277910232544
1565121439.650205,12,0.6076388955116272
1565121440.2415624,13,0.6041666865348816
1565121440.8341084,14,0.59375
1565121441.423955,15,0.6041666865348816
1565121442.0166967,16,0.6180555820465088
1565121442.6068263,17,0.6423611044883728
1565121443.1966457,18,0.6215277910232544
1565121443.791949,19,0.6458333134651184
1565121444.3853545,20,0.65625
1565121444.9729156,21,0.6354166865348816
1565121445.561169,22,0.6458333134651184
1565121446.15242,23,0.6388888955116272
1565121446.7457907,24,0.65625
1565121447.335445,25,0.6354166865348816
1565121447.9331028,26,0.7048611044883728
1565121448.5272262,27,0.6770833134651184
1565121449.1159332,28,0.6701388955116272
1565121449.7040544,29,0.6875
1565121450.2920117,30,0.6631944179534912
1565121450.8807766,31,0.6597222089767456
1565121451.4707792,32,0.6979166865348816
1565121452.058873,33,0.6805555820465088
1565121452.6507678,34,0.6840277910232544
1565121453.2401428,35,0.6666666865348816
1565121453.8332913,36,0.7083333134651184
1565121454.4292583,37,0.6944444179534912
1565121455.0180564,38,0.7291666865348816
1565121455.6136878,39,0.7118055820465088
1565121456.212644,40,0.7083333134651184
1565121456.8086295,41,0.6875
1565121457.4070065,42,0.6875
1565121458.0051115,43,0.7118055820465088
1565121458.6020265,44,0.6840277910232544
1565121459.1997492,45,0.7048611044883728
1565121459.8020551,46,0.6944444179534912
1565121460.396457,47,0.7430555820465088
1565121460.9921284,48,0.7291666865348816
1565121461.5916696,49,0.7395833134651184
1565121462.1859856,50,0.7118055820465088
1565121462.7800386,51,0.7430555820465088
1565121463.4180908,52,0.7430555820465088
1565121464.0132263,53,0.7708333134651184
1565121464.6138237,54,0.6909722089767456
1565121465.2138727,55,0.7534722089767456
1565121465.8077688,56,0.7395833134651184
1565121466.4001234,57,0.7569444179534912
1565121466.9945903,58,0.7881944179534912
1565121467.603104,59,0.7222222089767456
1565121468.2019935,60,0.7881944179534912
1565121468.7990448,61,0.7395833134651184
1565121469.394514,62,0.71875
1565121469.9904537,63,0.7291666865348816
1565121470.5894206,64,0.7777777910232544
1565121471.1874828,65,0.7534722089767456
1565121471.7825603,66,0.7361111044883728
1565121472.3749263,67,0.7013888955116272
1565121472.967295,68,0.6840277910232544
1565121473.5639887,69,0.75
1565121474.1589177,70,0.7604166865348816
1565121474.7528768,71,0.7743055820465088
1565121475.3513288,72,0.7881944179534912
1565121475.9484255,73,0.7777777910232544
1565121476.5444555,74,0.7395833134651184
1565121477.1413245,75,0.7569444179534912
1565121477.7462416,76,0.7951388955116272
1565121478.3459885,77,0.7847222089767456
1565121478.942505,78,0.7847222089767456
1565121479.5402157,79,0.7847222089767456
1565121480.136341,80,0.8159722089767456
1565121480.7336483,81,0.8090277910232544
1565121481.3350768,82,0.8055555820465088
1565121481.9334328,83,0.7881944179534912
1565121482.5359335,84,0.8333333134651184
1565121483.1332374,85,0.8055555820465088
1565121483.732968,86,0.8333333134651184
1565121484.3340478,87,0.8402777910232544
1565121484.930507,88,0.7569444179534912
1565121485.531893,89,0.7152777910232544
1565121486.1311932,90,0.7638888955116272
1565121486.7267401,91,0.7118055820465088
1565121487.3231785,92,0.7881944179534912
1565121487.921588,93,0.8090277910232544
1565121488.5154474,94,0.8090277910232544
1565121489.1160917,95,0.8333333134651184
1565121489.7166848,96,0.8090277910232544
1565121490.3148024,97,0.8298611044883728
1565121490.921757,98,0.7847222089767456
1565121491.5193923,99,0.8090277910232544
1565121492.114968,100,0.7916666865348816
1565121492.7199633,101,0.8055555820465088
1565121493.3217554,102,0.7986111044883728
1565121493.9190404,103,0.8298611044883728
1565121494.532798,104,0.8229166865348816
1565121495.1324358,105,0.8472222089767456
1565121495.728269,106,0.8402777910232544
1565121496.3287368,107,0.8333333134651184
1565121496.9318676,108,0.8159722089767456
1565121497.5305004,109,0.8263888955116272
1565121498.131572,110,0.8298611044883728
1565121498.7274551,111,0.8402777910232544
1565121499.3279638,112,0.7916666865348816
1565121499.9224064,113,0.7951388955116272
1565121500.5167074,114,0.84375
1565121501.1147864,115,0.8194444179534912
1565121501.7160993,116,0.8506944179534912
1565121502.3133857,117,0.8263888955116272
1565121502.9110737,118,0.8159722089767456
1565121503.5064816,119,0.7986111044883728
1565121504.1161776,120,0.7569444179534912
1565121504.7138977,121,0.8090277910232544
1565121505.3141816,122,0.8402777910232544
1565121505.9148602,123,0.7986111044883728
1565121506.5152185,124,0.8402777910232544
1565121507.1139603,125,0.8472222089767456
1565121507.7153282,126,0.8159722089767456
1565121508.316896,127,0.8402777910232544
1565121508.9183373,128,0.8506944179534912
1565121509.5164077,129,0.8333333134651184
1565121510.1196673,130,0.8541666865348816
1565121510.7251825,131,0.8159722089767456
1565121511.33205,132,0.7951388955116272
1565121511.9322586,133,0.75
1565121512.533763,134,0.8576388955116272
1565121513.1370447,135,0.8368055820465088
1565121513.734108,136,0.8680555820465088
1565121514.341545,137,0.8645833134651184
1565121514.9478574,138,0.8784722089767456
1565121515.5538375,139,0.8715277910232544
1565121516.1657722,140,0.8888888955116272
1565121516.7635226,141,0.8680555820465088
1565121517.3701506,142,0.8645833134651184
1565121517.9861982,143,0.8576388955116272
1565121518.5994852,144,0.8298611044883728
1565121519.231922,145,0.8506944179534912
1565121519.8408597,146,0.8402777910232544
1565121520.4442441,147,0.7986111044883728
1565121521.055071,148,0.8541666865348816
1565121521.6619444,149,0.8263888955116272
1565121522.2610073,150,0.8263888955116272
1565121522.8760583,151,0.8298611044883728
1565121523.4893196,152,0.8368055820465088
1565121524.0934417,153,0.8263888955116272
1565121524.693027,154,0.8368055820465088
1565121525.295918,155,0.84375
1565121525.9359372,156,0.8611111044883728
1565121526.5710804,157,0.8715277910232544
1565121527.1890569,158,0.9027777910232544
1565121527.797783,159,0.8819444179534912
1565121528.4072866,160,0.8784722089767456
1565121529.0120106,161,0.8680555820465088
1565121529.6213257,162,0.8506944179534912
1565121530.226448,163,0.8368055820465088
1565121530.827856,164,0.8923611044883728
1565121531.4729464,165,0.8784722089767456
1565121532.1170704,166,0.8576388955116272
1565121532.73681,167,0.8333333134651184
1565121533.3483584,168,0.8819444179534912
1565121533.9664607,169,0.875
1565121534.5738811,170,0.8819444179534912
1565121535.1819832,171,0.8576388955116272
1565121535.7992575,172,0.8645833134651184
1565121536.4000995,173,0.8402777910232544
1565121537.014313,174,0.8506944179534912
1565121537.6137364,175,0.8576388955116272
1565121538.2212875,176,0.8819444179534912
1565121538.8371716,177,0.8680555820465088
1565121539.4414313,178,0.8680555820465088
1565121540.040033,179,0.8784722089767456
1565121540.6743286,180,0.8854166865348816
1565121541.3025854,181,0.8715277910232544
1565121541.9234126,182,0.8576388955116272
1565121542.536043,183,0.8541666865348816
1565121543.139595,184,0.8680555820465088
1565121543.7462745,185,0.8680555820465088
1565121544.3558118,186,0.8611111044883728
1565121544.9783661,187,0.8506944179534912
1565121545.617528,188,0.8888888955116272
1565121546.2441103,189,0.8854166865348816
1565121546.8524475,190,0.8958333134651184
1565121547.4538543,191,0.8819444179534912
1565121548.0610785,192,0.9131944179534912
1565121548.6743646,193,0.8993055820465088
1565121549.2815769,194,0.90625
1565121549.8877606,195,0.9166666865348816
1565121550.5023847,196,0.9131944179534912
1565121551.1131718,197,0.8888888955116272
1565121551.7571716,198,0.8958333134651184
1565121552.410654,199,0.8923611044883728
