Wall time,Step,Value
1565121584.7903054,0,0.25981569290161133
1565121585.6704044,1,0.3018830120563507
1565121586.2807178,2,0.41065704822540283
1565121586.8974838,3,0.47816506028175354
1565121587.5100472,4,0.5472756624221802
1565121588.1202624,5,0.5114182829856873
1565121588.7295756,6,0.49298879504203796
1565121589.3400345,7,0.5564903616905212
1565121589.951141,8,0.5314503312110901
1565121590.5612493,9,0.5228365659713745
1565121591.1719966,10,0.612379789352417
1565121591.782101,11,0.590745210647583
1565121592.393092,12,0.5392628312110901
1565121593.0045903,13,0.5905448794364929
1565121593.6171227,14,0.6009615659713745
1565121594.2291853,15,0.6069711446762085
1565121594.8404593,16,0.5622996687889099
1565121595.4531584,17,0.6808894276618958
1565121596.0652661,18,0.6584535241127014
1565121596.6778424,19,0.653245210647583
1565121597.2908998,20,0.6025640964508057
1565121597.903142,21,0.6556490659713745
1565121598.5149236,22,0.6574519276618958
1565121599.129079,23,0.6522436141967773
1565121599.7424438,24,0.690504789352417
1565121600.355911,25,0.6616586446762085
1565121600.9711158,26,0.6668669581413269
1565121601.5847027,27,0.6312099099159241
1565121602.1981797,28,0.674879789352417
1565121602.8125553,29,0.6850961446762085
1565121603.4273107,30,0.6764823794364929
1565121604.042711,31,0.6276041865348816
1565121604.6568205,32,0.692307710647583
1565121605.280996,33,0.6652644276618958
1565121605.8950403,34,0.7279647588729858
1565121606.5090523,35,0.6842948794364929
1565121607.1228333,36,0.7129406929016113
1565121607.7375824,37,0.7007211446762085
1565121608.3539016,38,0.6806890964508057
1565121608.969033,39,0.6921073794364929
1565121609.583526,40,0.737379789352417
1565121610.198318,41,0.6965144276618958
1565121610.8164933,42,0.7303686141967773
1565121611.431295,43,0.6678686141967773
1565121612.0459473,44,0.7111378312110901
1565121612.6603239,45,0.7227563858032227
1565121613.2746696,46,0.6947115659713745
1565121613.8896747,47,0.7043269276618958
1565121614.505026,48,0.7277644276618958
1565121615.1221309,49,0.7495993375778198
1565121615.73722,50,0.746995210647583
1565121616.3513556,51,0.6991186141967773
1565121616.9665782,52,0.760817289352417
1565121617.5819805,53,0.7087339758872986
1565121618.1980596,54,0.7101362347602844
1565121618.813617,55,0.7329727411270142
1565121619.4326308,56,0.7878605723381042
1565121620.0479422,57,0.737379789352417
1565121620.6632843,58,0.7580128312110901
1565121621.2812066,59,0.7285656929016113
1565121621.8994749,60,0.6989182829856873
1565121622.5189497,61,0.7383813858032227
1565121623.1372457,62,0.7067307829856873
1565121623.7529607,63,0.768629789352417
1565121624.3698683,64,0.776442289352417
1565121624.9894521,65,0.7566105723381042
1565121625.6076806,66,0.7644230723381042
1565121626.22545,67,0.7722355723381042
1565121626.8410094,68,0.7810496687889099
1565121627.4612088,69,0.7712339758872986
1565121628.0775068,70,0.8052884340286255
1565121628.6947844,71,0.7668269276618958
1565121629.3125591,72,0.7189503312110901
1565121629.9315472,73,0.7984775900840759
1565121630.54905,74,0.8034855723381042
1565121631.1647131,75,0.7457932829856873
1565121631.7818816,76,0.7914663553237915
1565121632.4007015,77,0.7784455418586731
1565121633.0181642,78,0.7850561141967773
1565121633.6351552,79,0.8008813858032227
1565121634.2610075,80,0.8191105723381042
1565121634.8790946,81,0.784254789352417
1565121635.497908,82,0.8235176205635071
1565121636.114978,83,0.793870210647583
1565121636.7321138,84,0.7564102411270142
1565121637.3482413,85,0.8375400900840759
1565121637.9643564,86,0.793870210647583
1565121638.5823352,87,0.8096955418586731
1565121639.2002206,88,0.7982772588729858
1565121639.8175788,89,0.8549679517745972
1565121640.437411,90,0.7982772588729858
1565121641.0561526,91,0.7980769276618958
1565121641.6734037,92,0.8201121687889099
1565121642.2903562,93,0.8253205418586731
1565121642.9084451,94,0.823317289352417
1565121643.5257518,95,0.8062900900840759
1565121644.1434352,96,0.7982772588729858
1565121644.7606082,97,0.8277243375778198
1565121645.3775797,98,0.8409455418586731
1565121645.9963863,99,0.8181089758872986
1565121646.6136138,100,0.823317289352417
1565121647.2350457,101,0.8487580418586731
1565121647.8523986,102,0.792067289352417
1565121648.4724135,103,0.8313301205635071
1565121649.0901556,104,0.801682710647583
1565121649.7075665,105,0.8191105723381042
1565121650.326331,106,0.8183093070983887
1565121650.9445724,107,0.8355368375778198
1565121651.5622687,108,0.8391426205635071
1565121652.1814198,109,0.8068910241127014
1565121652.8016658,110,0.8287259340286255
1565121653.420282,111,0.8557692170143127
1565121654.0661092,112,0.832932710647583
1565121654.9861853,113,0.8399438858032227
1565121655.6072245,114,0.8165063858032227
1565121656.2257726,115,0.7990785241127014
1565121656.8431442,116,0.8427484035491943
1565121657.4708922,117,0.8461538553237915
1565121658.1086617,118,0.8086938858032227
1565121658.7275257,119,0.8471554517745972
1565121659.3456733,120,0.8305288553237915
1565121659.9627686,121,0.8713942170143127
1565121660.5801182,122,0.8575721383094788
1565121661.2007217,123,0.8619791865348816
1565121661.8179634,124,0.8303285241127014
1565121662.4364495,125,0.8529647588729858
1565121663.0551686,126,0.8217147588729858
1565121663.680158,127,0.8547676205635071
1565121664.2974343,128,0.817307710647583
1565121664.9166658,129,0.8505609035491943
1565121665.5401068,130,0.8024839758872986
1565121666.1586218,131,0.8287259340286255
1565121666.7794664,132,0.8357371687889099
1565121667.398571,133,0.8014823794364929
1565121668.0164573,134,0.784254789352417
1565121668.634411,135,0.8401442170143127
1565121669.2536886,136,0.8129006624221802
1565121669.8711364,137,0.8337339758872986
1565121670.4893637,138,0.8217147588729858
1565121671.1093934,139,0.8870192170143127
1565121671.7284448,140,0.8086938858032227
1565121672.3471653,141,0.848557710647583
1565121672.9662278,142,0.8042868375778198
1565121673.5860329,143,0.8355368375778198
1565121674.2111533,144,0.8635817170143127
1565121674.8298736,145,0.8896234035491943
1565121675.4512486,146,0.8433493375778198
1565121676.0711462,147,0.8747996687889099
1565121676.69102,148,0.8443509340286255
1565121677.3101835,149,0.8659855723381042
1565121677.9311638,150,0.8739984035491943
1565121678.550838,151,0.8581730723381042
1565121679.1782951,152,0.8425480723381042
1565121679.8013916,153,0.8523637652397156
1565121680.425414,154,0.8443509340286255
1565121681.0448263,155,0.8417468070983887
1565121681.6639967,156,0.8956330418586731
1565121682.2835531,157,0.8922275900840759
1565121682.9024153,158,0.8667868375778198
1565121683.5226562,159,0.8599759340286255
1565121684.142387,160,0.8599759340286255
1565121684.7620063,161,0.8922275900840759
1565121685.3812768,162,0.8878205418586731
1565121686.0006766,163,0.8713942170143127
1565121686.6215992,164,0.8896234035491943
1565121687.2423372,165,0.8425480723381042
1565121687.8632417,166,0.8729968070983887
1565121688.482972,167,0.8591746687889099
1565121689.1036568,168,0.8625801205635071
1565121689.7248013,169,0.8705929517745972
1565121690.344455,170,0.8695913553237915
1565121690.9634578,171,0.8469551205635071
1565121691.5880256,172,0.8685897588729858
1565121692.2079089,173,0.9026442170143127
1565121692.828146,174,0.8615785241127014
1565121693.4473162,175,0.8685897588729858
1565121694.067624,176,0.8453525900840759
1565121694.6881642,177,0.9140625
1565121695.308367,178,0.8766025900840759
1565121695.928826,179,0.8870192170143127
1565121696.5485363,180,0.9130609035491943
1565121697.1704288,181,0.8687900900840759
1565121697.7902262,182,0.9000400900840759
1565121698.4099762,183,0.8932291865348816
1565121699.0294943,184,0.8992387652397156
1565121699.6501849,185,0.8940304517745972
1565121700.2697833,186,0.8703926205635071
1565121700.889542,187,0.878004789352417
1565121701.511888,188,0.9052484035491943
1565121702.131451,189,0.8453525900840759
1565121702.7513273,190,0.8912259340286255
1565121703.376152,191,0.8747996687889099
1565121703.997981,192,0.9130609035491943
1565121704.61714,193,0.8669871687889099
1565121705.23572,194,0.871995210647583
1565121705.8576827,195,0.8547676205635071
1565121706.4776459,196,0.8886218070983887
1565121707.0971923,197,0.8591746687889099
1565121707.7165492,198,0.8731971383094788
1565121708.3603964,199,0.8948317170143127
