Wall time,Step,Value
1565121584.78711,0,0.12515318393707275
1565121585.656088,1,0.2668505012989044
1565121586.2557495,2,0.4312193691730499
1565121586.855485,3,0.5337010025978088
1565121587.4550319,4,0.5271139740943909
1565121588.0661354,5,0.5710784196853638
1565121588.6673515,6,0.6305146813392639
1565121589.2671936,7,0.5833333134651184
1565121589.8675241,8,0.624387264251709
1565121590.4695876,9,0.5981923937797546
1565121591.0701735,10,0.6007965803146362
1565121591.6708894,11,0.6230085492134094
1565121592.2722194,12,0.6125919222831726
1565121592.8729439,13,0.6383271813392639
1565121593.4739676,14,0.6155024766921997
1565121594.0757728,15,0.6536458134651184
1565121594.6770809,16,0.6320465803146362
1565121595.2795208,17,0.6401654481887817
1565121595.8832166,18,0.6467524766921997
1565121596.4852757,19,0.6577818393707275
1565121597.087575,20,0.6429228186607361
1565121597.6892745,21,0.6643688678741455
1565121598.2925296,22,0.6464460492134094
1565121598.8940454,23,0.6606923937797546
1565121599.4957917,24,0.6239277124404907
1565121600.0997186,25,0.6770833134651184
1565121600.7032819,26,0.6770833134651184
1565121601.305896,27,0.6822916865348816
1565121601.908051,28,0.6629902124404907
1565121602.5113194,29,0.7106311321258545
1565121603.1138191,30,0.670036792755127
1565121603.7273767,31,0.6741728186607361
1565121604.3299723,32,0.6504289507865906
1565121604.9372044,33,0.6829044222831726
1565121605.5404537,34,0.6695771813392639
1565121606.1436758,35,0.6913296580314636
1565121606.7471182,36,0.695925235748291
1565121607.3509052,37,0.709712028503418
1565121607.9542687,38,0.7086396813392639
1565121608.5577872,39,0.7256433963775635
1565121609.1621156,40,0.6845894455909729
1565121609.7664611,41,0.688725471496582
1565121610.3703232,42,0.7014399766921997
1565121610.9750886,43,0.7083333134651184
1565121611.5802526,44,0.7218137383460999
1565121612.184229,45,0.6806066036224365
1565121612.7880077,46,0.7216605544090271
1565121613.3942063,47,0.7195159196853638
1565121614.0002055,48,0.7155330777168274
1565121614.6047587,49,0.7377451062202454
1565121615.209482,50,0.7057291865348816
1565121615.814497,51,0.703125
1565121616.42007,52,0.7386642098426819
1565121617.0254974,53,0.7129289507865906
1565121617.6300728,54,0.7377451062202454
1565121618.235773,55,0.7158394455909729
1565121618.8420465,56,0.7406556606292725
1565121619.4480836,57,0.7412683963775635
1565121620.0611548,58,0.7285539507865906
1565121620.6669924,59,0.7533701062202454
1565121621.2733994,60,0.7155330777168274
1565121621.878244,61,0.7507659196853638
1565121622.483489,62,0.7354472875595093
1565121623.0892017,63,0.7429534196853638
1565121623.695652,64,0.7342218160629272
1565121624.3033733,65,0.7288603186607361
1565121624.9088032,66,0.7299326062202454
1565121625.5173497,67,0.7204350233078003
1565121626.1227603,68,0.7732843160629272
1565121626.728173,69,0.7366728186607361
1565121627.3407204,70,0.7490808963775635
1565121627.9466197,71,0.7594975233078003
1565121628.5527132,72,0.7742034196853638
1565121629.159673,73,0.7539828419685364
1565121629.7650638,74,0.7262561321258545
1565121630.371776,75,0.7438725233078003
1565121630.9775908,76,0.7333027124404907
1565121631.5841253,77,0.7605698704719543
1565121632.196486,78,0.7152267098426819
1565121632.803518,79,0.7611826062202454
1565121633.4090314,80,0.740962028503418
1565121634.0148706,81,0.775275707244873
1565121634.6222324,82,0.717524528503418
1565121635.228058,83,0.757199764251709
1565121635.8443415,84,0.7614889740943909
1565121636.450148,85,0.749387264251709
1565121637.0618496,86,0.7742034196853638
1565121637.6684241,87,0.7477021813392639
1565121638.2761471,88,0.7771139740943909
1565121638.8824437,89,0.7699142098426819
1565121639.4883976,90,0.7614889740943909
1565121640.0944436,91,0.755974292755127
1565121640.7029836,92,0.7689951062202454
1565121641.309241,93,0.7224264740943909
1565121641.916023,94,0.7549019455909729
1565121642.522405,95,0.7585784196853638
1565121643.1459646,96,0.7807904481887817
1565121643.7532814,97,0.7441789507865906
1565121644.3654537,98,0.7921262383460999
1565121644.9721444,99,0.7282475233078003
1565121645.583848,100,0.7666972875595093
1565121646.19168,101,0.7591911554336548
1565121646.7986639,102,0.7823222875595093
1565121647.4056334,103,0.7735906839370728
1565121648.0129304,104,0.7797181606292725
1565121648.6197803,105,0.756587028503418
1565121649.2271044,106,0.7745097875595093
1565121649.8376632,107,0.7504595518112183
1565121650.4452271,108,0.7780330777168274
1565121651.053869,109,0.7784926295280457
1565121651.6613162,110,0.7846201062202454
1565121652.2701561,111,0.757199764251709
1565121652.8774354,112,0.7640931606292725
1565121653.4853294,113,0.7849264740943909
1565121654.101777,114,0.7774203419685364
1565121654.9794533,115,0.7780330777168274
1565121655.5868752,116,0.7869178652763367
1565121656.1939485,117,0.787224292755127
1565121656.8016944,118,0.7852328419685364
1565121657.4090073,119,0.7846201062202454
1565121658.0186687,120,0.7587316036224365
1565121658.6310835,121,0.7852328419685364
1565121659.2383714,122,0.7898284196853638
1565121659.8453557,123,0.7993260025978088
1565121660.4530048,124,0.7791053652763367
1565121661.0848565,125,0.7624080777168274
1565121661.6916645,126,0.7979472875595093
1565121662.3048143,127,0.7780330777168274
1565121662.911564,128,0.8011642098426819
1565121663.55327,129,0.7392769455909729
1565121664.1626897,130,0.8019301295280457
1565121664.7710757,131,0.8025428652763367
1565121665.3786316,132,0.804074764251709
1565121665.9876838,133,0.7640931606292725
1565121666.5948424,134,0.7542892098426819
1565121667.201834,135,0.7645527124404907
1565121667.809497,136,0.8060661554336548
1565121668.4202225,137,0.7901347875595093
1565121669.0284793,138,0.8126531839370728
1565121669.6371894,139,0.7973345518112183
1565121670.2493591,140,0.7843137383460999
1565121670.8594513,141,0.7579656839370728
1565121671.4703112,142,0.8025428652763367
1565121672.080311,143,0.7866114974021912
1565121672.6902134,144,0.796262264251709
1565121673.2987776,145,0.7892156839370728
1565121673.90649,146,0.7702205777168274
1565121674.5145116,147,0.7602635025978088
1565121675.1225958,148,0.7777267098426819
1565121675.7301543,149,0.7840073704719543
1565121676.3385804,150,0.780024528503418
1565121676.9454172,151,0.7679228186607361
1565121677.553852,152,0.8210784196853638
1565121678.1626465,153,0.8276654481887817
1565121678.7697816,154,0.8083639740943909
1565121679.3771958,155,0.837775707244873
1565121679.9846575,156,0.8204656839370728
1565121680.5933676,157,0.837775707244873
1565121681.2006996,158,0.8285845518112183
1565121681.807667,159,0.8267463445663452
1565121682.415683,160,0.8259803652763367
1565121683.0276244,161,0.8074448704719543
1565121683.6363227,162,0.8233762383460999
1565121684.2507682,163,0.7648590803146362
1565121684.8585737,164,0.8022364974021912
1565121685.4703608,165,0.8435968160629272
1565121686.0846732,166,0.8256739974021912
1565121686.6916244,167,0.8218443393707275
1565121687.3015213,168,0.8409926295280457
1565121687.909264,169,0.8141850233078003
1565121688.5158594,170,0.8363970518112183
1565121689.1238115,171,0.7982536554336548
1565121689.7314918,172,0.8247548937797546
1565121690.3404033,173,0.7941176295280457
1565121690.9483237,174,0.7904411554336548
1565121691.572826,175,0.8259803652763367
1565121692.1832874,176,0.8187806606292725
1565121692.7916257,177,0.8429840803146362
1565121693.3996203,178,0.8390012383460999
1565121694.0081275,179,0.8178614974021912
1565121694.6162548,180,0.8462010025978088
1565121695.2274222,181,0.8259803652763367
1565121695.8358922,182,0.829963207244873
1565121696.443491,183,0.8062193393707275
1565121697.0528135,184,0.8204656839370728
1565121697.6605031,185,0.8360906839370728
1565121698.2694468,186,0.8288909196853638
1565121698.8770635,187,0.8602941036224365
1565121699.4844694,188,0.8204656839370728
1565121700.1525693,189,0.8005514740943909
1565121700.7607048,190,0.7837010025978088
1565121701.3684096,191,0.8279718160629272
1565121701.978349,192,0.8207720518112183
1565121702.5866752,193,0.8241421580314636
1565121703.1947925,194,0.8008578419685364
1565121703.8031194,195,0.8149510025978088
1565121704.4151015,196,0.8025428652763367
1565121705.0233881,197,0.8484987616539001
1565121705.6306822,198,0.8615196347236633
1565121706.2391117,199,0.8484987616539001
