Wall time,Step,Value
1565204017.910644,0,0.19244976341724396
1565204018.336027,1,0.19200649857521057
1565204018.7444897,2,0.20264479517936707
1565204019.1532233,3,0.4335106313228607
1565204019.5610476,4,0.5808215141296387
1565204019.9701743,5,0.4647606313228607
1565204020.378456,6,0.6197547316551208
1565204020.787476,7,0.5664893388748169
1565204021.1953108,8,0.7305703163146973
1565204021.6049037,9,0.5563682317733765
1565204022.013115,10,0.7696512937545776
1565204022.4212837,11,0.5698876976966858
1565204022.8290803,12,0.7169030904769897
1565204023.2368662,13,0.6192376017570496
1565204023.6445994,14,0.7763002514839172
1565204024.0528493,15,0.5568114519119263
1565204024.4603274,16,0.6509308218955994
1565204024.8679318,17,0.7312352061271667
1565204025.2753,18,0.6219710111618042
1565204025.6873872,19,0.6534426808357239
1565204026.094548,20,0.6749408841133118
1565204026.5034425,21,0.7375147938728333
1565204026.9203262,22,0.6924497485160828
1565204027.3297422,23,0.6605348587036133
1565204027.7388108,24,0.5252659320831299
1565204028.1478047,25,0.6054225564002991
1565204028.55982,26,0.6787086129188538
1565204028.969353,27,0.713283121585846
1565204029.3788676,28,0.55008864402771
1565204029.7908762,29,0.7172724604606628
1565204030.2074327,30,0.4719267189502716
1565204030.6171346,31,0.6996158361434937
1565204031.0290358,32,0.6016548275947571
1565204031.4383774,33,0.681294322013855
1565204031.8470302,34,0.5569592118263245
1565204032.2560568,35,0.6677009463310242
1565204032.667214,36,0.6859486103057861
1565204033.0766697,37,0.6846187710762024
1565204033.51086,38,0.6229314208030701
1565204033.921907,39,0.6965129971504211
1565204034.3373256,40,0.6897163391113281
1565204034.746613,41,0.7206708192825317
1565204035.1556401,42,0.6825502514839172
1565204035.5649521,43,0.6993203163146973
1565204035.9747324,44,0.6014332175254822
1565204036.3842626,45,0.7762263417243958
1565204036.793997,46,0.7766696214675903
1565204037.2037175,47,0.7549497485160828
1565204037.6143665,48,0.6753841638565063
1565204038.0241582,49,0.7622635960578918
1565204038.4369,50,0.7310874462127686
1565204038.8473043,51,0.7838357090950012
1565204039.2592878,52,0.738696813583374
1565204039.6697283,53,0.7970597147941589
1565204040.0826647,54,0.6884604096412659
1565204040.4919531,55,0.7342641949653625
1565204040.9013693,56,0.7659574747085571
1565204041.3107696,57,0.7549497485160828
1565204041.7262087,58,0.8218823671340942
1565204042.1348925,59,0.7831708192825317
1565204042.5458014,60,0.7933658361434937
1565204042.956328,61,0.7067819237709045
1565204043.3650944,62,0.8043735027313232
1565204043.7751582,63,0.8009012937545776
1565204044.188065,64,0.8563829660415649
1565204044.6046915,65,0.787455677986145
1565204045.017108,66,0.7970597147941589
1565204045.4410167,67,0.7831708192825317
1565204045.8500004,68,0.8186317682266235
1565204046.2589953,69,0.8045212626457214
1565204046.6675124,70,0.8389480113983154
1565204047.0760324,71,0.828679084777832
1565204047.4852278,72,0.8106530904769897
1565204047.8936844,73,0.7969858050346375
1565204048.3020265,74,0.8147163391113281
1565204048.711006,75,0.6995419859886169
1565204049.1208484,76,0.7483747005462646
1565204049.5306413,77,0.7310135960578918
1565204049.9397817,78,0.8147901892662048
1565204050.360133,79,0.8045212626457214
1565204050.7689316,80,0.7760785818099976
1565204051.1899493,81,0.8042996525764465
1565204051.5990598,82,0.8113918304443359
1565204052.007388,83,0.8150117993354797
1565204052.4157977,84,0.8636229038238525
1565204052.8262572,85,0.8152334690093994
1565204053.234653,86,0.8249852061271667
1565204053.6449914,87,0.7868646383285522
1565204054.0532851,88,0.8600768446922302
1565204054.4626534,89,0.8009012937545776
1565204054.8716471,90,0.8882240056991577
1565204055.2803745,91,0.8745567202568054
1565204055.689749,92,0.8741135001182556
1565204056.1009812,93,0.8569000959396362
1565204056.51102,94,0.9057328701019287
1565204056.9430323,95,0.8460401892662048
1565204057.3516626,96,0.8706412315368652
1565204057.7606726,97,0.8115395903587341
1565204058.169318,98,0.881205677986145
1565204058.5780602,99,0.8566046357154846
1565204058.9899874,100,0.8671690225601196
1565204059.4004157,101,0.8039302825927734
1565204059.8105147,102,0.8741135001182556
1565204060.2216325,103,0.8357712626457214
1565204060.6408708,104,0.8635490536689758
1565204061.0497832,105,0.8427157402038574
1565204061.4589195,106,0.8916223645210266
1565204061.8710022,107,0.8220301270484924
1565204062.279843,108,0.8911051750183105
1565204062.6895971,109,0.8671690225601196
1565204063.1127582,110,0.8456708192825317
1565204063.5264688,111,0.7831708192825317
1565204063.935336,112,0.863696813583374
1565204064.345243,113,0.8568262457847595
1565204064.7560532,114,0.8916962146759033
1565204065.1666791,115,0.8566784858703613
1565204065.581227,116,0.9092789888381958
1565204065.9918804,117,0.8707151412963867
1565204066.4101224,118,0.8702718615531921
1565204066.8203933,119,0.8320035338401794
1565204067.2304962,120,0.9160017967224121
1565204067.6408093,121,0.877437949180603
1565204068.0514064,122,0.8707151412963867
1565204068.4614463,123,0.8495863080024719
1565204068.8720372,124,0.8986406326293945
1565204069.2824714,125,0.8705673813819885
1565204069.6927135,126,0.9126034379005432
1565204070.1040752,127,0.8775117993354797
1565204070.5161185,128,0.9022606611251831
1565204070.926611,129,0.8986406326293945
1565204071.336031,130,0.9127511978149414
1565204071.7460642,131,0.8914006948471069
1565204072.156284,132,0.9160756468772888
1565204072.5703425,133,0.8984929323196411
1565204072.9812555,134,0.8984190225601196
1565204073.3914676,135,0.9056589603424072
1565204073.8017678,136,0.9263445734977722
1565204074.2121973,137,0.874261200428009
1565204074.625479,138,0.8984190225601196
1565204075.043963,139,0.8986406326293945
1565204075.45479,140,0.9266400933265686
1565204075.866508,141,0.9052895903587341
1565204076.2768137,142,0.8950206637382507
1565204076.6868215,143,0.9229462146759033
1565204077.0977726,144,0.7971335649490356
1565204077.5084748,145,0.9126034379005432
1565204077.918363,146,0.8603723645210266
1565204078.332648,147,0.9301861524581909
1565204078.7428317,148,0.8670951724052429
1565204079.1539314,149,0.9126772880554199
1565204079.5744827,150,0.8809101581573486
1565204079.9861367,151,0.9127511978149414
1565204080.3972065,152,0.916223406791687
1565204080.8088393,153,0.9442967176437378
1565204081.2189794,154,0.8985667824745178
1565204081.6288705,155,0.9092050790786743
1565204082.0401244,156,0.9093528389930725
1565204082.450423,157,0.9543439745903015
1565204082.861421,158,0.9161495566368103
1565204083.2752075,159,0.9225029349327087
1565204083.6856306,160,0.8847517967224121
1565204084.0981836,161,0.9406028389930725
1565204084.5081735,162,0.9195478558540344
1565204084.9206734,163,0.9510933756828308
1565204085.3310099,164,0.9127511978149414
1565204085.7422097,165,0.9300383925437927
1565204086.1541564,166,0.912455677986145
1565204086.5696828,167,0.9475472569465637
1565204086.9915118,168,0.9227984547615051
1565204087.4013371,169,0.9335845112800598
1565204087.811399,170,0.9334367513656616
1565204088.2278283,171,0.9406028389930725
1565204088.6393683,172,0.9159278869628906
1565204089.0526817,173,0.9157062768936157
1565204089.4637456,174,0.9267139434814453
1565204089.882086,175,0.9405289888381958
1565204090.293307,176,0.9091312289237976
1565204090.7033339,177,0.9509456157684326
1565204091.1134207,178,0.9264923334121704
1565204091.5244706,179,0.9262706637382507
1565204091.9376028,180,0.9266400933265686
1565204092.3488555,181,0.947473406791687
1565204092.7611957,182,0.9092050790786743
1565204093.1714497,183,0.9479166865348816
1565204093.5813236,184,0.8781028389930725
1565204093.9939513,185,0.9371306300163269
1565204094.420538,186,0.9022606611251831
1565204094.8314946,187,0.9440011978149414
1565204095.2438474,188,0.9198433756828308
1565204095.6543853,189,0.8951684236526489
1565204096.0683887,190,0.9199172854423523
1565204096.488753,191,0.9369828701019287
1565204096.899264,192,0.9265661835670471
1565204097.3101127,193,0.9371306300163269
1565204097.7206116,194,0.9338061213493347
1565204098.1326454,195,0.9477689266204834
1565204098.543828,196,0.9302600622177124
1565204098.9604242,197,0.9229462146759033
1565204099.3758335,198,0.9373522400856018
1565204099.787384,199,0.9476211667060852
