Wall time,Step,Value
1565121584.7871792,0,0.2057291716337204
1565121585.6780636,1,0.1822916716337204
1565121586.2968898,2,0.3776041567325592
1565121586.9159834,3,0.4453125
1565121587.5329595,4,0.6223958134651184
1565121588.149759,5,0.5182291865348816
1565121588.7693722,6,0.5598958134651184
1565121589.3901052,7,0.6640625
1565121590.0089383,8,0.5
1565121590.6289504,9,0.6354166865348816
1565121591.249693,10,0.578125
1565121591.8704321,11,0.5364583134651184
1565121592.4895282,12,0.65625
1565121593.1102107,13,0.5364583134651184
1565121593.731334,14,0.6119791865348816
1565121594.3527248,15,0.640625
1565121594.9726024,16,0.5
1565121595.592646,17,0.5963541865348816
1565121596.2133057,18,0.6848958134651184
1565121596.8344014,19,0.6432291865348816
1565121597.4549181,20,0.6171875
1565121598.0849562,21,0.6328125
1565121598.7096992,22,0.5729166865348816
1565121599.3302479,23,0.5859375
1565121599.9525898,24,0.5885416865348816
1565121600.6218944,25,0.6145833134651184
1565121601.2444408,26,0.7057291865348816
1565121601.8677144,27,0.7109375
1565121602.492143,28,0.6796875
1565121603.1147497,29,0.6901041865348816
1565121603.7374594,30,0.5234375
1565121604.3615432,31,0.6328125
1565121604.985386,32,0.5494791865348816
1565121605.6093163,33,0.6119791865348816
1565121606.232638,34,0.625
1565121606.8558912,35,0.4739583432674408
1565121607.4791763,36,0.6484375
1565121608.1019263,37,0.6979166865348816
1565121608.7250445,38,0.6119791865348816
1565121609.3533638,39,0.6302083134651184
1565121609.9956863,40,0.6953125
1565121610.6222503,41,0.7109375
1565121611.2558763,42,0.5703125
1565121611.8847086,43,0.6536458134651184
1565121612.5107682,44,0.671875
1565121613.1346428,45,0.6614583134651184
1565121613.7609549,46,0.5833333134651184
1565121614.387997,47,0.7526041865348816
1565121615.011117,48,0.6796875
1565121615.636699,49,0.6822916865348816
1565121616.2619298,50,0.6432291865348816
1565121616.8879042,51,0.5755208134651184
1565121617.5131154,52,0.6432291865348816
1565121618.1369941,53,0.7057291865348816
1565121618.7645602,54,0.5416666865348816
1565121619.3916779,55,0.6302083134651184
1565121620.0176039,56,0.5598958134651184
1565121620.6440544,57,0.6979166865348816
1565121621.273154,58,0.5833333134651184
1565121621.8995512,59,0.6614583134651184
1565121622.5309684,60,0.6510416865348816
1565121623.1582835,61,0.7083333134651184
1565121623.783989,62,0.59375
1565121624.4130065,63,0.671875
1565121625.0389328,64,0.6770833134651184
1565121625.6634345,65,0.6041666865348816
1565121626.2922325,66,0.78125
1565121626.9171793,67,0.6822916865348816
1565121627.544193,68,0.6796875
1565121628.1715784,69,0.7369791865348816
1565121628.7966542,70,0.7395833134651184
1565121629.4250224,71,0.6875
1565121630.04911,72,0.6640625
1565121630.674531,73,0.7317708134651184
1565121631.3185441,74,0.7135416865348816
1565121631.9441266,75,0.6614583134651184
1565121632.572302,76,0.6354166865348816
1565121633.2028043,77,0.6510416865348816
1565121633.8271496,78,0.640625
1565121634.4518096,79,0.5390625
1565121635.076103,80,0.7317708134651184
1565121635.7013264,81,0.5859375
1565121636.3344781,82,0.6197916865348816
1565121636.9627416,83,0.5989583134651184
1565121637.589992,84,0.65625
1565121638.2165067,85,0.671875
1565121638.8431573,86,0.5729166865348816
1565121639.4702137,87,0.6302083134651184
1565121640.099096,88,0.7083333134651184
1565121640.72438,89,0.6692708134651184
1565121641.3489783,90,0.6067708134651184
1565121641.975328,91,0.7005208134651184
1565121642.603083,92,0.7161458134651184
1565121643.2322876,93,0.7239583134651184
1565121643.8600318,94,0.6796875
1565121644.4889886,95,0.75
1565121645.1156042,96,0.7552083134651184
1565121645.741467,97,0.640625
1565121646.3696785,98,0.6380208134651184
1565121646.9961398,99,0.7161458134651184
1565121647.6223621,100,0.6770833134651184
1565121648.247759,101,0.5494791865348816
1565121648.8754315,102,0.7213541865348816
1565121649.5018349,103,0.6875
1565121650.1289737,104,0.7005208134651184
1565121650.7578795,105,0.5442708134651184
1565121651.3855088,106,0.71875
1565121652.0124588,107,0.6901041865348816
1565121652.6436465,108,0.7135416865348816
1565121653.2720544,109,0.6979166865348816
1565121653.8978064,110,0.6796875
1565121654.948524,111,0.5911458134651184
1565121655.57481,112,0.6953125
1565121656.2043602,113,0.7057291865348816
1565121656.83326,114,0.7786458134651184
1565121657.458929,115,0.7005208134651184
1565121658.085362,116,0.7291666865348816
1565121658.7125874,117,0.5130208134651184
1565121659.3388507,118,0.6510416865348816
1565121659.9641085,119,0.6848958134651184
1565121660.5909927,120,0.6328125
1565121661.2199109,121,0.75
1565121661.8539274,122,0.6822916865348816
1565121662.4827423,123,0.6744791865348816
1565121663.1108704,124,0.6354166865348816
1565121663.737247,125,0.7057291865348816
1565121664.3644557,126,0.7682291865348816
1565121664.9906514,127,0.6354166865348816
1565121665.6179824,128,0.6484375
1565121666.2434597,129,0.7317708134651184
1565121666.8699946,130,0.703125
1565121667.4979959,131,0.6979166865348816
1565121668.1243625,132,0.6354166865348816
1565121668.751106,133,0.5625
1565121669.3771765,134,0.65625
1565121670.0038779,135,0.6354166865348816
1565121670.632158,136,0.6875
1565121671.259271,137,0.6822916865348816
1565121671.8891776,138,0.6614583134651184
1565121672.5149531,139,0.5625
1565121673.1412618,140,0.7213541865348816
1565121673.7676132,141,0.6197916865348816
1565121674.3965847,142,0.7682291865348816
1565121675.0235524,143,0.5338541865348816
1565121675.6506515,144,0.71875
1565121676.2779772,145,0.7265625
1565121676.9031959,146,0.6536458134651184
1565121677.5285966,147,0.6223958134651184
1565121678.1676946,148,0.671875
1565121678.794025,149,0.7291666865348816
1565121679.4255166,150,0.6197916865348816
1565121680.0535727,151,0.7604166865348816
1565121680.6794467,152,0.7369791865348816
1565121681.3086078,153,0.7265625
1565121681.935741,154,0.7421875
1565121682.566911,155,0.5078125
1565121683.193738,156,0.71875
1565121683.8201692,157,0.6588541865348816
1565121684.4464765,158,0.4921875
1565121685.07864,159,0.6380208134651184
1565121685.7051566,160,0.7083333134651184
1565121686.3323622,161,0.6223958134651184
1565121686.9596796,162,0.7604166865348816
1565121687.5870256,163,0.7083333134651184
1565121688.2134464,164,0.6927083134651184
1565121688.8417013,165,0.7526041865348816
1565121689.47151,166,0.5729166865348816
1565121690.1005507,167,0.7265625
1565121690.7292993,168,0.7994791865348816
1565121691.3569536,169,0.71875
1565121691.9859142,170,0.6770833134651184
1565121692.613069,171,0.7604166865348816
1565121693.2408679,172,0.7604166865348816
1565121693.8685975,173,0.7135416865348816
1565121694.4958947,174,0.6979166865348816
1565121695.1221755,175,0.6927083134651184
1565121695.7555048,176,0.6302083134651184
1565121696.3822742,177,0.6302083134651184
1565121697.0138123,178,0.7447916865348816
1565121697.639915,179,0.7005208134651184
1565121698.2657595,180,0.7552083134651184
1565121698.8912768,181,0.5833333134651184
1565121699.5182972,182,0.734375
1565121700.17537,183,0.734375
1565121700.8015287,184,0.6692708134651184
1565121701.429551,185,0.6223958134651184
1565121702.055929,186,0.7317708134651184
1565121702.6840665,187,0.6927083134651184
1565121703.3126843,188,0.6458333134651184
1565121703.9413962,189,0.6223958134651184
1565121704.5696285,190,0.6796875
1565121705.1968877,191,0.6848958134651184
1565121705.8241456,192,0.7838541865348816
1565121706.4522266,193,0.6822916865348816
1565121707.0815952,194,0.6067708134651184
1565121707.7075102,195,0.6901041865348816
1565121708.3659372,196,0.7057291865348816
1565121709.0084054,197,0.7265625
1565121709.64337,198,0.7005208134651184
1565121710.2703958,199,0.7838541865348816
