Wall time,Step,Value
1565204144.692607,0,0.0885416641831398
1565204145.313971,1,0.09375
1565204145.7483149,2,0.4921875
1565204146.184121,3,0.1875
1565204146.617979,4,0.2734375
1565204147.0512965,5,0.4192708432674408
1565204147.4842954,6,0.3802083432674408
1565204147.9194107,7,0.3776041567325592
1565204148.3539045,8,0.5703125
1565204148.7892678,9,0.234375
1565204149.2239194,10,0.5182291865348816
1565204149.6589382,11,0.125
1565204150.0927374,12,0.7161458134651184
1565204150.526815,13,0.4947916567325592
1565204150.9639204,14,0.390625
1565204151.3977165,15,0.7395833134651184
1565204151.831934,16,0.4661458432674408
1565204152.26588,17,0.3802083432674408
1565204152.699609,18,0.6614583134651184
1565204153.1327536,19,0.4192708432674408
1565204153.5734847,20,0.7239583134651184
1565204154.006216,21,0.7135416865348816
1565204154.4529684,22,0.6875
1565204154.8860984,23,0.2604166567325592
1565204155.318163,24,0.4270833432674408
1565204155.75194,25,0.4661458432674408
1565204156.1862767,26,0.5598958134651184
1565204156.6189625,27,0.3880208432674408
1565204157.052942,28,0.4609375
1565204157.487839,29,0.5651041865348816
1565204157.920788,30,0.421875
1565204158.358394,31,0.2447916716337204
1565204158.7917354,32,0.8255208134651184
1565204159.2250104,33,0.5885416865348816
1565204159.658284,34,0.3385416567325592
1565204160.0916748,35,0.578125
1565204160.5245478,36,0.6067708134651184
1565204160.9575145,37,0.6276041865348816
1565204161.390905,38,0.4869791567325592
1565204161.823683,39,0.7604166865348816
1565204162.2572072,40,0.7708333134651184
1565204162.6914096,41,0.6119791865348816
1565204163.124345,42,0.3411458432674408
1565204163.558017,43,0.2838541567325592
1565204163.994067,44,0.6614583134651184
1565204164.4269803,45,0.53125
1565204164.8630793,46,0.4791666567325592
1565204165.2965384,47,0.78125
1565204165.7305205,48,0.7005208134651184
1565204166.1636598,49,0.484375
1565204166.5983412,50,0.2161458283662796
1565204167.0314167,51,0.3828125
1565204167.464646,52,0.7526041865348816
1565204167.8978558,53,0.75
1565204168.3311872,54,0.5364583134651184
1565204168.7664294,55,0.2109375
1565204169.2007346,56,0.3619791567325592
1565204169.6340961,57,0.46875
1565204170.0676534,58,0.7890625
1565204170.5017676,59,0.7604166865348816
1565204170.941776,60,0.5520833134651184
1565204171.3748925,61,0.5104166865348816
1565204171.8090246,62,0.5494791865348816
1565204172.2427142,63,0.2604166567325592
1565204172.676927,64,0.7395833134651184
1565204173.1158762,65,0.8359375
1565204173.5496118,66,0.5989583134651184
1565204173.983433,67,0.5442708134651184
1565204174.4174764,68,0.7604166865348816
1565204174.851134,69,0.578125
1565204175.2849529,70,0.7942708134651184
1565204175.7190816,71,0.4739583432674408
1565204176.1537273,72,0.5677083134651184
1565204176.5888608,73,0.6067708134651184
1565204177.022867,74,0.7317708134651184
1565204177.4571927,75,0.6302083134651184
1565204177.8916306,76,0.8802083134651184
1565204178.325026,77,0.8385416865348816
1565204178.75917,78,0.7734375
1565204179.1932874,79,0.5364583134651184
1565204179.6288197,80,0.5026041865348816
1565204180.0630121,81,0.5286458134651184
1565204180.497562,82,0.8697916865348816
1565204180.9343848,83,0.8385416865348816
1565204181.3691885,84,0.8619791865348816
1565204181.804385,85,0.8255208134651184
1565204182.2394674,86,0.84375
1565204182.673495,87,0.7630208134651184
1565204183.1128538,88,0.7890625
1565204183.5464318,89,0.5911458134651184
1565204183.9807818,90,0.7291666865348816
1565204184.415911,91,0.3229166567325592
1565204184.85158,92,0.8359375
1565204185.2851105,93,0.8567708134651184
1565204185.7193882,94,0.8723958134651184
1565204186.1528845,95,0.8697916865348816
1565204186.5877066,96,0.5677083134651184
1565204187.0226345,97,0.6979166865348816
1565204187.4573586,98,0.7395833134651184
1565204187.89272,99,0.7447916865348816
1565204188.3293314,100,0.7994791865348816
1565204188.7757936,101,0.7760416865348816
1565204189.2140858,102,0.4609375
1565204189.6514869,103,0.2630208432674408
1565204190.0875804,104,0.7942708134651184
1565204190.524128,105,0.7708333134651184
1565204190.9605975,106,0.8151041865348816
1565204191.4059093,107,0.7369791865348816
1565204191.8425908,108,0.8255208134651184
1565204192.278717,109,0.796875
1565204192.718022,110,0.8489583134651184
1565204193.1540334,111,0.8151041865348816
1565204193.5915306,112,0.8541666865348816
1565204194.0284076,113,0.8723958134651184
1565204194.4688115,114,0.859375
1565204194.9056304,115,0.6067708134651184
1565204195.3428652,116,0.5703125
1565204195.7785442,117,0.2786458432674408
1565204196.2144275,118,0.6197916865348816
1565204196.6509576,119,0.8515625
1565204197.0860531,120,0.5052083134651184
1565204197.5217116,121,0.7526041865348816
1565204197.9592817,122,0.8151041865348816
1565204198.3947139,123,0.3723958432674408
1565204198.8295503,124,0.2369791716337204
1565204199.2646072,125,0.7161458134651184
1565204199.699556,126,0.234375
1565204200.1389127,127,0.7890625
1565204200.5766416,128,0.8515625
1565204201.0123367,129,0.7760416865348816
1565204201.4479,130,0.7916666865348816
1565204201.8860621,131,0.8411458134651184
1565204202.32635,132,0.7291666865348816
1565204202.7622774,133,0.75
1565204203.198335,134,0.8255208134651184
1565204203.634218,135,0.6067708134651184
1565204204.0698977,136,0.828125
1565204204.5051212,137,0.8802083134651184
1565204204.9412134,138,0.875
1565204205.376786,139,0.8776041865348816
1565204205.813236,140,0.875
1565204206.2492476,141,0.8072916865348816
1565204206.6847203,142,0.8541666865348816
1565204207.1217215,143,0.8359375
1565204207.561931,144,0.8671875
1565204207.9970672,145,0.7083333134651184
1565204208.4329417,146,0.7317708134651184
1565204208.8686302,147,0.796875
1565204209.3137941,148,0.8411458134651184
1565204209.7527378,149,0.796875
1565204210.18943,150,0.6145833134651184
1565204210.6247108,151,0.875
1565204211.0616233,152,0.859375
1565204211.4966156,153,0.8854166865348816
1565204211.9338312,154,0.8645833134651184
1565204212.369934,155,0.5989583134651184
1565204212.8065264,156,0.6067708134651184
1565204213.2428617,157,0.6067708134651184
1565204213.6793387,158,0.875
1565204214.1146667,159,0.8854166865348816
1565204214.5505476,160,0.8828125
1565204214.9876475,161,0.8697916865348816
1565204215.4233172,162,0.875
1565204215.8583748,163,0.8515625
1565204216.2988756,164,0.8463541865348816
1565204216.7341223,165,0.84375
1565204217.1709187,166,0.2213541716337204
1565204217.6060424,167,0.7682291865348816
1565204218.0420406,168,0.7578125
1565204218.4773643,169,0.8333333134651184
1565204218.924159,170,0.8229166865348816
1565204219.3618734,171,0.5494791865348816
1565204219.8013442,172,0.8046875
1565204220.2382915,173,0.8255208134651184
1565204220.675888,174,0.859375
1565204221.114403,175,0.8515625
1565204221.552851,176,0.734375
1565204221.990075,177,0.7838541865348816
1565204222.4268253,178,0.8567708134651184
1565204222.8637445,179,0.859375
1565204223.3009274,180,0.8203125
1565204223.7379427,181,0.7760416865348816
1565204224.1754775,182,0.5833333134651184
1565204224.613732,183,0.8489583134651184
1565204225.0531502,184,0.6927083134651184
1565204225.4916174,185,0.8385416865348816
1565204225.9291449,186,0.875
1565204226.365119,187,0.5963541865348816
1565204226.801559,188,0.7890625
1565204227.2392533,189,0.8567708134651184
1565204227.675279,190,0.8567708134651184
1565204228.1114771,191,0.6666666865348816
1565204228.577617,192,0.8619791865348816
1565204229.0148437,193,0.8723958134651184
1565204229.4536035,194,0.78125
1565204229.8909125,195,0.5807291865348816
1565204230.3284147,196,0.8645833134651184
1565204230.7673383,197,0.8671875
1565204231.204981,198,0.8723958134651184
1565204231.6422164,199,0.8489583134651184
