Wall time,Step,Value
1565204144.6162496,0,0.0729166641831398
1565204145.3107026,1,0.14635416865348816
1565204145.7433736,2,0.4182291626930237
1565204146.1756248,3,0.1979166716337204
1565204146.6052258,4,0.5385416746139526
1565204147.0364926,5,0.4307291805744171
1565204147.4728863,6,0.590624988079071
1565204147.9060023,7,0.45104166865348816
1565204148.3379009,8,0.5604166388511658
1565204148.7728837,9,0.5666666626930237
1565204149.2039363,10,0.5640624761581421
1565204149.6393557,11,0.6317708492279053
1565204150.0700934,12,0.5796874761581421
1565204150.5028393,13,0.6635416746139526
1565204150.9347637,14,0.589062511920929
1565204151.3674724,15,0.6276041865348816
1565204151.7986195,16,0.3604166805744171
1565204152.232751,17,0.668749988079071
1565204152.6641016,18,0.18281249701976776
1565204153.1026146,19,0.5958333611488342
1565204153.5342798,20,0.5484374761581421
1565204153.965609,21,0.34427082538604736
1565204154.3951054,22,0.578125
1565204154.8269732,23,0.4546875059604645
1565204155.256086,24,0.5463541746139526
1565204155.6872644,25,0.6822916865348816
1565204156.1230197,26,0.5973958373069763
1565204156.560026,27,0.6265624761581421
1565204156.988981,28,0.6421874761581421
1565204157.4321713,29,0.6057291626930237
1565204157.8656387,30,0.49531251192092896
1565204158.295633,31,0.754687488079071
1565204158.7278144,32,0.7124999761581421
1565204159.1571786,33,0.7213541865348816
1565204159.5888038,34,0.5901041626930237
1565204160.0179708,35,0.7286458611488342
1565204160.449215,36,0.5270833373069763
1565204160.8798974,37,0.5802083611488342
1565204161.3092334,38,0.6213541626930237
1565204161.743061,39,0.734375
1565204162.1729014,40,0.4755208194255829
1565204162.6087134,41,0.6354166865348816
1565204163.0382044,42,0.6656249761581421
1565204163.4696443,43,0.3968749940395355
1565204163.8999732,44,0.5927083492279053
1565204164.3328896,45,0.723437488079071
1565204164.7630377,46,0.7447916865348816
1565204165.1944664,47,0.7572916746139526
1565204165.624154,48,0.5406249761581421
1565204166.0587838,49,0.703125
1565204166.4890249,50,0.5635416507720947
1565204166.9201672,51,0.6552083492279053
1565204167.382512,52,0.754687488079071
1565204167.8130627,53,0.7072916626930237
1565204168.2444885,54,0.699999988079071
1565204168.674349,55,0.5848958492279053
1565204169.109269,56,0.2874999940395355
1565204169.5388465,57,0.6885416507720947
1565204169.9729156,58,0.770312488079071
1565204170.4025426,59,0.8385416865348816
1565204170.8333788,60,0.7807291746139526
1565204171.2634616,61,0.7005208134651184
1565204171.6945648,62,0.6557291746139526
1565204172.1261342,63,0.4177083373069763
1565204172.566078,64,0.6505208611488342
1565204173.002631,65,0.5817708373069763
1565204173.43585,66,0.5692708492279053
1565204173.8674412,67,0.5093749761581421
1565204174.2974818,68,0.6104166507720947
1565204174.7407634,69,0.6552083492279053
1565204175.1713185,70,0.7109375
1565204175.6034114,71,0.8072916865348816
1565204176.0382524,72,0.7604166865348816
1565204176.4702735,73,0.5562499761581421
1565204176.901083,74,0.6005208492279053
1565204177.3334389,75,0.7369791865348816
1565204177.7993531,76,0.7364583611488342
1565204178.2333515,77,0.7755208611488342
1565204178.6651325,78,0.6656249761581421
1565204179.0985184,79,0.5197916626930237
1565204179.53002,80,0.739062488079071
1565204179.9638734,81,0.7515624761581421
1565204180.3953693,82,0.6916666626930237
1565204180.8282778,83,0.7052083611488342
1565204181.2599018,84,0.7286458611488342
1565204181.6946118,85,0.6000000238418579
1565204182.1360538,86,0.6661458611488342
1565204182.5672405,87,0.6968749761581421
1565204183.000805,88,0.7307291626930237
1565204183.4337106,89,0.6328125
1565204183.8670528,90,0.8359375
1565204184.3009832,91,0.7708333134651184
1565204184.7339854,92,0.8463541865348816
1565204185.1693928,93,0.6072916388511658
1565204185.6026225,94,0.7421875
1565204186.0346158,95,0.6109374761581421
1565204186.464953,96,0.715624988079071
1565204186.896058,97,0.7098958492279053
1565204187.3292646,98,0.6479166746139526
1565204187.7620614,99,0.6494791507720947
1565204188.1971467,100,0.6499999761581421
1565204188.632324,101,0.7760416865348816
1565204189.0650928,102,0.7729166746139526
1565204189.5001829,103,0.7255208492279053
1565204189.935426,104,0.7442708611488342
1565204190.3712037,105,0.7463541626930237
1565204190.8084865,106,0.785937488079071
1565204191.2459066,107,0.6494791507720947
1565204191.67864,108,0.7541666626930237
1565204192.1133585,109,0.7098958492279053
1565204192.5494885,110,0.7760416865348816
1565204192.9831905,111,0.778124988079071
1565204193.418561,112,0.778124988079071
1565204193.8557963,113,0.7864583134651184
1565204194.291665,114,0.6416666507720947
1565204194.7255301,115,0.6401041746139526
1565204195.1607504,116,0.7786458134651184
1565204195.597206,117,0.746874988079071
1565204196.0315804,118,0.7833333611488342
1565204196.4683177,119,0.8177083134651184
1565204196.9015825,120,0.754687488079071
1565204197.3357227,121,0.6390625238418579
1565204197.7682064,122,0.8411458134651184
1565204198.2038236,123,0.6838541626930237
1565204198.6386817,124,0.6458333134651184
1565204199.0756657,125,0.8151041865348816
1565204199.5079088,126,0.8385416865348816
1565204199.9443429,127,0.5458333492279053
1565204200.3769176,128,0.7963541746139526
1565204200.8132825,129,0.6942708492279053
1565204201.2474651,130,0.6078125238418579
1565204201.6849482,131,0.7526041865348816
1565204202.1210327,132,0.7182291746139526
1565204202.5582757,133,0.770312488079071
1565204202.9974093,134,0.7651041746139526
1565204203.4302611,135,0.8359375
1565204203.8640404,136,0.7833333611488342
1565204204.2966456,137,0.7182291746139526
1565204204.7364252,138,0.801562488079071
1565204205.1703465,139,0.8489583134651184
1565204205.6032615,140,0.8645833134651184
1565204206.0384426,141,0.8828125
1565204206.471392,142,0.817187488079071
1565204206.9053822,143,0.7593749761581421
1565204207.3383698,144,0.8067708611488342
1565204207.772676,145,0.8229166865348816
1565204208.2098804,146,0.6416666507720947
1565204208.6441634,147,0.8359375
1565204209.0780714,148,0.8145833611488342
1565204209.510789,149,0.8276041746139526
1565204209.9601305,150,0.7541666626930237
1565204210.3925204,151,0.7338541746139526
1565204210.8259783,152,0.7385416626930237
1565204211.2608552,153,0.8197916746139526
1565204211.6980393,154,0.7489583492279053
1565204212.132907,155,0.770312488079071
1565204212.5681667,156,0.7890625
1565204213.0036273,157,0.692187488079071
1565204213.4372487,158,0.793749988079071
1565204213.8727198,159,0.8463541865348816
1565204214.3058429,160,0.7380208373069763
1565204214.740436,161,0.8958333134651184
1565204215.1739995,162,0.848437488079071
1565204215.6098287,163,0.840624988079071
1565204216.043095,164,0.840624988079071
1565204216.4782493,165,0.8067708611488342
1565204216.9132063,166,0.7281249761581421
1565204217.345664,167,0.7963541746139526
1565204217.780775,168,0.8776041865348816
1565204218.2135983,169,0.7828124761581421
1565204218.649416,170,0.8411458134651184
1565204219.0824184,171,0.793749988079071
1565204219.5210412,172,0.817187488079071
1565204219.9576604,173,0.8041666746139526
1565204220.3909907,174,0.7145833373069763
1565204220.8263452,175,0.684374988079071
1565204221.2613544,176,0.778124988079071
1565204221.6980693,177,0.6338541507720947
1565204222.1332881,178,0.7520833611488342
1565204222.5692651,179,0.4645833373069763
1565204223.0077024,180,0.7307291626930237
1565204223.4460747,181,0.832812488079071
1565204223.8830342,182,0.7906249761581421
1565204224.3161044,183,0.5718749761581421
1565204224.7510533,184,0.7963541746139526
1565204225.190693,185,0.8541666865348816
1565204225.626325,186,0.8276041746139526
1565204226.0652444,187,0.9088541865348816
1565204226.501638,188,0.824999988079071
1565204226.9360197,189,0.8229166865348816
1565204227.3715694,190,0.8197916746139526
1565204227.8125865,191,0.8489583134651184
1565204228.2475183,192,0.7567708492279053
1565204228.681536,193,0.809374988079071
1565204229.1172383,194,0.8145833611488342
1565204229.553458,195,0.731249988079071
1565204229.9898136,196,0.801562488079071
1565204230.459665,197,0.824999988079071
1565204230.9025059,198,0.8333333134651184
1565204231.340664,199,0.8432291746139526
