Wall time,Step,Value
1565204015.1214554,0,0.1008169949054718
1565204015.5625153,1,0.10036765038967133
1565204015.9842994,2,0.34379085898399353
1565204016.405595,3,0.4141339957714081
1565204016.824912,4,0.4658905267715454
1565204017.2481668,5,0.5267156958580017
1565204017.668714,6,0.469362735748291
1565204018.0889788,7,0.42904412746429443
1565204018.5107107,8,0.5458741784095764
1565204018.9307268,9,0.6222630739212036
1565204019.3507135,10,0.5159721970558167
1565204019.7731688,11,0.5081290602684021
1565204020.193355,12,0.35028594732284546
1565204020.615365,13,0.6263071894645691
1565204021.0357497,14,0.5866421461105347
1565204021.4660792,15,0.5937091708183289
1565204021.8867238,16,0.48292484879493713
1565204022.3068361,17,0.6670751571655273
1565204022.726752,18,0.49097222089767456
1565204023.1466181,19,0.6801878809928894
1565204023.5675392,20,0.5327614545822144
1565204023.9890225,21,0.6424428224563599
1565204024.4132,22,0.6175653338432312
1565204024.8360302,23,0.7384395599365234
1565204025.2569125,24,0.6539624333381653
1565204025.677273,25,0.696200966835022
1565204026.0983877,26,0.5718545913696289
1565204026.5209522,27,0.6391748189926147
1565204026.942711,28,0.5795751810073853
1565204027.3665717,29,0.7049428224563599
1565204027.7901483,30,0.6026552319526672
1565204028.2169898,31,0.5697304010391235
1565204028.634727,32,0.6366013288497925
1565204029.0513048,33,0.696200966835022
1565204029.4678526,34,0.6983251571655273
1565204029.8841712,35,0.7028186321258545
1565204030.305315,36,0.6691993474960327
1565204030.721964,37,0.728799045085907
1565204031.1426334,38,0.7383170127868652
1565204031.5602808,39,0.7547793984413147
1565204031.977058,40,0.7096405029296875
1565204032.3937182,41,0.7203840017318726
1565204032.8109992,42,0.674346387386322
1565204033.2294881,43,0.7028186321258545
1565204033.6660857,44,0.7075163125991821
1565204034.0844543,45,0.7527777552604675
1565204034.5009837,46,0.7401143908500671
1565204034.9176686,47,0.7796568870544434
1565204035.3444414,48,0.7669934630393982
1565204035.7703526,49,0.7683414816856384
1565204036.200061,50,0.7236519455909729
1565204036.6168227,51,0.7575980424880981
1565204037.0344794,52,0.7132353186607361
1565204037.4532835,53,0.7736111283302307
1565204037.8700423,54,0.64187091588974
1565204038.2881021,55,0.708088219165802
1565204038.704969,56,0.6475898623466492
1565204039.1219919,57,0.7722630500793457
1565204039.538912,58,0.7395424842834473
1565204039.9559488,59,0.7979166507720947
1565204040.3723392,60,0.7660947442054749
1565204040.7887132,61,0.8092319965362549
1565204041.2072105,62,0.7790849804878235
1565204041.6238606,63,0.8096813559532166
1565204042.0410397,64,0.7970179915428162
1565204042.4611459,65,0.8083333373069763
1565204042.8778212,66,0.7383170127868652
1565204043.2945974,67,0.804411768913269
1565204043.7114832,68,0.7805555462837219
1565204044.1340263,69,0.7592728734016418
1565204044.5575995,70,0.7279003262519836
1565204044.9788847,71,0.7766339778900146
1565204045.412828,72,0.7522059082984924
1565204045.8290749,73,0.7336192727088928
1565204046.246038,74,0.7701388597488403
1565204046.6676333,75,0.8069853186607361
1565204047.0866137,76,0.7900735139846802
1565204047.5034955,77,0.7961192727088928
1565204047.9204352,78,0.8357843160629272
1565204048.3374343,79,0.8283905386924744
1565204048.7546334,80,0.8326388597488403
1565204049.1715882,81,0.8218954205513
1565204049.5886312,82,0.8122549057006836
1565204050.0062256,83,0.8217728734016418
1565204050.422986,84,0.8323121070861816
1565204050.8401773,85,0.8383578658103943
1565204051.2572355,86,0.8240196108818054
1565204051.6750643,87,0.7613970637321472
1565204052.1021671,88,0.764297366142273
1565204052.5218391,89,0.8065359592437744
1565204052.938906,90,0.7558006644248962
1565204053.3557103,91,0.7640931606292725
1565204053.7740064,92,0.7610702514648438
1565204054.1913621,93,0.8309640288352966
1565204054.6080725,94,0.7983660101890564
1565204055.025152,95,0.8335375785827637
1565204055.4424763,96,0.8122549057006836
1565204055.8592038,97,0.8401552438735962
1565204056.2758017,98,0.7570261359214783
1565204056.692961,99,0.837459146976471
1565204057.1116505,100,0.837459146976471
1565204057.5286047,101,0.8270424604415894
1565204057.9478967,102,0.8413807153701782
1565204058.3644662,103,0.8057597875595093
1565204058.7814713,104,0.7469362616539001
1565204059.2068598,105,0.8508986830711365
1565204059.6259232,106,0.8383578658103943
1565204060.0446222,107,0.8475490212440491
1565204060.4632137,108,0.860089898109436
1565204060.8819427,109,0.8261438012123108
1565204061.3009584,110,0.8222222328186035
1565204061.7189393,111,0.7991421818733215
1565204062.140796,112,0.8469771146774292
1565204062.5592651,113,0.8270424604415894
1565204062.9857843,114,0.8170751929283142
1565204063.4037135,115,0.8291666507720947
1565204063.8219104,116,0.8382353186607361
1565204064.241147,117,0.807434618473053
1565204064.659936,118,0.8522467613220215
1565204065.0779564,119,0.8534722328186035
1565204065.4962564,120,0.8552696108818054
1565204065.914828,121,0.8469771146774292
1565204066.3335836,122,0.8752042651176453
1565204066.7530649,123,0.8622140288352966
1565204067.1747043,124,0.8543708920478821
1565204067.593174,125,0.8843954205513
1565204068.0111969,126,0.8483251929283142
1565204068.4291744,127,0.8382353186607361
1565204068.84709,128,0.8465277552604675
1565204069.2653236,129,0.868709146976471
1565204069.683699,130,0.8491013050079346
1565204070.1018887,131,0.8652369379997253
1565204070.5210207,132,0.8843954205513
1565204070.9391866,133,0.8566176295280457
1565204071.3572168,134,0.8730800747871399
1565204071.7860467,135,0.8552696108818054
1565204072.204177,136,0.8665849566459656
1565204072.6227944,137,0.8765522837638855
1565204073.0412374,138,0.8522467613220215
1565204073.459786,139,0.8465277552604675
1565204073.8784368,140,0.8379085063934326
1565204074.2963867,141,0.871282696723938
1565204074.7152205,142,0.8748774528503418
1565204075.1336198,143,0.8839460611343384
1565204075.5538664,144,0.8813725709915161
1565204075.9721258,145,0.8869689702987671
1565204076.3904657,146,0.8865196108818054
1565204076.8088806,147,0.8770016431808472
1565204077.2273777,148,0.8783496618270874
1565204077.64559,149,0.9017565250396729
1565204078.0638936,150,0.8714052438735962
1565204078.4826434,151,0.8874183297157288
1565204078.901228,152,0.8608660101890564
1565204079.3194685,153,0.8973855972290039
1565204079.7382162,154,0.8069853186607361
1565204080.1567101,155,0.8635621070861816
1565204080.596591,156,0.7858251929283142
1565204081.0150208,157,0.8365604281425476
1565204081.4335523,158,0.7714869379997253
1565204081.8522828,159,0.8278186321258545
1565204082.2734246,160,0.8110294342041016
1565204082.6961255,161,0.8149510025978088
1565204083.114676,162,0.8218954205513
1565204083.53405,163,0.8323121070861816
1565204083.9648404,164,0.8010621070861816
1565204084.3840034,165,0.8214460611343384
1565204084.8021147,166,0.8249183297157288
1565204085.2212892,167,0.8161764740943909
1565204085.640423,168,0.8040849566459656
1565204086.0589404,169,0.8057597875595093
1565204086.4794123,170,0.7601715922355652
1565204086.8985267,171,0.7346405386924744
1565204087.3172626,172,0.5508170127868652
1565204087.736476,173,0.7001225352287292
1565204088.1552486,174,0.621282696723938
1565204088.576921,175,0.679411768913269
1565204088.9959319,176,0.7138071656227112
1565204089.414604,177,0.6515114307403564
1565204089.8354092,178,0.7189542651176453
1565204090.2543402,179,0.7141339778900146
1565204090.6742342,180,0.5729983448982239
1565204091.0931928,181,0.746282696723938
1565204091.5126982,182,0.6937500238418579
1565204091.9317877,183,0.7779819965362549
1565204092.350449,184,0.7554738521575928
1565204092.7694046,185,0.8256944417953491
1565204093.1918318,186,0.7953431606292725
1565204093.6115203,187,0.8249183297157288
1565204094.0301456,188,0.8375816941261292
1565204094.4634573,189,0.8735294342041016
1565204094.8827105,190,0.8413807153701782
1565204095.3017995,191,0.8783496618270874
1565204095.720827,192,0.8635621070861816
1565204096.1402578,193,0.9009804129600525
1565204096.5589924,194,0.8978349566459656
1565204096.9775047,195,0.9113970398902893
1565204097.3961725,196,0.8878676295280457
1565204097.8162026,197,0.8852941393852234
1565204098.2358031,198,0.8878676295280457
1565204098.6547022,199,0.8917891979217529
