Wall time,Step,Value
1565204015.256105,0,0.1476934552192688
1565204015.6862729,1,0.1383928507566452
1565204016.099443,2,0.2529761791229248
1565204016.5146084,3,0.4665178656578064
1565204016.9286306,4,0.472842276096344
1565204017.3409715,5,0.4895833432674408
1565204017.752293,6,0.4947916567325592
1565204018.1635978,7,0.4270833432674408
1565204018.5746362,8,0.490327388048172
1565204018.98575,9,0.4966517984867096
1565204019.396727,10,0.4505208432674408
1565204019.809467,11,0.5948660969734192
1565204020.2219799,12,0.4787946343421936
1565204020.6326628,13,0.5725446343421936
1565204021.0438695,14,0.5
1565204021.4598362,15,0.4296875
1565204021.8714206,16,0.5625
1565204022.2824233,17,0.5479910969734192
1565204022.693193,18,0.3337053656578064
1565204023.1040697,19,0.466889888048172
1565204023.5173104,20,0.554315447807312
1565204023.928691,21,0.6811755895614624
1565204024.3406312,22,0.6075148582458496
1565204024.7512693,23,0.6298363208770752
1565204025.1636894,24,0.6633184552192688
1565204025.5749526,25,0.6607142686843872
1565204025.9860058,26,0.5137648582458496
1565204026.396774,27,0.5985863208770752
1565204026.8080778,28,0.5093005895614624
1565204027.2364647,29,0.6142113208770752
1565204027.6476777,30,0.6261160969734192
1565204028.0584626,31,0.6588541865348816
1565204028.4695613,32,0.527157723903656
1565204028.8843338,33,0.5840773582458496
1565204029.2954946,34,0.625372052192688
1565204029.7072248,35,0.6235119104385376
1565204030.119784,36,0.5725446343421936
1565204030.5300024,37,0.5438988208770752
1565204030.9405355,38,0.6982886791229248
1565204031.350902,39,0.5245535969734192
1565204031.7618494,40,0.4810267984867096
1565204032.1727557,41,0.6067708134651184
1565204032.5840826,42,0.5658482313156128
1565204032.9944735,43,0.5807291865348816
1565204033.4059587,44,0.527157723903656
1565204033.8163977,45,0.6726190447807312
1565204034.2286432,46,0.6231398582458496
1565204034.639866,47,0.6573660969734192
1565204035.0644083,48,0.6473214030265808
1565204035.4882824,49,0.7020089030265808
1565204035.899121,50,0.6235119104385376
1565204036.3141034,51,0.6875
1565204036.72732,52,0.7012648582458496
1565204037.1389594,53,0.7648809552192688
1565204037.5542355,54,0.6666666865348816
1565204037.9659853,55,0.7046130895614624
1565204038.3776863,56,0.6941964030265808
1565204038.790683,57,0.7641369104385376
1565204039.2090518,58,0.664434552192688
1565204039.620202,59,0.5870535969734192
1565204040.031739,60,0.777157723903656
1565204040.4467661,61,0.722842276096344
1565204040.8592534,62,0.8188244104385376
1565204041.2766001,63,0.7161458134651184
1565204041.6898818,64,0.7578125
1565204042.1014528,65,0.746279776096344
1565204042.5131125,66,0.694940447807312
1565204042.9250417,67,0.7447916865348816
1565204043.3361416,68,0.7607886791229248
1565204043.7483501,69,0.7507440447807312
1565204044.1595604,70,0.7451636791229248
1565204044.571347,71,0.7514880895614624
1565204044.984676,72,0.7901785969734192
1565204045.4080436,73,0.7633928656578064
1565204045.8202076,74,0.7805059552192688
1565204046.2323287,75,0.7991071343421936
1565204046.6448584,76,0.7433035969734192
1565204047.058165,77,0.8017113208770752
1565204047.469569,78,0.7723214030265808
1565204047.8820488,79,0.7898065447807312
1565204048.2941058,80,0.7819940447807312
1565204048.7057157,81,0.7819940447807312
1565204049.119055,82,0.785342276096344
1565204049.5332644,83,0.8210565447807312
1565204049.944109,84,0.7957589030265808
1565204050.3619065,85,0.812127947807312
1565204050.773816,86,0.769717276096344
1565204051.1944487,87,0.8407738208770752
1565204051.6075704,88,0.8292410969734192
1565204052.0223076,89,0.789434552192688
1565204052.4331808,90,0.7276785969734192
1565204052.8473997,91,0.8132440447807312
1565204053.258031,92,0.8095238208770752
1565204053.6705348,93,0.7961309552192688
1565204054.0841994,94,0.7920386791229248
1565204054.4998677,95,0.7946428656578064
1565204054.911395,96,0.8013392686843872
1565204055.3249278,97,0.8117559552192688
1565204055.7385259,98,0.8221726417541504
1565204056.152623,99,0.8407738208770752
1565204056.5645287,100,0.7842261791229248
1565204056.9752672,101,0.797247052192688
1565204057.3893611,102,0.8497023582458496
1565204057.8021352,103,0.8143601417541504
1565204058.21377,104,0.8013392686843872
1565204058.626721,105,0.777529776096344
1565204059.039839,106,0.754092276096344
1565204059.4529922,107,0.8184523582458496
1565204059.8640633,108,0.8210565447807312
1565204060.2758682,109,0.8392857313156128
1565204060.6876972,110,0.805059552192688
1565204061.1029038,111,0.8061755895614624
1565204061.5176969,112,0.7872023582458496
1565204061.929965,113,0.8578869104385376
1565204062.3419373,114,0.8236607313156128
1565204062.7565157,115,0.8139880895614624
1565204063.1678944,116,0.8351934552192688
1565204063.580127,117,0.8329613208770752
1565204063.992565,118,0.8578869104385376
1565204064.4064236,119,0.8418898582458496
1565204064.8239677,120,0.8273809552192688
1565204065.2364345,121,0.8381696343421936
1565204065.6487916,122,0.8106398582458496
1565204066.0604413,123,0.8459821343421936
1565204066.4736853,124,0.8143601417541504
1565204066.8851027,125,0.8470982313156128
1565204067.2990053,126,0.8221726417541504
1565204067.7118313,127,0.8232886791229248
1565204068.1274621,128,0.8642113208770752
1565204068.5416958,129,0.8627232313156128
1565204068.9539304,130,0.8720238208770752
1565204069.365569,131,0.8697916865348816
1565204069.779799,132,0.8683035969734192
1565204070.1954377,133,0.8497023582458496
1565204070.6094491,134,0.8616071343421936
1565204071.022336,135,0.8377976417541504
1565204071.4406958,136,0.8720238208770752
1565204071.8776338,137,0.8802083134651184
1565204072.2909336,138,0.8563988208770752
1565204072.7041287,139,0.828497052192688
1565204073.1170127,140,0.8039434552192688
1565204073.5299928,141,0.8377976417541504
1565204073.9435236,142,0.8575148582458496
1565204074.356556,143,0.859002947807312
1565204074.7698498,144,0.8642113208770752
1565204075.1825228,145,0.8072916865348816
1565204075.596168,146,0.8813244104385376
1565204076.0089998,147,0.8679315447807312
1565204076.4221022,148,0.8772321343421936
1565204076.8362854,149,0.8601190447807312
1565204077.2503374,150,0.8575148582458496
1565204077.6635444,151,0.8586309552192688
1565204078.0770733,152,0.8560267686843872
1565204078.4900506,153,0.8653273582458496
1565204078.9033158,154,0.866815447807312
1565204079.316445,155,0.8932291865348816
1565204079.7309775,156,0.8683035969734192
1565204080.1466763,157,0.878720223903656
1565204080.561186,158,0.8545386791229248
1565204080.974848,159,0.8653273582458496
1565204081.3890083,160,0.894345223903656
1565204081.8298793,161,0.8917410969734192
1565204082.2442713,162,0.8850446343421936
1565204082.658081,163,0.9088541865348816
1565204083.071397,164,0.8523065447807312
1565204083.4881163,165,0.8958333134651184
1565204083.901046,166,0.8638392686843872
1565204084.314017,167,0.847470223903656
1565204084.7280967,168,0.8288690447807312
1565204085.1425493,169,0.8311011791229248
1565204085.5562842,170,0.882440447807312
1565204085.9704423,171,0.8880208134651184
1565204086.3842986,172,0.8694196343421936
1565204086.7980106,173,0.8374255895614624
1565204087.2120035,174,0.905877947807312
1565204087.6258316,175,0.8835565447807312
1565204088.0386412,176,0.913690447807312
1565204088.452246,177,0.8273809552192688
1565204088.8893611,178,0.909970223903656
1565204089.3061223,179,0.8928571343421936
1565204089.7206697,180,0.9229910969734192
1565204090.13373,181,0.867559552192688
1565204090.5488937,182,0.8939732313156128
1565204090.965105,183,0.8534226417541504
1565204091.3793285,184,0.8705357313156128
1565204091.7943861,185,0.9010416865348816
1565204092.2095726,186,0.882440447807312
1565204092.6492083,187,0.8627232313156128
1565204093.061974,188,0.8798363208770752
1565204093.4753234,189,0.882440447807312
1565204093.8888013,190,0.8995535969734192
1565204094.3020725,191,0.878720223903656
1565204094.7206414,192,0.8861607313156128
1565204095.1342645,193,0.9244791865348816
1565204095.5502648,194,0.8794642686843872
1565204095.96472,195,0.8876488208770752
1565204096.3788593,196,0.8779761791229248
1565204096.7944896,197,0.9047619104385376
1565204097.2086723,198,0.9017857313156128
1565204097.6245174,199,0.898065447807312
