Wall time,Step,Value
1565122552.633476,0,0.1640625
1565122555.2204123,1,0.203125
1565122557.8018224,2,0.203125
1565122560.381846,3,0.203125
1565122562.9828975,4,0.1223958358168602
1565122565.578095,5,0.109375
1565122568.185731,6,0.2135416716337204
1565122570.7741594,7,0.1171875
1565122573.3874826,8,0.2395833283662796
1565122575.989102,9,0.1197916641831398
1565122578.5603075,10,0.1979166716337204
1565122581.1468227,11,0.1197916641831398
1565122583.7405767,12,0.1588541716337204
1565122586.3298125,13,0.1588541716337204
1565122588.933651,14,0.1588541716337204
1565122591.5132878,15,0.1197916641831398
1565122594.0823839,16,0.1223958358168602
1565122596.6645584,17,0.1197916641831398
1565122599.2391713,18,0.15625
1565122601.8007257,19,0.1223958358168602
1565122604.391185,20,0.1588541716337204
1565122607.0033193,21,0.1588541716337204
1565122609.604077,22,0.1770833283662796
1565122612.169403,23,0.1380208283662796
1565122614.7505932,24,0.1145833358168602
1565122617.3270457,25,0.21875
1565122619.8894207,26,0.1588541716337204
1565122622.465207,27,0.1796875
1565122625.0408142,28,0.2213541716337204
1565122627.6206708,29,0.1328125
1565122630.204186,30,0.2473958283662796
1565122632.781423,31,0.2005208283662796
1565122635.3533514,32,0.1432291716337204
1565122637.9181268,33,0.234375
1565122640.5007222,34,0.2838541567325592
1565122643.0842953,35,0.203125
1565122645.6759183,36,0.1197916641831398
1565122648.2519171,37,0.1380208283662796
1565122650.8275218,38,0.1536458283662796
1565122653.418264,39,0.1614583283662796
1565122656.0322251,40,0.1796875
1565122658.6391149,41,0.203125
1565122661.2210548,42,0.1666666716337204
1565122663.829477,43,0.1640625
1565122666.4473746,44,0.21875
1565122669.0605013,45,0.1979166716337204
1565122671.6497886,46,0.1822916716337204
1565122674.2588706,47,0.203125
1565122676.8604136,48,0.1223958358168602
1565122679.4461415,49,0.1979166716337204
1565122682.0554311,50,0.2630208432674408
1565122684.6568847,51,0.203125
1565122687.2393255,52,0.28125
1565122689.8280847,53,0.15625
1565122692.3989396,54,0.2291666716337204
1565122694.982601,55,0.1770833283662796
1565122697.5706532,56,0.1432291716337204
1565122700.1604567,57,0.1848958283662796
1565122702.7413654,58,0.1484375
1565122705.348838,59,0.1640625
1565122707.951357,60,0.203125
1565122710.5482035,61,0.203125
1565122713.1502893,62,0.1640625
1565122715.7478986,63,0.203125
1565122718.3654351,64,0.1640625
1565122720.9637153,65,0.1640625
1565122723.5733497,66,0.203125
1565122726.1636338,67,0.125
1565122728.7452505,68,0.125
1565122731.3331501,69,0.1640625
1565122733.9342759,70,0.1640625
1565122736.5363023,71,0.125
1565122739.1331155,72,0.125
1565122741.7184925,73,0.203125
1565122744.340362,74,0.1640625
1565122746.9257329,75,0.125
1565122749.5259457,76,0.1640625
1565122752.1127574,77,0.203125
1565122754.7009385,78,0.125
1565122757.3062332,79,0.1640625
1565122759.8839796,80,0.1640625
1565122762.4930909,81,0.203125
1565122765.0922406,82,0.125
1565122767.6676269,83,0.203125
1565122770.236875,84,0.125
1565122772.8275225,85,0.203125
1565122775.4006789,86,0.125
1565122777.97844,87,0.203125
1565122780.5482202,88,0.1640625
1565122783.1130376,89,0.125
1565122785.7122474,90,0.203125
1565122788.3217764,91,0.1640625
1565122790.9345274,92,0.1640625
1565122793.5386665,93,0.203125
1565122796.1452134,94,0.203125
1565122798.7371824,95,0.2421875
1565122801.318718,96,0.125
1565122803.8905802,97,0.125
1565122806.4960935,98,0.2421875
1565122809.07283,99,0.1640625
1565122811.6577377,100,0.125
1565122814.268401,101,0.1640625
1565122816.8771381,102,0.1640625
1565122819.4507313,103,0.1640625
1565122822.0401394,104,0.1640625
1565122824.6245508,105,0.125
1565122827.221787,106,0.125
1565122829.7988327,107,0.203125
1565122832.3810601,108,0.125
1565122834.9636986,109,0.125
1565122837.5699582,110,0.203125
1565122840.150497,111,0.125
1565122842.742889,112,0.1640625
1565122845.329806,113,0.125
1565122847.9112506,114,0.2421875
1565122850.5005095,115,0.203125
1565122853.090137,116,0.1640625
1565122855.667994,117,0.203125
1565122858.2636266,118,0.1640625
1565122860.8827674,119,0.125
1565123109.7472255,120,0.1640625
1565123112.325731,121,0.1640625
1565123114.936136,122,0.1640625
1565123117.5430815,123,0.125
1565123120.1431882,124,0.125
1565123122.7172463,125,0.125
1565123125.3207836,126,0.203125
1565123127.9302444,127,0.203125
1565123130.5221474,128,0.203125
1565123133.1302218,129,0.1640625
1565123135.7372952,130,0.203125
1565123138.3255956,131,0.203125
1565123140.9122038,132,0.125
1565123143.497521,133,0.125
1565123146.0837839,134,0.125
1565123148.6839018,135,0.125
1565123151.2830648,136,0.125
1565123153.894527,137,0.1640625
1565123156.501098,138,0.1640625
1565123159.1240017,139,0.125
1565123161.7373238,140,0.203125
1565123164.334054,141,0.1640625
1565123166.9189157,142,0.125
1565123169.5190306,143,0.1640625
1565123172.1096644,144,0.125
1565123174.690579,145,0.2421875
1565123177.3139105,146,0.125
1565123179.9039001,147,0.1640625
1565123182.4936237,148,0.125
1565123185.0586224,149,0.28125
1565123187.6286669,150,0.125
1565123190.2259228,151,0.1640625
1565123192.8306081,152,0.125
1565123195.454135,153,0.1640625
1565123198.2874708,154,0.125
1565123200.8901284,155,0.1640625
1565123203.488237,156,0.125
1565123206.0886972,157,0.1640625
1565123208.6938727,158,0.203125
1565123211.3080869,159,0.125
1565123213.9017131,160,0.1640625
1565123216.5067718,161,0.125
1565123219.143559,162,0.203125
1565123221.7473228,163,0.1640625
1565123224.342054,164,0.1640625
1565123226.931001,165,0.125
1565123229.5419698,166,0.203125
1565123232.1493652,167,0.125
1565123234.7394695,168,0.1640625
1565123237.351291,169,0.1640625
1565123239.9553719,170,0.203125
1565123242.6159933,171,0.125
1565123245.190572,172,0.125
1565123247.780244,173,0.1640625
1565123250.3694065,174,0.125
1565123252.9570773,175,0.1640625
1565123255.5490146,176,0.203125
1565123258.1323328,177,0.1640625
1565123260.7015676,178,0.203125
1565123263.3011289,179,0.203125
1565123265.9104722,180,0.2421875
1565123268.506655,181,0.125
1565123271.106042,182,0.1640625
1565123273.7201548,183,0.1640625
1565123276.3144574,184,0.2421875
1565123278.9188244,185,0.203125
1565123281.5158544,186,0.125
1565123284.1140645,187,0.1640625
1565123286.700084,188,0.1640625
1565123289.279127,189,0.1640625
1565123291.855198,190,0.2421875
1565123294.4635508,191,0.1640625
1565123297.0677938,192,0.1640625
1565123299.7127364,193,0.2421875
1565123302.3081706,194,0.1640625
1565123304.9193647,195,0.125
1565123307.491402,196,0.203125
1565123310.1070886,197,0.1640625
1565123312.7146826,198,0.1640625
1565123315.3157196,199,0.1640625
