Wall time,Step,Value
1565122657.3417418,0,0.11381173133850098
1565122660.2343729,1,0.1320730447769165
1565122663.1125462,2,0.13078702986240387
1565122666.0622327,3,0.1633230447769165
1565122668.9665759,4,0.17811213433742523
1565122671.820163,5,0.1769547313451767
1565122674.70557,6,0.19650205969810486
1565122677.5858529,7,0.1734825074672699
1565122680.4528258,8,0.18672838807106018
1565122683.3743854,9,0.16936728358268738
1565122686.282838,10,0.19302983582019806
1565122689.1708646,11,0.18955761194229126
1565122692.0956628,12,0.20254629850387573
1565122695.0186725,13,0.2084619402885437
1565122697.9356692,14,0.18325617909431458
1565122700.8509305,15,0.18325617909431458
1565122703.7166955,16,0.16023662686347961
1565122706.5720518,17,0.15419238805770874
1565122709.422628,18,0.15097737312316895
1565122712.276659,19,0.2294238656759262
1565122715.193674,20,0.16177983582019806
1565122718.1077907,21,0.16177983582019806
1565122720.9731023,22,0.19212962687015533
1565122723.8906164,23,0.1667952686548233
1565122726.817611,24,0.17759773135185242
1565122729.7684088,25,0.19020061194896698
1565122732.7060695,26,0.1980452686548233
1565122735.6508884,27,0.2119341492652893
1565122738.562777,28,0.16435185074806213
1565122741.4071,29,0.1665380597114563
1565122744.2853482,30,0.14120370149612427
1565122747.164672,31,0.14724794030189514
1565122750.0405557,32,0.1838991791009903
1565122752.9114132,33,0.15483538806438446
1565122755.759247,34,0.2047325074672699
1565122758.62643,35,0.20756173133850098
1565122761.5082495,36,0.1949588507413864
1565122764.3915768,37,0.13425925374031067
1565122767.2768672,38,0.14441873133182526
1565122770.1519082,39,0.16460905969142914
1565122773.0683928,40,0.18891461193561554
1565122775.9440002,41,0.16743826866149902
1565122778.798078,42,0.17219650745391846
1565122781.7248766,43,0.1871141940355301
1565122784.6073554,44,0.13117283582687378
1565122787.4763734,45,0.17849794030189514
1565122790.360893,46,0.16962449252605438
1565122793.2474809,47,0.17091049253940582
1565122796.1335397,48,0.19611625373363495
1565122799.0211608,49,0.19302983582019806
1565122801.9006634,50,0.2079475373029709
1565122804.7923155,51,0.20949074625968933
1565122807.6694202,52,0.15097737312316895
1565122810.5210476,53,0.2047325074672699
1565122813.4029028,54,0.20884773135185242
1565122816.3525846,55,0.21643517911434174
1565122819.2400005,56,0.15830761194229126
1565122822.1207635,57,0.21579217910766602
1565122825.0022185,58,0.21103395521640778
1565122827.8908746,59,0.21322016417980194
1565122830.7848423,60,0.21579217910766602
1565122833.6695085,61,0.21965020895004272
1565122836.5231807,62,0.21643517911434174
1565122839.370273,63,0.21643517911434174
1565122842.2344267,64,0.2148919701576233
1565122845.1238031,65,0.2183641940355301
1565122848.037414,66,0.2043467015028
1565122850.9958951,67,0.2043467015028
1565122853.8916643,68,0.21013374626636505
1565122856.7738686,69,0.20949074625968933
1565122859.6770756,70,0.21077674627304077
1565122862.596775,71,0.20923353731632233
1565123116.482163,72,0.21643517911434174
1565123119.3436327,73,0.20408950746059418
1565123122.2071736,74,0.20344650745391846
1565123125.1207352,75,0.2116769552230835
1565123128.0750287,76,0.20601852238178253
1565123131.026003,77,0.20318929851055145
1565123133.9681723,78,0.21013374626636505
1565123136.8599892,79,0.20537550747394562
1565123139.7264922,80,0.20318929851055145
1565123142.5820892,81,0.21013374626636505
1565123145.4407203,82,0.2082047313451767
1565123148.3066552,83,0.20537550747394562
1565123151.1906452,84,0.20408950746059418
1565123154.1249475,85,0.2079475373029709
1565123156.9733639,86,0.2015174925327301
1565123159.8504634,87,0.20408950746059418
1565123162.740431,88,0.20280349254608154
1565123165.5910797,89,0.20280349254608154
1565123168.491615,90,0.19997428357601166
1565123171.437891,91,0.21643517911434174
1565123174.382314,92,0.21450617909431458
1565123177.3433964,93,0.2047325074672699
1565123180.253445,94,0.21424897015094757
1565123183.1312413,95,0.21579217910766602
1565123186.004598,96,0.20563271641731262
1565123188.8647852,97,0.20884773135185242
1565123191.7137544,98,0.21965020895004272
1565123194.6181078,99,0.20884773135185242
1565123198.6027231,100,0.2019032984972
1565123201.5302377,101,0.21231995522975922
1565123204.3799586,102,0.20280349254608154
1565123207.2134814,103,0.20280349254608154
1565123210.1273685,104,0.21707819402217865
1565123213.0278068,105,0.22055041790008545
1565123215.944753,106,0.20318929851055145
1565123218.8203113,107,0.2151491791009903
1565123221.6768086,108,0.21231995522975922
1565123224.5953755,109,0.21579217910766602
1565123227.485711,110,0.21296297013759613
1565123230.370432,111,0.20756173133850098
1565123233.283385,112,0.2082047313451767
1565123236.1973267,113,0.2082047313451767
1565123239.117358,114,0.20216049253940582
1565123241.9842737,115,0.2043467015028
1565123244.8414488,116,0.18197016417980194
1565123247.750655,117,0.20884773135185242
1565123250.6776621,118,0.20601852238178253
1565123253.5387712,119,0.2116769552230835
1565123256.3912902,120,0.19598765671253204
1565123259.2451944,121,0.2082047313451767
1565123262.108724,122,0.21039094030857086
1565123264.9584947,123,0.2082047313451767
1565123267.8882823,124,0.22813786566257477
1565123270.8085256,125,0.1529063731431961
1565123273.7187533,126,0.21772119402885437
1565123276.621326,127,0.2183641940355301
1565123279.4683585,128,0.2220936268568039
1565123282.3788545,129,0.21926440298557281
1565123285.2385879,130,0.21707819402217865
1565123288.0907316,131,0.15676440298557281
1565123290.911815,132,0.19534465670585632
1565123293.7309613,133,0.2116769552230835
1565123296.5487623,134,0.20216049253940582
1565123299.3699515,135,0.14338991045951843
1565123302.293207,136,0.18672838807106018
1565123305.1996384,137,0.22119341790676117
1565123308.0908296,138,0.22080761194229126
1565123310.9995444,139,0.21424897015094757
1565123313.849577,140,0.20344650745391846
1565123316.7712123,141,0.22337962687015533
1565123319.6846526,142,0.20666152238845825
1565123322.5317273,143,0.22402262687683105
1565123325.3707478,144,0.20601852238178253
1565123328.3075175,145,0.2259516417980194
1565123331.2130198,146,0.22119341790676117
1565123334.1222506,147,0.21579217910766602
1565123337.0326247,148,0.21231995522975922
1565123339.8788142,149,0.2119341492652893
1565123342.7905116,150,0.20730452239513397
1565123345.6973667,151,0.21772119402885437
1565123348.6133463,152,0.21772119402885437
1565123351.508748,153,0.22363683581352234
1565123354.3760521,154,0.21733538806438446
1565123357.294972,155,0.219007208943367
1565123360.1554573,156,0.16460905969142914
1565123363.00292,157,0.16589505970478058
1565123365.9183073,158,0.17759773135185242
1565123368.8091247,159,0.21360597014427185
1565123371.7239184,160,0.21296297013759613
1565123374.5768094,161,0.22119341790676117
1565123377.4339952,162,0.22337962687015533
1565123380.2856944,163,0.22466564178466797
1565123383.1482008,164,0.1595936268568039
1565123385.9890485,165,0.21360597014427185
1565123388.8232474,166,0.21231995522975922
1565123391.733417,167,0.22145061194896698
1565123394.6368222,168,0.22080761194229126
1565123397.540566,169,0.22337962687015533
1565123400.4415464,170,0.21733538806438446
1565123403.338801,171,0.23096707463264465
1565123406.1868184,172,0.19997428357601166
1565123409.0142713,173,0.2259516417980194
1565123411.9097483,174,0.21733538806438446
1565123414.8101828,175,0.21797838807106018
1565123417.7215855,176,0.21926440298557281
1565123420.6221828,177,0.21643517911434174
1565123423.5367494,178,0.21322016417980194
1565123426.405785,179,0.19714505970478058
1565123429.2480035,180,0.21643517911434174
1565123432.1680856,181,0.21103395521640778
1565123435.0886214,182,0.21579217910766602
1565123437.943077,183,0.21360597014427185
1565123440.8064516,184,0.21013374626636505
1565123443.6686816,185,0.15547838807106018
1565123446.52776,186,0.21231995522975922
1565123449.3788989,187,0.21797838807106018
1565123452.2715385,188,0.15136316418647766
1565123455.1678824,189,0.21103395521640778
1565123458.0614731,190,0.15444958209991455
1565123460.9556272,191,0.15792180597782135
1565123463.8650284,192,0.21296297013759613
1565123466.7870164,193,0.21733538806438446
1565123469.69758,194,0.1633230447769165
1565123472.6052883,195,0.21797838807106018
1565123475.4678447,196,0.21990740299224854
1565123478.3823345,197,0.21926440298557281
1565123481.2914126,198,0.2218364179134369
1565123484.1496398,199,0.20884773135185242
