Wall time,Step,Value
1565122412.0691056,0,0.1180555522441864
1565122414.7588303,1,0.1180555522441864
1565122417.41953,2,0.1180555522441864
1565122420.0870867,3,0.1493055522441864
1565122422.7334914,4,0.1597222238779068
1565122425.4103165,5,0.1840277761220932
1565122428.0833058,6,0.1493055522441864
1565122430.757785,7,0.1631944477558136
1565122433.4021304,8,0.1493055522441864
1565122436.0607965,9,0.2083333283662796
1565122438.734245,10,0.1597222238779068
1565122441.408234,11,0.1354166716337204
1565122444.0658724,12,0.1284722238779068
1565122446.7185462,13,0.1284722238779068
1565122449.4054215,14,0.1458333283662796
1565122452.0650442,15,0.1493055522441864
1565122454.7252123,16,0.1597222238779068
1565122457.3762887,17,0.1597222238779068
1565122460.0391304,18,0.1388888955116272
1565122462.6931748,19,0.125
1565122465.3498743,20,0.1597222238779068
1565122468.0133448,21,0.15625
1565122470.6678898,22,0.1388888955116272
1565122473.3196461,23,0.1979166716337204
1565122475.9963007,24,0.125
1565122478.6543205,25,0.1423611044883728
1565122481.3215017,26,0.1979166716337204
1565122484.0007117,27,0.2222222238779068
1565122486.6550586,28,0.1458333283662796
1565122489.322743,29,0.1770833283662796
1565122491.9737158,30,0.2083333283662796
1565122494.6362016,31,0.2118055522441864
1565122497.2946105,32,0.125
1565122499.9503093,33,0.1423611044883728
1565122502.606157,34,0.1701388955116272
1565122505.258805,35,0.1597222238779068
1565122507.9176996,36,0.1284722238779068
1565122510.579602,37,0.1458333283662796
1565122513.2429204,38,0.1458333283662796
1565122515.9143157,39,0.1597222238779068
1565122518.5777588,40,0.1423611044883728
1565122521.2355788,41,0.125
1565122523.9088593,42,0.1597222238779068
1565122526.557749,43,0.2083333283662796
1565122529.2153828,44,0.15625
1565122531.8886003,45,0.125
1565122534.5523431,46,0.1840277761220932
1565122537.21947,47,0.1458333283662796
1565122539.873021,48,0.1388888955116272
1565122542.5237648,49,0.1388888955116272
1565122545.1834476,50,0.1527777761220932
1565122547.8326037,51,0.1493055522441864
1565122550.484856,52,0.1527777761220932
1565122553.1322968,53,0.1527777761220932
1565122555.7839417,54,0.2048611044883728
1565122558.4489074,55,0.1805555522441864
1565122561.1134288,56,0.1631944477558136
1565122563.7750368,57,0.1631944477558136
1565122566.4232967,58,0.15625
1565122569.0703175,59,0.1944444477558136
1565122571.7232156,60,0.2361111044883728
1565122574.3729994,61,0.2395833283662796
1565122577.0432746,62,0.21875
1565122579.7120998,63,0.2222222238779068
1565122582.3788202,64,0.2361111044883728
1565122585.0492296,65,0.1875
1565122587.722248,66,0.1979166716337204
1565122590.3851814,67,0.2048611044883728
1565122593.0595431,68,0.21875
1565122595.735222,69,0.1875
1565122598.4141064,70,0.2222222238779068
1565122601.0855596,71,0.2083333283662796
1565122603.7600262,72,0.2083333283662796
1565122606.4335985,73,0.1944444477558136
1565122609.1080415,74,0.2604166567325592
1565122611.7849195,75,0.2118055522441864
1565122614.4591546,76,0.2395833283662796
1565122617.1368809,77,0.2222222238779068
1565122619.7780201,78,0.25
1565122622.4511888,79,0.1666666716337204
1565122625.1227024,80,0.1388888955116272
1565122627.7990298,81,0.1736111044883728
1565122630.4751158,82,0.1875
1565122633.1568754,83,0.1423611044883728
1565122635.8325112,84,0.1319444477558136
1565122638.497015,85,0.1701388955116272
1565122641.1779048,86,0.1423611044883728
1565122643.8468459,87,0.1423611044883728
1565122646.527735,88,0.1458333283662796
1565122649.1854272,89,0.1458333283662796
1565122651.8614807,90,0.1458333283662796
1565122654.5346386,91,0.1527777761220932
1565122657.199539,92,0.1215277761220932
1565122659.86849,93,0.1527777761220932
1565122662.5076056,94,0.125
1565122665.180255,95,0.1458333283662796
1565122667.8506486,96,0.1319444477558136
1565122670.5284173,97,0.1597222238779068
1565122673.1893651,98,0.1458333283662796
1565122675.8476543,99,0.1354166716337204
1565122678.502023,100,0.1180555522441864
1565122681.1669672,101,0.125
1565122683.809923,102,0.1423611044883728
1565122686.4626734,103,0.125
1565122689.1096714,104,0.1354166716337204
1565122691.7825613,105,0.0972222238779068
1565122694.457345,106,0.1423611044883728
1565122697.1223247,107,0.1458333283662796
1565122699.798766,108,0.1423611044883728
1565122702.4781034,109,0.1423611044883728
1565122705.1447206,110,0.1319444477558136
1565122707.8205545,111,0.1458333283662796
1565122710.49173,112,0.1805555522441864
1565122713.1671987,113,0.1319444477558136
1565122715.8451262,114,0.1736111044883728
1565122718.4988441,115,0.1284722238779068
1565122721.1748004,116,0.1284722238779068
1565122723.845376,117,0.1493055522441864
1565122726.512044,118,0.1284722238779068
1565122729.1895735,119,0.1111111119389534
1565122731.8688686,120,0.1388888955116272
1565122734.523255,121,0.1388888955116272
1565122737.1647806,122,0.1423611044883728
1565122739.84608,123,0.1111111119389534
1565122742.5109453,124,0.1215277761220932
1565122745.1833065,125,0.1215277761220932
1565122747.8592916,126,0.1180555522441864
1565122750.527273,127,0.1180555522441864
1565122753.2043157,128,0.1215277761220932
1565122755.8967044,129,0.1215277761220932
1565122758.5587583,130,0.1284722238779068
1565122761.2205706,131,0.1388888955116272
1565122763.8967957,132,0.1076388880610466
1565122766.557673,133,0.1423611044883728
1565122769.2267048,134,0.1215277761220932
1565122771.900219,135,0.1180555522441864
1565122774.5739028,136,0.1458333283662796
1565122777.2462063,137,0.1319444477558136
1565122779.9270737,138,0.1180555522441864
1565122782.5992937,139,0.125
1565122785.2715712,140,0.1770833283662796
1565122787.9470026,141,0.1458333283662796
1565122790.6249514,142,0.1388888955116272
1565122793.2981603,143,0.1423611044883728
1565122795.9694967,144,0.1423611044883728
1565122798.641934,145,0.1423611044883728
1565122801.3151662,146,0.1215277761220932
1565122803.985145,147,0.1423611044883728
1565122806.649323,148,0.1284722238779068
1565122809.3191388,149,0.1180555522441864
1565122811.9871557,150,0.1180555522441864
1565122814.642828,151,0.125
1565122817.298172,152,0.1423611044883728
1565122819.9667392,153,0.1423611044883728
1565122822.642869,154,0.1458333283662796
1565122825.3022995,155,0.1770833283662796
1565122827.9760075,156,0.1388888955116272
1565122830.649968,157,0.1180555522441864
1565122833.325521,158,0.1666666716337204
1565122835.986508,159,0.1284722238779068
1565122838.6535206,160,0.1597222238779068
1565122841.3213658,161,0.125
1565122843.9964125,162,0.1111111119389534
1565122846.6666274,163,0.125
1565122849.4001446,164,0.125
1565122852.0759113,165,0.1423611044883728
1565122854.7479787,166,0.1388888955116272
1565122857.4133468,167,0.125
1565122860.0792778,168,0.15625
1565122862.7511218,169,0.1666666716337204
1565122963.0784802,170,0.1631944477558136
1565123117.3288689,171,0.1215277761220932
1565123119.9982152,172,0.1423611044883728
1565123122.6699288,173,0.1597222238779068
1565123125.3428202,174,0.1527777761220932
1565123128.0114565,175,0.1493055522441864
1565123130.680347,176,0.1388888955116272
1565123133.3517423,177,0.1493055522441864
1565123136.020946,178,0.1736111044883728
1565123138.6913502,179,0.1701388955116272
1565123141.356122,180,0.1354166716337204
1565123144.0285733,181,0.1701388955116272
1565123146.6861775,182,0.1527777761220932
1565123149.346348,183,0.1805555522441864
1565123152.0035443,184,0.1805555522441864
1565123154.6677303,185,0.1736111044883728
1565123157.3270605,186,0.1423611044883728
1565123160.0096653,187,0.1527777761220932
1565123162.6839633,188,0.1354166716337204
1565123165.3410933,189,0.1180555522441864
1565123167.9836295,190,0.1111111119389534
1565123170.6313329,191,0.1458333283662796
1565123173.2975929,192,0.1354166716337204
1565123175.942123,193,0.1458333283662796
1565123178.6114004,194,0.1527777761220932
1565123181.2793207,195,0.1423611044883728
1565123183.9495132,196,0.1388888955116272
1565123186.6196246,197,0.1215277761220932
1565123189.2723134,198,0.1180555522441864
1565123191.9151235,199,0.1180555522441864
