Wall time,Step,Value
1565121959.3433034,0,0.12731482088565826
1565121961.9012933,1,0.12384258955717087
1565121964.4349544,2,0.125
1565121966.951031,3,0.12962962687015533
1565121969.4441504,4,0.17824074625968933
1565121971.9432468,5,0.1701388955116272
1565121974.4645226,6,0.21296297013759613
1565121976.9961004,7,0.19560185074806213
1565121979.502878,8,0.19907407462596893
1565121982.0119224,9,0.1979166716337204
1565121984.5300884,10,0.1944444477558136
1565121987.0737472,11,0.20023147761821747
1565121989.5964904,12,0.19212962687015533
1565121992.0994892,13,0.20717592537403107
1565121994.6120834,14,0.19675925374031067
1565121997.1203341,15,0.2083333283662796
1565121999.6338763,16,0.20717592537403107
1565122002.1698546,17,0.20370370149612427
1565122004.7183414,18,0.1944444477558136
1565122007.2582934,19,0.20601852238178253
1565122009.7595403,20,0.21643517911434174
1565122012.2710664,21,0.24884259700775146
1565122014.8050725,22,0.18981482088565826
1565122017.3292754,23,0.20949074625968933
1565122019.8675065,24,0.23148147761821747
1565122022.411351,25,0.21064814925193787
1565122024.9194586,26,0.18287037312984467
1565122027.410846,27,0.2048611044883728
1565122029.9172988,28,0.20601852238178253
1565122032.4266627,29,0.20254629850387573
1565122034.9426944,30,0.20254629850387573
1565122037.4606721,31,0.2013888955116272
1565122039.9773152,32,0.19907407462596893
1565122042.4990048,33,0.20949074625968933
1565122045.003865,34,0.19560185074806213
1565122047.517352,35,0.20717592537403107
1565122050.0489178,36,0.2013888955116272
1565122052.5996375,37,0.1736111044883728
1565122055.139098,38,0.1770833283662796
1565122057.67766,39,0.18171297013759613
1565122060.2176986,40,0.1840277761220932
1565122062.7488947,41,0.18518517911434174
1565122065.2602327,42,0.22106482088565826
1565122067.799132,43,0.2013888955116272
1565122070.320044,44,0.1701388955116272
1565122072.8330197,45,0.17245370149612427
1565122075.3522027,46,0.21643517911434174
1565122077.865955,47,0.2013888955116272
1565122080.408776,48,0.20254629850387573
1565122082.9536488,49,0.2152777761220932
1565122085.485152,50,0.1736111044883728
1565122087.9908116,51,0.14004629850387573
1565122090.519974,52,0.17476852238178253
1565122093.0329509,53,0.18171297013759613
1565122095.5651133,54,0.17939814925193787
1565122098.0991478,55,0.17476852238178253
1565122100.638306,56,0.18518517911434174
1565122103.1671696,57,0.1840277761220932
1565122105.6849298,58,0.1736111044883728
1565122108.1959202,59,0.18634259700775146
1565122110.7212021,60,0.18287037312984467
1565122113.2235491,61,0.13657407462596893
1565122115.7501495,62,0.1215277761220932
1565122118.2874055,63,0.17476852238178253
1565122120.7932973,64,0.14004629850387573
1565122123.3034077,65,0.18518517911434174
1565122125.8228052,66,0.17592592537403107
1565122128.3452265,67,0.19328702986240387
1565122130.8657658,68,0.15856482088565826
1565122133.393919,69,0.1770833283662796
1565122135.9394171,70,0.1736111044883728
1565122138.4778824,71,0.20717592537403107
1565122141.0235167,72,0.1979166716337204
1565122143.569213,73,0.20717592537403107
1565122146.0648332,74,0.19675925374031067
1565122148.5967972,75,0.17245370149612427
1565122151.1136212,76,0.1215277761220932
1565122153.6261785,77,0.15740740299224854
1565122156.16986,78,0.2048611044883728
1565122158.7200038,79,0.1909722238779068
1565122161.2572958,80,0.15740740299224854
1565122163.7837095,81,0.19907407462596893
1565122166.3189726,82,0.1944444477558136
1565122168.8579946,83,0.14004629850387573
1565122171.3996134,84,0.22337962687015533
1565122173.954465,85,0.1979166716337204
1565122176.4946802,86,0.18981482088565826
1565122179.0371258,87,0.1701388955116272
1565122181.572039,88,0.17245370149612427
1565122184.1137645,89,0.21296297013759613
1565122186.6737337,90,0.20254629850387573
1565122189.2124648,91,0.19675925374031067
1565122191.7576673,92,0.18518517911434174
1565122194.312152,93,0.19907407462596893
1565122196.852866,94,0.19560185074806213
1565122199.3924992,95,0.09143518656492233
1565122201.9361072,96,0.12615740299224854
1565122204.4777465,97,0.11921296268701553
1565122207.0209093,98,0.15162037312984467
1565122209.5536697,99,0.19907407462596893
1565122212.0907562,100,0.20254629850387573
1565122214.611775,101,0.13773147761821747
1565122217.1494236,102,0.20254629850387573
1565122219.6935477,103,0.21412037312984467
1565122222.2378824,104,0.125
1565122224.7767344,105,0.2048611044883728
1565122227.3217905,106,0.1909722238779068
1565122229.8710275,107,0.19212962687015533
1565122232.403685,108,0.20370370149612427
1565122234.9451687,109,0.2013888955116272
1565122237.5011013,110,0.19675925374031067
1565122240.0402925,111,0.20254629850387573
1565122242.5876236,112,0.19212962687015533
1565122245.1337512,113,0.24189814925193787
1565122247.6801577,114,0.23726852238178253
1565122250.2209873,115,0.21296297013759613
1565122252.7573793,116,0.2048611044883728
1565122255.2887762,117,0.1979166716337204
1565122257.8352416,118,0.20023147761821747
1565122260.3806484,119,0.1979166716337204
1565122262.9302387,120,0.20023147761821747
1565122265.4746182,121,0.19560185074806213
1565122268.0159657,122,0.20601852238178253
1565122270.5343966,123,0.20023147761821747
1565122273.0513616,124,0.2013888955116272
1565122275.5724275,125,0.19212962687015533
1565122278.094861,126,0.21296297013759613
1565122280.6406634,127,0.2013888955116272
1565122283.1527116,128,0.20254629850387573
1565122285.6785185,129,0.21296297013759613
1565122288.2157102,130,0.18287037312984467
1565122290.7521822,131,0.21412037312984467
1565122293.2789345,132,0.2083333283662796
1565122295.8074503,133,0.2256944477558136
1565122298.3521063,134,0.2430555522441864
1565122300.902483,135,0.1944444477558136
1565122303.4489865,136,0.2013888955116272
1565122305.975081,137,0.17592592537403107
1565122308.47338,138,0.23379629850387573
1565122310.9715688,139,0.20370370149612427
1565122313.478151,140,0.23842592537403107
1565122316.0488036,141,0.19907407462596893
1565122318.576097,142,0.20370370149612427
1565122321.1047847,143,0.20254629850387573
1565122323.6389294,144,0.17476852238178253
1565122326.1788628,145,0.18634259700775146
1565122328.7135541,146,0.1979166716337204
1565122331.2524416,147,0.20023147761821747
1565122333.7623951,148,0.20023147761821747
1565122336.291355,149,0.20254629850387573
1565122338.806686,150,0.1875
1565122341.3397253,151,0.21759259700775146
1565122343.8678768,152,0.14467592537403107
1565122346.40466,153,0.1875
1565122348.9420502,154,0.20023147761821747
1565122351.487322,155,0.2048611044883728
1565122354.0204594,156,0.20717592537403107
1565122356.5490875,157,0.21990740299224854
1565122359.0787845,158,0.19212962687015533
1565122361.5852842,159,0.19328702986240387
1565122364.0890765,160,0.2083333283662796
1565122366.6284015,161,0.19907407462596893
1565122369.1402814,162,0.18634259700775146
1565122371.7031791,163,0.2083333283662796
1565122374.234067,164,0.21296297013759613
1565122376.750834,165,0.1979166716337204
1565122379.2768238,166,0.2222222238779068
1565122381.800148,167,0.23148147761821747
1565122384.3303046,168,0.26620370149612427
1565122386.8698373,169,0.21064814925193787
1565122389.3764951,170,0.20254629850387573
1565122391.8868952,171,0.20023147761821747
1565122394.3969624,172,0.21643517911434174
1565122396.8922045,173,0.24768517911434174
1565122399.3905299,174,0.24189814925193787
1565122401.8925164,175,0.23495370149612427
1565122404.400922,176,0.2222222238779068
1565122406.9281397,177,0.21759259700775146
1565122409.469246,178,0.1944444477558136
1565122411.9962928,179,0.18518517911434174
1565122414.5087943,180,0.20717592537403107
1565122417.0421116,181,0.22453702986240387
1565122419.5474768,182,0.19907407462596893
1565122422.0902135,183,0.19212962687015533
1565122424.6133792,184,0.20254629850387573
1565122427.1451185,185,0.1909722238779068
1565122429.6795032,186,0.22106482088565826
1565122432.2244072,187,0.15046297013759613
1565122434.7690082,188,0.2291666716337204
1565122437.3068013,189,0.2256944477558136
1565122439.8528407,190,0.25462964177131653
1565122442.381566,191,0.19560185074806213
1565122444.924107,192,0.25462964177131653
1565122447.4646482,193,0.2118055522441864
1565122450.0070689,194,0.18865740299224854
1565122452.540245,195,0.19675925374031067
1565122455.0550084,196,0.21296297013759613
1565122457.5943851,197,0.17245370149612427
1565122460.1348536,198,0.20949074625968933
1565122462.6452172,199,0.22337962687015533
