Wall time,Step,Value
1565121810.3530009,0,0.20394736528396606
1565121812.9588022,1,0.22505483031272888
1565121815.5246716,2,0.08347039669752121
1565121818.0835927,3,0.18009868264198303
1565121821.259019,4,0.21148574352264404
1565121823.820444,5,0.20627741515636444
1565121826.4080281,6,0.18777412176132202
1565121828.9609756,7,0.16186951100826263
1565121831.5445285,8,0.16186951100826263
1565121834.132667,9,0.16186951100826263
1565121836.7160547,10,0.16186951100826263
1565121839.2993915,11,0.20627741515636444
1565121841.8536186,12,0.21957236528396606
1565121844.4218402,13,0.17735745012760162
1565121846.9810941,14,0.20093201100826263
1565121849.543067,15,0.21957236528396606
1565121852.100446,16,0.18804824352264404
1565121854.6804223,17,0.20381030440330505
1565121857.2327669,18,0.17502741515636444
1565121859.794185,19,0.21134868264198303
1565121862.3823023,20,0.140625
1565121864.9531348,21,0.18544407188892365
1565121867.5402799,22,0.17475329339504242
1565121870.1182668,23,0.1772203892469406
1565121872.7018476,24,0.23259320855140686
1565121875.2809207,25,0.22217653691768646
1565121877.8602772,26,0.19832785427570343
1565121880.440494,27,0.17475329339504242
1565121883.031347,28,0.19037829339504242
1565121885.6145735,29,0.16173245012760162
1565121888.1846213,30,0.19065241515636444
1565121890.7660954,31,0.19339364767074585
1565121893.3313937,32,0.19065241515636444
1565121895.908021,33,0.22491776943206787
1565121898.4879968,34,0.24026864767074585
1565121901.0660028,35,0.17735745012760162
1565121903.6535022,36,0.1303453892469406
1565121906.2385373,37,0.18270285427570343
1565121908.801382,38,0.15131579339504242
1565121911.3522081,39,0.16447368264198303
1565121913.9101553,40,0.211074560880661
1565121916.4708,41,0.16447368264198303
1565121919.0519767,42,0.13829495012760162
1565121921.6148233,43,0.1433662325143814
1565121924.1855478,44,0.18009868264198303
1565121926.7772868,45,0.17996162176132202
1565121929.3312504,46,0.20120614767074585
1565121931.883149,47,0.22985197603702545
1565121934.4631786,48,0.18516995012760162
1565121937.012521,49,0.20079495012760162
1565121939.5890362,50,0.22985197603702545
1565121942.1812453,51,0.18791118264198303
1565121944.7622697,52,0.22464364767074585
1565121947.3493736,53,0.2719298303127289
1565121949.9383178,54,0.25082236528396606
1565121952.5250196,55,0.21943530440330505
1565121955.1174827,56,0.20339912176132202
1565121957.6991527,57,0.14638157188892365
1565121960.2827985,58,0.14871162176132202
1565121962.853138,59,0.17256030440330505
1565121965.4275687,60,0.1694078892469406
1565121967.990427,61,0.24835526943206787
1565121970.542505,62,0.14638157188892365
1565121973.1235006,63,0.11499451845884323
1565121975.7418115,64,0.140762060880661
1565121978.2919047,65,0.1302083283662796
1565121980.8425646,66,0.1119791641831398
1565121983.4018316,67,0.16461074352264404
1565121985.980942,68,0.17256030440330505
1565121988.5333195,69,0.15391995012760162
1565121991.1137831,70,0.17242324352264404
1565121993.6849604,71,0.14089912176132202
1565121996.2639875,72,0.11225328594446182
1565121998.8220022,73,0.16447368264198303
1565122001.3811953,74,0.13569079339504242
1565122003.961751,75,0.15391995012760162
1565122006.553461,76,0.12527412176132202
1565122009.140272,77,0.15145285427570343
1565122011.731909,78,0.16186951100826263
1565122014.3177176,79,0.16981907188892365
1565122016.886472,80,0.15926535427570343
1565122019.4409032,81,0.20627741515636444
1565122022.0108871,82,0.14089912176132202
1565122024.5933466,83,0.14884868264198303
1565122027.166311,84,0.19325657188892365
1565122029.7305202,85,0.19353070855140686
1565122032.2951534,86,0.15912829339504242
1565122034.9098577,87,0.17502741515636444
1565122037.498618,88,0.17242324352264404
1565122040.0670753,89,0.17242324352264404
1565122042.6584945,90,0.24246162176132202
1565122045.2400355,91,0.25603070855140686
1565122047.7909665,92,0.24533991515636444
1565122050.3426,93,0.19873903691768646
1565122052.9247057,94,0.14624451100826263
1565122055.5117059,95,0.21162280440330505
1565122058.103109,96,0.15145285427570343
1565122060.6931753,97,0.16707785427570343
1565122063.2515707,98,0.18818530440330505
1565122065.8033533,99,0.18311403691768646
1565122068.3810859,100,0.17776864767074585
1565122070.9592936,101,0.17242324352264404
1565122073.5317116,102,0.16186951100826263
1565122076.099687,103,0.17242324352264404
1565122078.6844277,104,0.16186951100826263
1565122081.2632978,105,0.16981907188892365
1565122083.8367245,106,0.16186951100826263
1565122086.4112813,107,0.15131579339504242
1565122088.9709814,108,0.16447368264198303
1565122091.5216186,109,0.17242324352264404
1565122094.080883,110,0.17242324352264404
1565122096.6370764,111,0.140762060880661
1565122099.197981,112,0.15131579339504242
1565122101.7753353,113,0.16186951100826263
1565122104.3589208,114,0.15131579339504242
1565122106.928474,115,0.17242324352264404
1565122109.504642,116,0.18297697603702545
1565122112.0822952,117,0.1381578892469406
1565122114.672527,118,0.15405701100826263
1565122117.2656147,119,0.14871162176132202
1565122119.853367,120,0.125137060880661
1565122122.439498,121,0.16447368264198303
1565122125.0146265,122,0.15666118264198303
1565122127.5636957,123,0.16186951100826263
1565122130.1385334,124,0.1303453892469406
1565122132.7264724,125,0.16721491515636444
1565122135.2940085,126,0.1277412325143814
1565122137.851174,127,0.16694079339504242
1565122140.426584,128,0.12787829339504242
1565122143.004382,129,0.140625
1565122145.5819151,130,0.15912829339504242
1565122148.135673,131,0.14610745012760162
1565122150.7227592,132,0.16186951100826263
1565122153.2858734,133,0.140762060880661
1565122155.8630962,134,0.16186951100826263
1565122158.4335124,135,0.21957236528396606
1565122161.000944,136,0.1276041716337204
1565122163.5606687,137,0.17242324352264404
1565122166.1241233,138,0.22217653691768646
1565122168.6823256,139,0.16186951100826263
1565122171.2313142,140,0.15131579339504242
1565122173.8250413,141,0.16186951100826263
1565122176.4032378,142,0.15131579339504242
1565122178.9714642,143,0.1355537325143814
1565122181.524217,144,0.14871162176132202
1565122184.103651,145,0.15666118264198303
1565122186.6629236,146,0.15405701100826263
1565122189.224629,147,0.17776864767074585
1565122191.7832117,148,0.20408442616462708
1565122194.3680685,149,0.15131579339504242
1565122196.9451122,150,0.17242324352264404
1565122199.5131156,151,0.15131579339504242
1565122202.0720482,152,0.140762060880661
1565122204.6431055,153,0.17502741515636444
1565122207.2133849,154,0.18818530440330505
1565122209.7751942,155,0.17242324352264404
1565122212.3627772,156,0.15131579339504242
1565122214.9350543,157,0.140762060880661
1565122217.5031714,158,0.15131579339504242
1565122220.0512736,159,0.15131579339504242
1565122222.6139946,160,0.16186951100826263
1565122225.194812,161,0.17242324352264404
1565122227.7712896,162,0.15131579339504242
1565122230.347334,163,0.1171875
1565122232.936375,164,0.125137060880661
1565122235.5225458,165,0.13569079339504242
1565122238.1123683,166,0.13569079339504242
1565122240.7008734,167,0.16735197603702545
1565122243.2881277,168,0.15679824352264404
1565122245.8797734,169,0.13569079339504242
1565122248.4686928,170,0.13569079339504242
1565122251.105752,171,0.13569079339504242
1565122253.7208576,172,0.14364035427570343
1565122256.3102531,173,0.125137060880661
1565122258.903426,174,0.13569079339504242
1565122261.5128772,175,0.1145833358168602
1565122264.1043823,176,0.14624451100826263
1565122266.6983242,177,0.14624451100826263
1565122269.2522538,178,0.15679824352264404
1565122271.827991,179,0.14624451100826263
1565122274.420514,180,0.125137060880661
1565122277.014186,181,0.14624451100826263
1565122279.601502,182,0.15679824352264404
1565122282.191945,183,0.16995614767074585
1565122284.7788553,184,0.14884868264198303
1565122287.3663762,185,0.13829495012760162
1565122289.9523084,186,0.1277412325143814
1565122292.540223,187,0.13829495012760162
1565122295.135596,188,0.16995614767074585
1565122297.7324777,189,0.14624451100826263
1565122300.324793,190,0.1277412325143814
1565122302.9196608,191,0.14884868264198303
1565122305.511512,192,0.16461074352264404
1565122308.097639,193,0.14884868264198303
1565122310.6648982,194,0.1277412325143814
1565122313.25851,195,0.15940241515636444
1565122315.858803,196,0.16995614767074585
1565122318.4508226,197,0.1277412325143814
1565122321.0390472,198,0.14884868264198303
1565122323.6329238,199,0.14884868264198303
