Wall time,Step,Value
1565122280.0743644,0,0.10754504799842834
1565122282.5874279,1,0.10444819927215576
1565122285.1099372,2,0.10238363593816757
1565122287.631633,3,0.10444819927215576
1565122290.1663506,4,0.11448948830366135
1565122292.6993287,5,0.1692942976951599
1565122295.217384,6,0.14367492496967316
1565122297.7509425,7,0.13532282412052155
1565122300.267401,8,0.14470720291137695
1565122302.7855113,9,0.19744744896888733
1565122305.3116317,10,0.14470720291137695
1565122307.8385162,11,0.10895270109176636
1565122310.3370817,12,0.12180931121110916
1565122312.871479,13,0.14817942678928375
1565122315.4082382,14,0.15437312424182892
1565122317.9350593,15,0.14921170473098755
1565122320.4655368,16,0.14986862242221832
1565122322.972794,17,0.14433182775974274
1565122325.5134554,18,0.16169294714927673
1565122328.0521164,19,0.2387387454509735
1565122330.5883744,20,0.16722972691059113
1565122333.1252124,21,0.15578077733516693
1565122335.6467323,22,0.2074887454509735
1565122338.1684427,23,0.17905405163764954
1565122340.689165,24,0.14573949575424194
1565122343.22554,25,0.15334084630012512
1565122345.7590907,26,0.1609421968460083
1565122348.2976143,27,0.15409159660339355
1565122350.831544,28,0.15193317830562592
1565122353.3656704,29,0.17492492496967316
1565122355.900234,30,0.15653152763843536
1565122358.431723,31,0.17107732594013214
1565122360.9548259,32,0.1609421968460083
1565122363.4809628,33,0.15822072327136993
1565122366.0203683,34,0.15024399757385254
1565122368.547217,35,0.14433182775974274
1565122371.060289,36,0.14921170473098755
1565122373.7340472,37,0.15925300121307373
1565122376.259973,38,0.14611487090587616
1565122378.7744439,39,0.15718844532966614
1565122381.2867804,40,0.22381757199764252
1565122383.815704,41,0.1772710233926773
1565122386.350937,42,0.17210960388183594
1565122388.885148,43,0.17314189672470093
1565122391.3936038,44,0.2026088535785675
1565122393.920462,45,0.17210960388183594
1565122396.4217396,46,0.14817942678928375
1565122398.9380817,47,0.18149399757385254
1565122401.46535,48,0.2571321427822113
1565122404.0002842,49,0.20232732594013214
1565122406.518641,50,0.19050300121307373
1565122409.0450284,51,0.22860360145568848
1565122411.5641596,52,0.24709084630012512
1565122414.0874753,53,0.20645645260810852
1565122416.606894,54,0.16028527915477753
1565122419.140146,55,0.17802177369594574
1565122421.67708,56,0.2775900959968567
1565122424.1927383,57,0.22072072327136993
1565122426.7271938,58,0.24493242800235748
1565122429.2393687,59,0.19744744896888733
1565122431.776602,60,0.2637012004852295
1565122434.2893548,61,0.1956644207239151
1565122436.8064308,62,0.2408033013343811
1565122439.3398454,63,0.2154654711484909
1565122441.8675609,64,0.17698949575424194
1565122444.4044921,65,0.15718844532966614
1565122446.9411423,66,0.21687312424182892
1565122449.4731438,67,0.2258821278810501
1565122451.9864645,68,0.2616366446018219
1565122454.5253406,69,0.18046170473098755
1565122457.0558138,70,0.1737987995147705
1565122459.5695384,71,0.24943692982196808
1565122462.0709014,72,0.2835022509098053
1565122464.6100962,73,0.2727102041244507
1565122467.1266434,74,0.2959834933280945
1565122469.6449785,75,0.30283409357070923
1565122472.1816077,76,0.2786223590373993
1565122474.7120116,77,0.2939189076423645
1565122477.2530463,78,0.24465090036392212
1565122479.789999,79,0.2890390455722809
1565122482.3277066,80,0.2577890455722809
1565122484.8663168,81,0.3129692077636719
1565122487.405478,82,0.3341779410839081
1565122489.9408104,83,0.29523274302482605
1565122492.4584558,84,0.13325825333595276
1565122494.9971907,85,0.10060060024261475
1565122497.5307038,86,0.13325825333595276
1565122500.0651467,87,0.14189189672470093
1565122502.5956948,88,0.15718844532966614
1565122505.1117043,89,0.15230855345726013
1565122507.640077,90,0.15718844532966614
1565122510.178715,91,0.14780405163764954
1565122512.7118983,92,0.15578077733516693
1565122515.4830308,93,0.15371622145175934
1565122518.0108175,94,0.16066065430641174
1565122520.5331395,95,0.14677177369594574
1565122523.0647995,96,0.15718844532966614
1565122525.6046066,97,0.14020270109176636
1565122528.1428556,98,0.17107732594013214
1565122530.686315,99,0.15127627551555634
1565122533.2207038,100,0.14433182775974274
1565122535.753952,101,0.1564376950263977
1565122538.2756414,102,0.15127627551555634
1565122540.8030427,103,0.15024399757385254
1565122543.3084984,104,0.15024399757385254
1565122545.8146882,105,0.13635510206222534
1565122548.3412333,106,0.1609421968460083
1565122550.856259,107,0.14508257806301117
1565122553.4026546,108,0.14921170473098755
1565122555.9218574,109,0.15127627551555634
1565122558.431199,110,0.14958707988262177
1565122560.9555404,111,0.14883632957935333
1565122563.456089,112,0.15925300121307373
1565122565.9702063,113,0.13917042315006256
1565122568.4916887,114,0.15127627551555634
1565122571.025142,115,0.15024399757385254
1565122573.5461156,116,0.13776277005672455
1565122576.0683248,117,0.13879504799842834
1565122578.5678034,118,0.16619744896888733
1565122581.0791945,119,0.14573949575424194
1565122583.6113992,120,0.15474849939346313
1565122586.1382372,121,0.15334084630012512
1565122588.6385098,122,0.14714714884757996
1565122591.160722,123,0.15230855345726013
1565122593.6924832,124,0.15334084630012512
1565122596.3577902,125,0.15127627551555634
1565122598.858864,126,0.14714714884757996
1565122601.3682733,127,0.12631382048130035
1565122603.9011297,128,0.15127627551555634
1565122606.4390323,129,0.14433182775974274
1565122608.9576144,130,0.13081832230091095
1565122611.4802852,131,0.16478979587554932
1565122614.0051503,132,0.15334084630012512
1565122616.5330403,133,0.19153527915477753
1565122619.0599952,134,0.11345721036195755
1565122621.5835183,135,0.15127627551555634
1565122624.1243136,136,0.15230855345726013
1565122626.651535,137,0.16413287818431854
1565122629.1577694,138,0.14986862242221832
1565122631.6601276,139,0.15681307017803192
1565122634.1716194,140,0.13429054617881775
1565122636.6888416,141,0.15024399757385254
1565122639.2192543,142,0.12284158915281296
1565122641.7523284,143,0.14508257806301117
1565122644.2575283,144,0.15540540218353271
1565122646.7823033,145,0.15230855345726013
1565122649.3025088,146,0.10341591387987137
1565122651.8268957,147,0.14508257806301117
1565122654.3547728,148,0.14714714884757996
1565122656.895849,149,0.16516517102718353
1565122659.4199998,150,0.15268392860889435
1565122661.9506176,151,0.13945195078849792
1565122664.549828,152,0.15230855345726013
1565122667.0678215,153,0.14433182775974274
1565122669.599637,154,0.1470533013343811
1565122672.1090405,155,0.12593844532966614
1565122674.642442,156,0.15024399757385254
1565122677.1840734,157,0.14020270109176636
1565122679.7042408,158,0.13879504799842834
1565122682.467032,159,0.15024399757385254
1565122684.9905488,160,0.1692942976951599
1565122687.506111,161,0.19847972691059113
1565122690.0243602,162,0.14508257806301117
1565122692.5267851,163,0.15540540218353271
1565122695.0517392,164,0.14714714884757996
1565122697.5840106,165,0.10304053872823715
1565122700.1117616,166,0.12424924969673157
1565122702.61686,167,0.14264264702796936
1565122705.1429222,168,0.14367492496967316
1565122707.6771405,169,0.14639639854431152
1565122710.208859,170,0.10857732594013214
1565122712.7370796,171,0.15268392860889435
1565122715.271273,172,0.10792042315006256
1565122717.7943506,173,0.19153527915477753
1565122720.3298163,174,0.11899399757385254
1565122722.8621182,175,0.14921170473098755
1565122725.3764088,176,0.13635510206222534
1565122727.916407,177,0.16169294714927673
1565122730.4292133,178,0.15540540218353271
1565122732.9624927,179,0.15230855345726013
1565122735.4889736,180,0.15334084630012512
1565122738.010849,181,0.12837837636470795
1565122740.5254474,182,0.18703077733516693
1565122743.048383,183,0.14780405163764954
1565122745.5560546,184,0.14611487090587616
1565122748.0655043,185,0.13429054617881775
1565122750.5678005,186,0.14677177369594574
1565122753.1008763,187,0.14986862242221832
1565122755.6347792,188,0.14921170473098755
1565122758.1475904,189,0.13325825333595276
1565122760.6811738,190,0.15681307017803192
1565122763.2123258,191,0.14508257806301117
1565122765.718573,192,0.15127627551555634
1565122768.241378,193,0.13879504799842834
1565122770.7687666,194,0.13325825333595276
1565122773.2951403,195,0.1574699729681015
1565122775.8227196,196,0.17173422873020172
1565122778.3455648,197,0.13982732594013214
1565122780.8816764,198,0.15334084630012512
1565122783.392628,199,0.15334084630012512
