Wall time,Step,Value
1565122411.4180472,0,0.0755208358168602
1565122414.1575768,1,0.125
1565122416.876755,2,0.0963541641831398
1565122419.594228,3,0.1302083283662796
1565122422.3150632,4,0.09375
1565122425.0363235,5,0.2578125
1565122427.769143,6,0.171875
1565122430.4870086,7,0.1770833283662796
1565122433.2091126,8,0.265625
1565122435.8899624,9,0.2083333283662796
1565122438.5487084,10,0.1484375
1565122441.2089407,11,0.1614583283662796
1565122443.8842864,12,0.2578125
1565122446.5359282,13,0.1223958358168602
1565122449.2557986,14,0.2239583283662796
1565122451.9299128,15,0.2005208283662796
1565122454.6478467,16,0.1979166716337204
1565122457.3029182,17,0.1354166716337204
1565122459.9604228,18,0.1276041716337204
1565122462.6188376,19,0.1223958358168602
1565122465.3440745,20,0.2421875
1565122468.0608802,21,0.2265625
1565122470.7844405,22,0.2395833283662796
1565122473.5092664,23,0.1640625
1565122476.2354014,24,0.2447916716337204
1565122478.9131174,25,0.2109375
1565122481.5694704,26,0.1692708283662796
1565122484.2287238,27,0.2395833283662796
1565122486.8648038,28,0.1614583283662796
1565122489.5652614,29,0.1510416716337204
1565122492.2631583,30,0.265625
1565122494.9769106,31,0.171875
1565122497.696663,32,0.1458333283662796
1565122500.4098678,33,0.234375
1565122503.1035893,34,0.1979166716337204
1565122505.8037758,35,0.2135416716337204
1565122508.5201414,36,0.15625
1565122511.2415264,37,0.171875
1565122513.9017417,38,0.2421875
1565122516.5413737,39,0.1822916716337204
1565122519.183131,40,0.1692708283662796
1565122521.8220584,41,0.1458333283662796
1565122524.4567068,42,0.1901041716337204
1565122527.080602,43,0.21875
1565122529.7707186,44,0.1744791716337204
1565122532.4323275,45,0.1848958283662796
1565122535.157933,46,0.28125
1565122537.8791296,47,0.1640625
1565122540.5262942,48,0.2213541716337204
1565122543.1528952,49,0.2265625
1565122545.8208945,50,0.2213541716337204
1565122548.535721,51,0.171875
1565122551.1900754,52,0.2135416716337204
1565122553.829952,53,0.3307291567325592
1565122556.4542897,54,0.2265625
1565122559.0827131,55,0.2473958283662796
1565122561.7229927,56,0.2109375
1565122564.4140432,57,0.2421875
1565122567.1387572,58,0.21875
1565122569.8549669,59,0.2630208432674408
1565122572.5754094,60,0.3359375
1565122575.2686925,61,0.1614583283662796
1565122577.9716516,62,0.15625
1565122580.6578608,63,0.1458333283662796
1565122583.3253615,64,0.1770833283662796
1565122585.9861202,65,0.1380208283662796
1565122588.6351032,66,0.2942708432674408
1565122591.2963116,67,0.2135416716337204
1565122593.987797,68,0.2005208283662796
1565122596.6702845,69,0.2291666716337204
1565122599.2918406,70,0.2630208432674408
1565122601.9325747,71,0.2421875
1565122604.565563,72,0.203125
1565122607.2654061,73,0.2317708283662796
1565122609.9416394,74,0.2838541567325592
1565122612.561,75,0.1614583283662796
1565122615.1866984,76,0.2239583283662796
1565122617.8220592,77,0.234375
1565122620.4743948,78,0.2630208432674408
1565122623.1358662,79,0.3203125
1565122625.7620823,80,0.28125
1565122628.396569,81,0.2682291567325592
1565122631.0281029,82,0.2239583283662796
1565122633.6742198,83,0.2526041567325592
1565122636.3068638,84,0.2083333283662796
1565122638.93453,85,0.2239583283662796
1565122641.5676887,86,0.1848958283662796
1565122644.2017052,87,0.3046875
1565122646.8290148,88,0.25
1565122649.4554243,89,0.3541666567325592
1565122652.093716,90,0.3567708432674408
1565122654.7225213,91,0.2083333283662796
1565122657.346113,92,0.2994791567325592
1565122659.98233,93,0.3333333432674408
1565122662.6458132,94,0.328125
1565122665.3428202,95,0.3359375
1565122668.047018,96,0.3515625
1565122670.7174985,97,0.3645833432674408
1565122673.3567965,98,0.3723958432674408
1565122675.978312,99,0.2526041567325592
1565122678.6065836,100,0.3828125
1565122681.273215,101,0.1848958283662796
1565122683.9234068,102,0.2682291567325592
1565122686.5435693,103,0.296875
1565122689.229812,104,0.3489583432674408
1565122691.9297037,105,0.3723958432674408
1565122694.5492334,106,0.328125
1565122697.2012208,107,0.2864583432674408
1565122699.8502877,108,0.2395833283662796
1565122702.4909909,109,0.2760416567325592
1565122705.1331272,110,0.3854166567325592
1565122707.760258,111,0.2473958283662796
1565122710.4493687,112,0.3411458432674408
1565122713.164284,113,0.3541666567325592
1565122715.875908,114,0.2708333432674408
1565122718.51339,115,0.2838541567325592
1565122721.1668048,116,0.3541666567325592
1565122723.8145251,117,0.2890625
1565122726.4407945,118,0.3385416567325592
1565122729.0754483,119,0.3255208432674408
1565122731.7642167,120,0.2604166567325592
1565122734.4567814,121,0.3020833432674408
1565122737.1461127,122,0.3515625
1565122739.8530757,123,0.375
1565122742.5081246,124,0.3203125
1565122745.1999545,125,0.3619791567325592
1565122747.8447976,126,0.3515625
1565122750.5367682,127,0.3489583432674408
1565122753.237121,128,0.3203125
1565122755.9638174,129,0.2838541567325592
1565122758.6209984,130,0.3463541567325592
1565122761.2768197,131,0.3411458432674408
1565122763.9189153,132,0.3046875
1565122766.5406299,133,0.3619791567325592
1565122769.167277,134,0.2838541567325592
1565122771.8050725,135,0.3307291567325592
1565122774.4379773,136,0.3567708432674408
1565122777.1216645,137,0.3828125
1565122779.7790027,138,0.3541666567325592
1565122782.4417605,139,0.3515625
1565122785.1488225,140,0.4036458432674408
1565122787.872693,141,0.390625
1565122790.5291488,142,0.4036458432674408
1565122793.1817567,143,0.4348958432674408
1565122795.823075,144,0.3098958432674408
1565122798.5186908,145,0.4088541567325592
1565122801.2500644,146,0.3020833432674408
1565122803.8869038,147,0.3072916567325592
1565122806.5103729,148,0.3984375
1565122809.2012434,149,0.3697916567325592
1565122811.8925748,150,0.3307291567325592
1565122814.5792856,151,0.390625
1565122817.272266,152,0.4348958432674408
1565122819.8973112,153,0.2734375
1565122822.5321133,154,0.2994791567325592
1565122825.175947,155,0.3411458432674408
1565122827.83565,156,0.3255208432674408
1565122830.476922,157,0.3411458432674408
1565122833.1369324,158,0.3020833432674408
1565122835.827235,159,0.4270833432674408
1565122838.484741,160,0.3489583432674408
1565122841.1462226,161,0.4010416567325592
1565122843.8075473,162,0.3333333432674408
1565122846.5377452,163,0.2838541567325592
1565122849.236772,164,0.2317708283662796
1565122851.91601,165,0.3229166567325592
1565122854.6191711,166,0.3229166567325592
1565122857.283844,167,0.265625
1565122859.948931,168,0.3125
1565122862.610228,169,0.3697916567325592
1565122963.1063378,170,0.3411458432674408
1565123117.3682377,171,0.2161458283662796
1565123119.9994342,172,0.2942708432674408
1565123122.7456865,173,0.2447916716337204
1565123125.4692,174,0.3229166567325592
1565123128.185028,175,0.3723958432674408
1565123130.831805,176,0.3098958432674408
1565123133.4956317,177,0.3463541567325592
1565123136.1483862,178,0.2994791567325592
1565123138.8012986,179,0.4427083432674408
1565123141.51373,180,0.3567708432674408
1565123144.201992,181,0.4244791567325592
1565123146.864195,182,0.3671875
1565123149.5072417,183,0.359375
1565123152.170474,184,0.3255208432674408
1565123154.8246737,185,0.4010416567325592
1565123157.4833612,186,0.3333333432674408
1565123160.1485407,187,0.4609375
1565123162.841483,188,0.3151041567325592
1565123165.5214393,189,0.3567708432674408
1565123168.1439493,190,0.375
1565123170.829878,191,0.3307291567325592
1565123173.5436797,192,0.3619791567325592
1565123176.2320483,193,0.3619791567325592
1565123178.9359415,194,0.375
1565123181.6526957,195,0.3619791567325592
1565123184.349465,196,0.2630208432674408
1565123187.0536401,197,0.3541666567325592
1565123189.758751,198,0.3567708432674408
1565123192.45208,199,0.390625
