Wall time,Step,Value
1565122330.213412,0,0.3099536895751953
1565122332.7509394,1,0.12453703582286835
1565122335.2928076,2,0.11712963134050369
1565122337.8069968,3,0.13472221791744232
1565122340.2960055,4,0.11736111342906952
1565122342.7959516,5,0.18773147463798523
1565122345.2813373,6,0.21990740299224854
1565122347.778835,7,0.21550926566123962
1565122350.2834399,8,0.17731481790542603
1565122352.8090942,9,0.16712963581085205
1565122355.33154,10,0.11967592686414719
1565122357.833766,11,0.14189815521240234
1565122360.3397832,12,0.10347222536802292
1565122362.8557224,13,0.10046296566724777
1565122365.3663049,14,0.10601852089166641
1565122367.8752673,15,0.1041666641831398
1565122370.3688443,16,0.16782407462596893
1565122372.8542058,17,0.2196759283542633
1565122375.3753293,18,0.1101851835846901
1565122377.8887894,19,0.1303240805864334
1565122380.40633,20,0.1414351910352707
1565122382.9261527,21,0.13171295821666718
1565122385.4437246,22,0.11342592537403107
1565122387.9623425,23,0.12731482088565826
1565122390.4763112,24,0.10694444179534912
1565122392.98638,25,0.09583333134651184
1565122395.4825728,26,0.10300926119089127
1565122397.9697518,27,0.12453703582286835
1565122400.4654346,28,0.10231481492519379
1565122402.975434,29,0.10555555671453476
1565122405.4621913,30,0.10300926119089127
1565122407.9453337,31,0.10300926119089127
1565122410.4259326,32,0.10370370000600815
1565122412.9348392,33,0.10324074327945709
1565122415.4450293,34,0.10231481492519379
1565122417.948385,35,0.10324074327945709
1565122420.4469295,36,0.10300926119089127
1565122422.9541435,37,0.10324074327945709
1565122425.4509685,38,0.10393518209457397
1565122427.953649,39,0.10277777910232544
1565122430.4388533,40,0.10254629701375961
1565122432.9262373,41,0.10185185074806213
1565122435.413006,42,0.10300926119089127
1565122437.9141073,43,0.10347222536802292
1565122440.410818,44,0.10300926119089127
1565122442.8935454,45,0.10277777910232544
1565122445.3890212,46,0.10162036865949631
1565122447.907976,47,0.10254629701375961
1565122450.395404,48,0.10324074327945709
1565122452.883458,49,0.10347222536802292
1565122455.370487,50,0.10370370000600815
1565122457.8607924,51,0.14166666567325592
1565122460.3406446,52,0.12708333134651184
1565122462.8265996,53,0.10277777910232544
1565122465.3242915,54,0.10347222536802292
1565122467.824019,55,0.10231481492519379
1565122470.313322,56,0.13472221791744232
1565122472.805023,57,0.30532407760620117
1565122475.295394,58,0.31203705072402954
1565122477.794962,59,0.31388887763023376
1565122480.3064718,60,0.1388888955116272
1565122482.8367994,61,0.1275462955236435
1565122485.3469326,62,0.13611111044883728
1565122487.8375063,63,0.11689814925193787
1565122490.3237762,64,0.1388888955116272
1565122492.8273332,65,0.10231481492519379
1565122495.3122702,66,0.1527777761220932
1565122497.7961125,67,0.1136574074625969
1565122500.2916243,68,0.1388888955116272
1565122502.7941387,69,0.10601852089166641
1565122505.2993348,70,0.12361110746860504
1565122507.787659,71,0.1067129597067833
1565122510.2901886,72,0.1310185194015503
1565122512.7962334,73,0.14212962985038757
1565122515.3064647,74,0.13912037014961243
1565122517.7963514,75,0.1493055522441864
1565122520.3019295,76,0.1067129597067833
1565122522.8068736,77,0.10694444179534912
1565122525.2997844,78,0.14166666567325592
1565122527.79156,79,0.10740740597248077
1565122530.287806,80,0.10694444179534912
1565122532.7742312,81,0.1449074000120163
1565122535.2710466,82,0.10625000298023224
1565122537.7889786,83,0.11041666567325592
1565122540.2846317,84,0.10949073731899261
1565122542.7655637,85,0.11435185372829437
1565122545.2761247,86,0.11319444328546524
1565122547.765086,87,0.15231481194496155
1565122550.280271,88,0.0962962955236435
1565122552.7820303,89,0.10925926268100739
1565122555.2905102,90,0.1275462955236435
1565122557.8041394,91,0.13402777910232544
1565122560.3189948,92,0.1303240805864334
1565122562.8419416,93,0.10995370149612427
1565122565.3657951,94,0.14097222685813904
1565122567.8816118,95,0.13124999403953552
1565122570.4265587,96,0.11296296119689941
1565122572.9605675,97,0.13773147761821747
1565122575.4787652,98,0.10601852089166641
1565122577.9677134,99,0.12430555373430252
1565122580.4784353,100,0.14212962985038757
1565122582.9832485,101,0.10254629701375961
1565122585.4999912,102,0.1354166716337204
1565122588.0137737,103,0.11249999701976776
1565122590.5083084,104,0.11666666716337204
1565122592.9966993,105,0.11412037163972855
1565122595.4843807,106,0.1101851835846901
1565122597.9777966,107,0.12893518805503845
1565122600.494528,108,0.1101851835846901
1565122602.9816864,109,0.125
1565122605.4770663,110,0.10648148506879807
1565122607.988925,111,0.13842593133449554
1565122610.4896002,112,0.12337963283061981
1565122613.0083477,113,0.10185185074806213
1565122615.525798,114,0.1240740716457367
1565122618.036526,115,0.1335648149251938
1565122620.5527217,116,0.15069444477558136
1565122623.0539868,117,0.14166666567325592
1565122625.5587544,118,0.1449074000120163
1565122628.073568,119,0.10578703880310059
1565122630.5679739,120,0.12361110746860504
1565122633.0814667,121,0.10601852089166641
1565122635.5843835,122,0.10625000298023224
1565122638.0702908,123,0.3013888895511627
1565122640.570716,124,0.18009258806705475
1565122643.0777419,125,0.11712963134050369
1565122645.589349,126,0.13912037014961243
1565122648.090954,127,0.1319444477558136
1565122650.597541,128,0.10601852089166641
1565122653.1057324,129,0.09560184925794601
1565122655.6070805,130,0.13472221791744232
1565122658.1162868,131,0.09490741044282913
1565122660.630071,132,0.1587962955236435
1565122663.141469,133,0.10648148506879807
1565122665.6611896,134,0.12476851791143417
1565122668.1798725,135,0.1432870328426361
1565122670.6728718,136,0.1458333283662796
1565122673.1532848,137,0.10578703880310059
1565122675.6497,138,0.13564814627170563
1565122678.168665,139,0.16296295821666718
1565122680.6781814,140,0.11736111342906952
1565122683.1785996,141,0.10648148506879807
1565122685.6908224,142,0.10300926119089127
1565122688.1970398,143,0.11712963134050369
1565122690.6957214,144,0.11620370298624039
1565122693.1941295,145,0.1293981522321701
1565122695.6848464,146,0.13495370745658875
1565122698.1737359,147,0.1414351910352707
1565122700.6629395,148,0.1423611044883728
1565122703.1555598,149,0.14467592537403107
1565122705.6442616,150,0.13124999403953552
1565122708.1247783,151,0.11087962985038757
1565122710.6214535,152,0.10277777910232544
1565122713.1240673,153,0.15555556118488312
1565122715.6404784,154,0.10995370149612427
1565122718.1553493,155,0.11574073880910873
1565122720.6478107,156,0.22708334028720856
1565122723.1524825,157,0.12106481194496155
1565122725.6542668,158,0.11041666567325592
1565122728.1510763,159,0.18472221493721008
1565122730.6645837,160,0.1344907432794571
1565122733.186194,161,0.19861111044883728
1565122735.7039332,162,0.11342592537403107
1565122738.1967304,163,0.10578703880310059
1565122740.6846275,164,0.14513888955116272
1565122743.184666,165,0.12268518656492233
1565122745.7012012,166,0.10162036865949631
1565122748.207314,167,0.10300926119089127
1565122750.7105484,168,0.10648148506879807
1565122753.209823,169,0.1303240805864334
1565122755.6958683,170,0.12083332985639572
1565122758.1960833,171,0.10324074327945709
1565122760.7083623,172,0.10000000149011612
1565122763.2214653,173,0.14467592537403107
1565122765.7337186,174,0.13935184478759766
1565122768.236025,175,0.1388888955116272
1565122770.7487104,176,0.13865740597248077
1565122773.2641475,177,0.12523147463798523
1565122775.7815852,178,0.1067129597067833
1565122778.2663648,179,0.12175925821065903
1565122780.7831192,180,0.11759259551763535
1565122783.2859955,181,0.14953704178333282
1565122785.7778852,182,0.1275462955236435
1565122788.2792423,183,0.13935184478759766
1565122790.7964463,184,0.12476851791143417
1565122793.3094118,185,0.13912037014961243
1565122795.8291538,186,0.12037037312984467
1565122798.336909,187,0.14444445073604584
1565122800.8494632,188,0.11319444328546524
1565122803.3775227,189,0.13495370745658875
1565122805.9400074,190,0.13472221791744232
1565122808.4458363,191,0.15416666865348816
1565122810.9420216,192,0.12106481194496155
1565122813.4602132,193,0.1284722238779068
1565122815.9826424,194,0.13865740597248077
1565122818.5001829,195,0.1666666716337204
1565122821.0211382,196,0.14166666567325592
1565122823.5289676,197,0.14305555820465088
1565122826.0476766,198,0.11041666567325592
1565122828.5712621,199,0.1310185194015503
