Wall time,Step,Value
1565122496.5190775,0,0.14467592537403107
1565122499.066886,1,0.14537036418914795
1565122501.5797117,2,0.1458333283662796
1565122504.092969,3,0.12476851791143417
1565122506.6079965,4,0.18171297013759613
1565122509.1495204,5,0.17731481790542603
1565122511.6872873,6,0.20208333432674408
1565122514.220741,7,0.20509259402751923
1565122516.7339368,8,0.18726852536201477
1565122519.2598233,9,0.18726852536201477
1565122521.7808044,10,0.19837963581085205
1565122524.286529,11,0.21296297013759613
1565122526.7915366,12,0.20763888955116272
1565122529.301434,13,0.2509259283542633
1565122531.834531,14,0.18125000596046448
1565122534.366998,15,0.14212962985038757
1565122536.9038868,16,0.17685185372829437
1565122539.433473,17,0.17777778208255768
1565122541.9430013,18,0.1736111044883728
1565122544.4420443,19,0.20208333432674408
1565122546.9662838,20,0.2231481522321701
1565122549.5025036,21,0.23055554926395416
1565122552.0145855,22,0.1780092567205429
1565122554.520463,23,0.18796296417713165
1565122557.0262089,24,0.17083333432674408
1565122559.532256,25,0.15740740299224854
1565122562.0462353,26,0.21990740299224854
1565122564.5566137,27,0.19513888657093048
1565122567.0959895,28,0.1805555522441864
1565122569.6275513,29,0.19143518805503845
1565122572.1658392,30,0.17824074625968933
1565122574.6805146,31,0.21574074029922485
1565122577.1827497,32,0.09953703731298447
1565122579.68125,33,0.15925925970077515
1565122582.2000003,34,0.1761574000120163
1565122584.735157,35,0.18101851642131805
1565122587.2676826,36,0.15902778506278992
1565122589.796518,37,0.18032407760620117
1565122592.319604,38,0.1770833283662796
1565122594.833905,39,0.18032407760620117
1565122597.3307207,40,0.16620370745658875
1565122599.8338113,41,0.15138888359069824
1565122602.3522062,42,0.14606481790542603
1565122604.8623996,43,0.17777778208255768
1565122607.3792138,44,0.17731481790542603
1565122609.9118485,45,0.17754629254341125
1565122612.4132571,46,0.17638888955116272
1565122614.9145658,47,0.15902778506278992
1565122617.4204266,48,0.1606481522321701
1565122619.9804354,49,0.1770833283662796
1565122622.507706,50,0.17754629254341125
1565122625.0195127,51,0.1770833283662796
1565122627.5349476,52,0.17731481790542603
1565122630.0413103,53,0.1789351850748062
1565122632.5932322,54,0.1493055522441864
1565122635.1037943,55,0.17754629254341125
1565122637.6115701,56,0.19374999403953552
1565122640.113827,57,0.16342592239379883
1565122642.632419,58,0.17754629254341125
1565122645.1322274,59,0.14398148655891418
1565122647.643372,60,0.14166666567325592
1565122650.1502519,61,0.17824074625968933
1565122652.6651871,62,0.1449074000120163
1565122655.1679318,63,0.17777778208255768
1565122657.6743138,64,0.14212962985038757
1565122660.1929328,65,0.08587963134050369
1565122662.728839,66,0.08564814925193787
1565122665.2396393,67,0.14606481790542603
1565122667.7539876,68,0.1310185194015503
1565122670.279335,69,0.14513888955116272
1565122672.795357,70,0.14513888955116272
1565122675.3041248,71,0.14560185372829437
1565122677.8127108,72,0.1770833283662796
1565122680.3435357,73,0.14652778208255768
1565122682.8813314,74,0.14629629254341125
1565122685.3915617,75,0.14560185372829437
1565122687.899244,76,0.14976851642131805
1565122690.4184046,77,0.2629629671573639
1565122692.9220855,78,0.14513888955116272
1565122695.4363375,79,0.18680556118488312
1565122697.9663103,80,0.26273149251937866
1565122700.4811535,81,0.24166665971279144
1565122703.0047357,82,0.2587963044643402
1565122705.528233,83,0.08912037312984467
1565122708.0369744,84,0.14421296119689941
1565122710.5428798,85,0.14189815521240234
1565122713.071911,86,0.2622685134410858
1565122715.6005788,87,0.1379629671573639
1565122718.1193714,88,0.18518517911434174
1565122720.6482077,89,0.26342591643333435
1565122723.1716473,90,0.20162037014961243
1565122725.6926806,91,0.2620370388031006
1565122728.2096202,92,0.18518517911434174
1565122730.7114553,93,0.26180556416511536
1565122733.220813,94,0.2613425850868225
1565122735.7313933,95,0.26249998807907104
1565122738.2512784,96,0.25810185074806213
1565122740.7792776,97,0.14398148655891418
1565122743.3107915,98,0.11736111342906952
1565122745.8248024,99,0.2456018477678299
1565122748.346606,100,0.14513888955116272
1565122750.8547518,101,0.14166666567325592
1565122753.3746939,102,0.11689814925193787
1565122755.9149292,103,0.2611111104488373
1565122758.455532,104,0.11435185372829437
1565122760.9855452,105,0.26249998807907104
1565122763.5114055,106,0.21250000596046448
1565122766.0133598,107,0.1136574074625969
1565122768.5127378,108,0.25462964177131653
1565122771.0343993,109,0.24166665971279144
1565122773.5536945,110,0.26157405972480774
1565122776.062221,111,0.14560185372829437
1565122778.5805242,112,0.12291666865348816
1565122781.1036785,113,0.23425926268100739
1565122783.6038132,114,0.26157405972480774
1565122786.1389143,115,0.22291666269302368
1565122788.6743608,116,0.08472222089767456
1565122791.201687,117,0.16898147761821747
1565122793.705885,118,0.1745370328426361
1565122796.2223263,119,0.1493055522441864
1565122798.7509923,120,0.15509259700775146
1565122801.2819111,121,0.26180556416511536
1565122803.791269,122,0.2543981373310089
1565122806.2913268,123,0.12777778506278992
1565122808.8033423,124,0.14513888955116272
1565122811.3111844,125,0.1458333283662796
1565122813.810946,126,0.1710648089647293
1565122816.318419,127,0.2620370388031006
1565122818.8294249,128,0.13055555522441864
1565122821.3332827,129,0.2541666626930237
1565122823.8694396,130,0.08495370298624039
1565122826.3995497,131,0.1275462955236435
1565122828.9245932,132,0.2648148238658905
1565122831.455555,133,0.13078702986240387
1565122833.9910667,134,0.2620370388031006
1565122836.5285873,135,0.1726851910352707
1565122839.0671275,136,0.15254630148410797
1565122841.6078382,137,0.25740739703178406
1565122844.1476748,138,0.1458333283662796
1565122846.6852329,139,0.11689814925193787
1565122849.2065597,140,0.14513888955116272
1565122851.7119691,141,0.11759259551763535
1565122854.2306185,142,0.14444445073604584
1565122856.7636733,143,0.09537036716938019
1565122859.3055754,144,0.09212963283061981
1565122861.8386004,145,0.244907408952713
1565123117.2037683,146,0.14884258806705475
1565123119.7128637,147,0.2604166567325592
1565123122.2365668,148,0.21319444477558136
1565123124.7793343,149,0.11689814925193787
1565123127.3152232,150,0.21134258806705475
1565123129.836497,151,0.1935185194015503
1565123132.3781881,152,0.09328703582286835
1565123134.920128,153,0.19074073433876038
1565123137.4585438,154,0.08935185521841049
1565123140.0076277,155,0.08842592686414719
1565123142.5268245,156,0.16273148357868195
1565123145.0615563,157,0.20601852238178253
1565123147.6006227,158,0.10648148506879807
1565123150.1271887,159,0.2562499940395355
1565123152.6655564,160,0.26273149251937866
1565123155.2090094,161,0.26249998807907104
1565123157.7501137,162,0.26180556416511536
1565123160.2871177,163,0.2622685134410858
1565123162.7932937,164,0.17685185372829437
1565123165.2966847,165,0.17662036418914795
1565123167.803005,166,0.17777778208255768
1565123170.3115811,167,0.17754629254341125
1565123172.851277,168,0.08564814925193787
1565123175.3719194,169,0.10972221940755844
1565123177.884827,170,0.20856481790542603
1565123180.4282494,171,0.2474537044763565
1565123182.9571257,172,0.1780092567205429
1565123185.4993172,173,0.19675925374031067
1565123188.031943,174,0.08541666716337204
1565123190.5830338,175,0.08541666716337204
1565123193.1158292,176,0.08564814925193787
1565123198.2545073,177,0.08472222089767456
1565123200.7758088,178,0.08842592686414719
1565123203.314011,179,0.12314815074205399
1565123205.855828,180,0.18101851642131805
1565123208.3949327,181,0.19166666269302368
1565123210.9258578,182,0.14467592537403107
1565123213.4684412,183,0.14629629254341125
1565123216.00984,184,0.2585648000240326
1565123218.5418243,185,0.16273148357868195
1565123221.0794945,186,0.2594907283782959
1565123223.618565,187,0.17731481790542603
1565123226.153791,188,0.10972221940755844
1565123228.6910317,189,0.23634259402751923
1565123231.6325839,190,0.08472222089767456
1565123234.1750548,191,0.1414351910352707
1565123236.7123623,192,0.14467592537403107
1565123239.2353442,193,0.11689814925193787
1565123241.7557096,194,0.1780092567205429
1565123244.301938,195,0.1770833283662796
1565123246.845465,196,0.2527777850627899
1565123249.3896396,197,0.11967592686414719
1565123251.909231,198,0.14699074625968933
1565123254.449946,199,0.14513888955116272
