Wall time,Step,Value
1565122472.7879417,0,0.1059027761220932
1565122475.4310992,1,0.0807291641831398
1565122478.0670364,2,0.1397569477558136
1565122480.6913657,3,0.1597222238779068
1565122483.3285236,4,0.1241319477558136
1565122485.9797134,5,0.1475694477558136
1565122488.6228414,6,0.2083333283662796
1565122491.2569108,7,0.2196180522441864
1565122493.893667,8,0.1276041716337204
1565122496.515759,9,0.2335069477558136
1565122499.1402814,10,0.1866319477558136
1565122501.7902374,11,0.1736111044883728
1565122504.412304,12,0.1736111044883728
1565122507.0475104,13,0.1302083283662796
1565122509.6705668,14,0.1536458283662796
1565122512.3099496,15,0.2317708283662796
1565122514.940265,16,0.2013888955116272
1565122517.5472376,17,0.15625
1565122520.161471,18,0.2118055522441864
1565122522.776856,19,0.1293402761220932
1565122525.3993328,20,0.1684027761220932
1565122528.03996,21,0.1519097238779068
1565122530.7033617,22,0.2083333283662796
1565122533.3162425,23,0.1510416716337204
1565122535.937015,24,0.1223958358168602
1565122538.561897,25,0.1362847238779068
1565122541.2197251,26,0.1276041716337204
1565122543.8456676,27,0.2118055522441864
1565122546.492492,28,0.2039930522441864
1565122549.150438,29,0.1527777761220932
1565122551.8071084,30,0.1961805522441864
1565122554.448593,31,0.2604166567325592
1565122557.0884943,32,0.1779513955116272
1565122559.724606,33,0.2404513955116272
1565122562.3685515,34,0.2421875
1565122565.0155225,35,0.2013888955116272
1565122567.6699538,36,0.1727430522441864
1565122570.319425,37,0.1197916641831398
1565122572.967056,38,0.1866319477558136
1565122575.6171753,39,0.1805555522441864
1565122578.2617102,40,0.1909722238779068
1565122580.9019997,41,0.1458333283662796
1565122583.5472054,42,0.1640625
1565122586.1720483,43,0.1883680522441864
1565122588.7917137,44,0.2039930522441864
1565122591.4259157,45,0.2222222238779068
1565122594.0486531,46,0.1892361044883728
1565122596.6970348,47,0.3133680522441864
1565122599.3195868,48,0.1909722238779068
1565122601.9573092,49,0.2022569477558136
1565122604.6110234,50,0.2777777910232544
1565122607.263199,51,0.2152777761220932
1565122609.9002726,52,0.2317708283662796
1565122612.5646336,53,0.171875
1565122615.2139244,54,0.1657986044883728
1565122617.8478816,55,0.1727430522441864
1565122620.4890008,56,0.2048611044883728
1565122623.1206248,57,0.1432291716337204
1565122625.7324183,58,0.2578125
1565122628.359085,59,0.2300347238779068
1565122630.977099,60,0.2144097238779068
1565122633.611085,61,0.1892361044883728
1565122636.2455964,62,0.2473958283662796
1565122638.8938184,63,0.2178819477558136
1565122641.529762,64,0.2491319477558136
1565122644.1463249,65,0.1588541716337204
1565122646.7739825,66,0.2630208432674408
1565122649.4078164,67,0.2586805522441864
1565122652.055114,68,0.2508680522441864
1565122654.6897063,69,0.140625
1565122657.3128023,70,0.3498263955116272
1565122659.9492388,71,0.2230902761220932
1565122662.565008,72,0.1458333283662796
1565122665.1860156,73,0.2447916716337204
1565122667.833336,74,0.2126736044883728
1565122670.4667552,75,0.1953125
1565122673.1050284,76,0.2821180522441864
1565122675.7433999,77,0.2013888955116272
1565122678.3922315,78,0.2864583432674408
1565122681.0272906,79,0.2586805522441864
1565122683.6806169,80,0.2013888955116272
1565122686.344511,81,0.3246527910232544
1565122688.993855,82,0.2352430522441864
1565122691.6403317,83,0.2178819477558136
1565122694.285677,84,0.2421875
1565122696.9126358,85,0.2204861044883728
1565122699.5506568,86,0.2282986044883728
1565122702.1933076,87,0.2578125
1565122704.8415692,88,0.2604166567325592
1565122707.485389,89,0.2534722089767456
1565122710.1303685,90,0.3454861044883728
1565122712.773425,91,0.2508680522441864
1565122715.4264956,92,0.2769097089767456
1565122718.0492098,93,0.2282986044883728
1565122720.6658082,94,0.2482638955116272
1565122723.296325,95,0.2100694477558136
1565122725.9208589,96,0.3402777910232544
1565122728.5610626,97,0.2256944477558136
1565122731.1964664,98,0.2595486044883728
1565122733.835483,99,0.3125
1565122736.4612012,100,0.2265625
1565122739.114257,101,0.3090277910232544
1565122741.73552,102,0.2916666567325592
1565122744.3711271,103,0.2430555522441864
1565122747.00692,104,0.2873263955116272
1565122749.659985,105,0.3402777910232544
1565122752.3135686,106,0.2977430522441864
1565122754.9534085,107,0.0677083358168602
1565122757.5799954,108,0.1180555522441864
1565122760.1998785,109,0.1180555522441864
1565122762.814039,110,0.0928819477558136
1565122765.425435,111,0.0677083358168602
1565122768.0597007,112,0.1319444477558136
1565122770.6876948,113,0.2118055522441864
1565122773.3414156,114,0.1032986119389534
1565122775.9659116,115,0.1241319477558136
1565122778.588878,116,0.1475694477558136
1565122781.2012272,117,0.1128472238779068
1565122783.8269625,118,0.1302083283662796
1565122786.467939,119,0.0859375
1565122789.0846305,120,0.1354166716337204
1565122791.7081587,121,0.15625
1565122794.3445778,122,0.1927083283662796
1565122796.9643443,123,0.0911458358168602
1565122799.599965,124,0.1657986044883728
1565122802.2579234,125,0.1267361044883728
1565122804.8948753,126,0.0980902761220932
1565122807.5330331,127,0.1614583283662796
1565122810.1577609,128,0.1527777761220932
1565122812.7737017,129,0.1753472238779068
1565122815.3949215,130,0.1762152761220932
1565122818.030338,131,0.1857638955116272
1565122820.6541786,132,0.1276041716337204
1565122823.2985666,133,0.1553819477558136
1565122825.9172196,134,0.1293402761220932
1565122828.5317845,135,0.2239583283662796
1565122831.1663427,136,0.1684027761220932
1565122833.7861307,137,0.1553819477558136
1565122836.406083,138,0.1935763955116272
1565122839.0275085,139,0.1397569477558136
1565122841.6538231,140,0.1779513955116272
1565122844.2747617,141,0.1293402761220932
1565122846.903875,142,0.1605902761220932
1565122849.5543933,143,0.2039930522441864
1565122852.169406,144,0.1657986044883728
1565122854.8101246,145,0.1458333283662796
1565122857.4490373,146,0.1041666641831398
1565122860.1099331,147,0.2013888955116272
1565122862.7580068,148,0.1501736044883728
1565123115.3175907,149,0.1371527761220932
1565123117.9493835,150,0.1987847238779068
1565123120.5923219,151,0.1831597238779068
1565123123.234002,152,0.1918402761220932
1565123125.8810802,153,0.2361111044883728
1565123128.5040686,154,0.1822916716337204
1565123131.1407156,155,0.2855902910232544
1565123133.7703357,156,0.1597222238779068
1565123136.4004774,157,0.2317708283662796
1565123139.037434,158,0.2369791716337204
1565123141.6755257,159,0.1684027761220932
1565123144.281542,160,0.2170138955116272
1565123146.9013445,161,0.2274305522441864
1565123149.549632,162,0.1736111044883728
1565123152.1988654,163,0.2039930522441864
1565123154.8270571,164,0.2092013955116272
1565123157.4557116,165,0.2222222238779068
1565123160.1012921,166,0.1779513955116272
1565123162.7252498,167,0.2855902910232544
1565123165.3590815,168,0.2881944477558136
1565123167.9902859,169,0.25
1565123170.6172655,170,0.140625
1565123173.2470548,171,0.1545138955116272
1565123175.988606,172,0.21875
1565123178.6335416,173,0.1588541716337204
1565123181.250204,174,0.2126736044883728
1565123183.8573878,175,0.1701388955116272
1565123186.4873729,176,0.1744791716337204
1565123189.1159837,177,0.1553819477558136
1565123191.744031,178,0.1727430522441864
1565123194.3872223,179,0.1987847238779068
1565123198.3369205,180,0.2013888955116272
1565123200.9688945,181,0.2378472238779068
1565123203.6088128,182,0.2291666716337204
1565123206.2540946,183,0.2022569477558136
1565123208.8955925,184,0.2690972089767456
1565123211.543402,185,0.2300347238779068
1565123214.192282,186,0.2005208283662796
1565123216.839553,187,0.3532986044883728
1565123219.486548,188,0.1631944477558136
1565123222.1325371,189,0.1857638955116272
1565123224.7783096,190,0.3194444477558136
1565123227.4257133,191,0.2855902910232544
1565123230.082968,192,0.2647569477558136
1565123232.7363217,193,0.1744791716337204
1565123235.3886461,194,0.2170138955116272
1565123238.0312603,195,0.2829861044883728
1565123240.6831079,196,0.3081597089767456
1565123243.328491,197,0.15625
1565123245.9879212,198,0.1527777761220932
1565123248.6253827,199,0.1866319477558136
