Wall time,Step,Value
1565122558.497473,0,0.14573949575424194
1565122561.1061268,1,0.12424924969673157
1565122563.7061026,2,0.14780405163764954
1565122566.2823255,3,0.14573949575424194
1565122568.8479705,4,0.14958707988262177
1565122571.441701,5,0.16657282412052155
1565122574.0056698,6,0.1966966986656189
1565122576.5653064,7,0.13569819927215576
1565122579.132246,8,0.16554054617881775
1565122581.7049015,9,0.18562312424182892
1565122584.2838213,10,0.12837837636470795
1565122586.8674183,11,0.12077702581882477
1565122589.4586108,12,0.15718844532966614
1565122592.0455184,13,0.2116178721189499
1565122594.6245162,14,0.19988738000392914
1565122597.249145,15,0.1658220738172531
1565122599.8387153,16,0.15962837636470795
1565122602.427328,17,0.18909534811973572
1565122605.0162756,18,0.14883632957935333
1565122607.6061726,19,0.14817942678928375
1565122610.1853273,20,0.12772147357463837
1565122612.7586179,21,0.15230855345726013
1565122615.3144188,22,0.1727665215730667
1565122617.866579,23,0.16169294714927673
1565122620.4229481,24,0.16516517102718353
1565122622.9800663,25,0.1727665215730667
1565122625.5129106,26,0.2095533013343811
1565122628.0543644,27,0.15962837636470795
1565122630.6015446,28,0.19256757199764252
1565122633.1449637,29,0.13081832230091095
1565122635.6878638,30,0.16657282412052155
1565122638.2303503,31,0.16169294714927673
1565122640.7700121,32,0.09093468636274338
1565122643.3007977,33,0.09299924969673157
1565122645.8382425,34,0.14264264702796936
1565122648.39413,35,0.13081832230091095
1565122650.9400482,36,0.2026088535785675
1565122653.4918168,37,0.10135135054588318
1565122656.030564,38,0.15540540218353271
1565122658.5757532,39,0.16826200485229492
1565122661.1276956,40,0.17867867648601532
1565122663.670061,41,0.1692942976951599
1565122666.230581,42,0.19050300121307373
1565122668.7489338,43,0.2289789766073227
1565122671.2693179,44,0.14855480194091797
1565122673.8183985,45,0.2317942976951599
1565122676.3597662,46,0.23770645260810852
1565122678.8988147,47,0.2404279261827469
1565122681.4269726,48,0.15615615248680115
1565122683.9539022,49,0.18355855345726013
1565122686.491686,50,0.17210960388183594
1565122689.0219293,51,0.17558182775974274
1565122691.5598497,52,0.20298422873020172
1565122694.1031587,53,0.22409909963607788
1565122696.6268156,54,0.1970720738172531
1565122699.1489832,55,0.20889639854431152
1565122701.6915686,56,0.1991366297006607
1565122704.2328086,57,0.18318317830562592
1565122706.772237,58,0.2199699729681015
1565122709.2909079,59,0.21340090036392212
1565122711.824342,60,0.15024399757385254
1565122714.3705037,61,0.15512387454509735
1565122716.934438,62,0.13597972691059113
1565122719.491445,63,0.12593844532966614
1565122722.040233,64,0.09403153508901596
1565122724.554025,65,0.12490615248680115
1565122727.088859,66,0.16066065430641174
1565122729.9216902,67,0.14611487090587616
1565122734.2004488,68,0.15334084630012512
1565122736.7557955,69,0.11796171218156815
1565122739.3077674,70,0.12143393605947495
1565122741.8322005,71,0.16657282412052155
1565122744.3880184,72,0.16413287818431854
1565122746.9366236,73,0.15474849939346313
1565122749.457926,74,0.15230855345726013
1565122752.0010395,75,0.16310060024261475
1565122754.5353358,76,0.17558182775974274
1565122757.082608,77,0.13494744896888733
1565122759.6113467,78,0.12978602945804596
1565122762.1606812,79,0.12697072327136993
1565122764.709176,80,0.14226727187633514
1565122767.2603612,81,0.14292417466640472
1565122769.813783,82,0.13429054617881775
1565122772.3515582,83,0.14780405163764954
1565122774.8847647,84,0.14986862242221832
1565122777.4418304,85,0.16826200485229492
1565122782.1441016,86,0.14226727187633514
1565122784.712416,87,0.2074887454509735
1565122787.2830582,88,0.16131757199764252
1565122789.8345568,89,0.11871246248483658
1565122792.3670118,90,0.13429054617881775
1565122794.929007,91,0.15925300121307373
1565122797.451828,92,0.14123497903347015
1565122799.9837797,93,0.15718844532966614
1565122802.5233595,94,0.15024399757385254
1565122805.0728886,95,0.15090090036392212
1565122807.6352015,96,0.15887762606143951
1565122810.1908681,97,0.15024399757385254
1565122812.741686,98,0.19012762606143951
1565122815.3047516,99,0.15024399757385254
1565122817.863047,100,0.14470720291137695
1565122820.4335175,101,0.16310060024261475
1565122822.992178,102,0.16169294714927673
1565122825.562394,103,0.14292417466640472
1565122828.0903068,104,0.13738738000392914
1565122830.6207652,105,0.14329954981803894
1565122833.1512203,106,0.14085960388183594
1565122835.7092955,107,0.12002627551555634
1565122838.2341104,108,0.18665540218353271
1565122840.7923877,109,0.15512387454509735
1565122843.356288,110,0.18046170473098755
1565122845.9255397,111,0.11730480194091797
1565122848.4803684,112,0.19087837636470795
1565122851.02223,113,0.15024399757385254
1565122853.5744953,114,0.16966967284679413
1565122856.1355474,115,0.13982732594013214
1565122858.702166,116,0.15090090036392212
1565122861.2518134,117,0.09712837636470795
1565123109.7034054,118,0.15437312424182892
1565123112.2667108,119,0.13776277005672455
1565123114.8169365,120,0.16131757199764252
1565123117.3646855,121,0.14123497903347015
1565123119.9162755,122,0.16516517102718353
1565123122.4451096,123,0.16206832230091095
1565123124.973477,124,0.16169294714927673
1565123127.503401,125,0.14367492496967316
1565123130.0459232,126,0.17764639854431152
1565123132.6053057,127,0.16619744896888733
1565123135.1777213,128,0.1991366297006607
1565123137.7376752,129,0.18459084630012512
1565123140.3009758,130,0.14817942678928375
1565123142.8432071,131,0.15268392860889435
1565123145.4020786,132,0.10135135054588318
1565123147.963992,133,0.17802177369594574
1565123150.5256214,134,0.09750375151634216
1565123153.0869176,135,0.15540540218353271
1565123155.6496139,136,0.12875375151634216
1565123158.2142346,137,0.1807432472705841
1565123160.7959824,138,0.19191065430641174
1565123163.354609,139,0.15962837636470795
1565123165.9116552,140,0.15578077733516693
1565123168.4360805,141,0.16169294714927673
1565123171.0002367,142,0.16966967284679413
1565123173.556615,143,0.17314189672470093
1565123176.1129706,144,0.15024399757385254
1565123178.6782162,145,0.15578077733516693
1565123181.236838,146,0.14714714884757996
1565123183.7655544,147,0.15409159660339355
1565123186.297219,148,0.14020270109176636
1565123188.8595927,149,0.14020270109176636
1565123191.3804994,150,0.16413287818431854
1565123193.9007204,151,0.14226727187633514
1565123198.3176658,152,0.1921921968460083
1565123200.884683,153,0.19885510206222534
1565123203.4445293,154,0.14573949575424194
1565123205.9928064,155,0.1828078031539917
1565123208.5372648,156,0.13222597539424896
1565123211.069925,157,0.1911599040031433
1565123213.618508,158,0.16478979587554932
1565123216.177468,159,0.18703077733516693
1565123218.7318625,160,0.14367492496967316
1565123221.2773852,161,0.19181682169437408
1565123223.8089256,162,0.19847972691059113
1565123226.336931,163,0.2258821278810501
1565123228.9013588,164,0.16798047721385956
1565123231.463778,165,0.15962837636470795
1565123234.0242012,166,0.13222597539424896
1565123236.5852048,167,0.18252627551555634
1565123239.1330974,168,0.18703077733516693
1565123241.661922,169,0.14573949575424194
1565123244.2216291,170,0.17070195078849792
1565123246.7888477,171,0.20298422873020172
1565123249.3497057,172,0.15024399757385254
1565123251.8864315,173,0.14921170473098755
1565123254.4057229,174,0.18149399757385254
1565123256.9524903,175,0.2283220738172531
1565123259.5082028,176,0.16272522509098053
1565123262.0672479,177,0.12077702581882477
1565123264.6277723,178,0.16760510206222534
1565123267.1916597,179,0.20992867648601532
1565123269.7548697,180,0.14085960388183594
1565123272.3311088,181,0.18318317830562592
1565123274.8974824,182,0.1692942976951599
1565123277.453835,183,0.13288287818431854
1565123280.0090563,184,0.19641517102718353
1565123282.5764048,185,0.1911599040031433
1565123285.1396644,186,0.18215090036392212
1565123287.7067287,187,0.18459084630012512
1565123290.2648745,188,0.2036411464214325
1565123292.802612,189,0.19847972691059113
1565123295.3261936,190,0.16863738000392914
1565123297.9101639,191,0.18149399757385254
1565123300.4566367,192,0.19744744896888733
1565123302.991724,193,0.17595720291137695
1565123305.5585997,194,0.18562312424182892
1565123308.117771,195,0.15615615248680115
1565123310.6815066,196,0.14433182775974274
1565123313.2310855,197,0.15268392860889435
1565123315.7539032,198,0.23770645260810852
1565123318.3138099,199,0.17867867648601532
