Wall time,Step,Value
1565122666.5761259,0,0.14308784902095795
1565122669.3209321,1,0.10045219957828522
1565122672.0316002,2,0.10045219957828522
1565122674.698307,3,0.14026163518428802
1565122677.4029377,4,0.16335594654083252
1565122680.1344478,5,0.15108203887939453
1565122682.80964,6,0.18007105588912964
1565122685.5225906,7,0.18354327976703644
1565122688.2026422,8,0.18152454495429993
1565122690.92385,9,0.1621447056531906
1565122693.5934145,10,0.14252260327339172
1565122696.2636042,11,0.11983203887939453
1565122698.9672496,12,0.18168604373931885
1565122701.7103484,13,0.17659883201122284
1565122704.4128962,14,0.16149871051311493
1565122707.1031008,15,0.15148578584194183
1565122709.823086,16,0.16803941130638123
1565122712.524624,17,0.22803618013858795
1565122715.2448313,18,0.15148578584194183
1565122717.9960976,19,0.10925387591123581
1565122720.6720793,20,0.15269702672958374
1565122723.3790636,21,0.14559108018875122
1565122726.0455441,22,0.14841730892658234
1565122728.702241,23,0.14026163518428802
1565122731.3976724,24,0.13985788822174072
1565122734.079921,25,0.15923772752285004
1565122736.8146594,26,0.15843023359775543
1565122739.5167484,27,0.1382429003715515
1565122742.246986,28,0.13945414125919342
1565122744.937553,29,0.22520995140075684
1565122747.6721194,30,0.15883398056030273
1565122750.3738022,31,0.21600452065467834
1565122753.1062272,32,0.22416020929813385
1565122755.8287115,33,0.14680232107639313
1565122758.5007627,34,0.15374676883220673
1565122761.2024176,35,0.22254522144794464
1565122763.9362102,36,0.16351744532585144
1565122766.7036297,37,0.17845606803894043
1565122769.422818,38,0.22254522144794464
1565122772.104139,39,0.20025840401649475
1565122774.8470933,40,0.14494508504867554
1565122777.5547795,41,0.14575257897377014
1565122780.211215,42,0.1308947056531906
1565122782.9187558,43,0.19638243317604065
1565122785.5866828,44,0.14454133808612823
1565122788.2611926,45,0.14187660813331604
1565122790.9200711,46,0.21172480285167694
1565122793.6130543,47,0.22658269107341766
1565122796.2593815,48,0.19904716312885284
1565122798.9525516,49,0.20825257897377014
1565122801.634029,50,0.15415051579475403
1565122804.3216825,51,0.16109496355056763
1565122807.0338748,52,0.13598191738128662
1565122809.7517931,53,0.15374676883220673
1565122812.423344,54,0.16844315826892853
1565122815.1255238,55,0.16803941130638123
1565122817.8047345,56,0.19089147448539734
1565122820.5151026,57,0.13864664733409882
1565122823.1934144,58,0.14575257897377014
1565122825.902733,59,0.16109496355056763
1565122828.6013784,60,0.22561369836330414
1565122831.2482054,61,0.20251938700675964
1565122833.9270818,62,0.22642119228839874
1565122836.5924768,63,0.22294896841049194
1565122839.3157384,64,0.18435077369213104
1565122841.9939587,65,0.17498384416103363
1565122862.972945,66,0.18273578584194183
1565123109.8778856,67,0.17966730892658234
1565123112.5647829,68,0.14720606803894043
1565123115.2755418,69,0.13477067649364471
1565123117.948269,70,0.22561369836330414
1565123120.6244168,71,0.22375646233558655
1565123123.3457131,72,0.12984496355056763
1565123126.0214791,73,0.14252260327339172
1565123128.7364373,74,0.14454133808612823
1565123131.4233968,75,0.15762273967266083
1565123134.1369598,76,0.19823966920375824
1565123136.8822865,77,0.17005814611911774
1565123139.6021385,78,0.15843023359775543
1565123142.3186831,79,0.19315245747566223
1565123145.0045428,80,0.15390826761722565
1565123147.7146919,81,0.17151163518428802
1565123150.4382243,82,0.16844315826892853
1565123153.1229105,83,0.14615632593631744
1565123155.8043213,84,0.16925065219402313
1565123158.464024,85,0.15883398056030273
1565123161.109447,86,0.15802648663520813
1565123163.816869,87,0.14494508504867554
1565123166.4834163,88,0.15188953280448914
1565123169.1813164,89,0.19008398056030273
1565123171.9152946,90,0.18152454495429993
1565123174.5927932,91,0.15802648663520813
1565123177.3000143,92,0.15681524574756622
1565123179.9831648,93,0.15269702672958374
1565123182.6289308,94,0.17393410205841064
1565123185.3350294,95,0.16965439915657043
1565123188.0413096,96,0.12395025789737701
1565123190.7251456,97,0.14680232107639313
1565123193.4348779,98,0.20090439915657043
1565123198.4419172,99,0.20171189308166504
1565123201.1112869,100,0.14720606803894043
1565123203.7613015,101,0.20558784902095795
1565123206.469671,102,0.21761950850486755
1565123209.1403148,103,0.22068798542022705
1565123211.8294673,104,0.13024871051311493
1565123214.4935777,105,0.15762273967266083
1565123217.182923,106,0.19662468135356903
1565123219.8810322,107,0.17845606803894043
1565123222.5620008,108,0.18047480285167694
1565123225.2765214,109,0.19904716312885284
1565123227.9551592,110,0.23376938700675964
1565123230.6342711,111,0.15964147448539734
1565123233.345941,112,0.21212854981422424
1565123236.0219398,113,0.20784883201122284
1565123238.7365077,114,0.20639534294605255
1565123241.4842713,115,0.12863372266292572
1565123244.1637437,116,0.16190245747566223
1565123246.8835676,117,0.16392119228839874
1565123249.5630958,118,0.19395995140075684
1565123252.264194,119,0.18927648663520813
1565123254.9512172,120,0.21826550364494324
1565123257.6309536,121,0.24418604373931885
1565123260.3353307,122,0.15802648663520813
1565123263.0105376,123,0.15108203887939453
1565123265.766315,124,0.19089147448539734
1565123268.444397,125,0.20130814611911774
1565123271.1474547,126,0.20663759112358093
1565123273.825211,127,0.11781330406665802
1565123276.53565,128,0.21172480285167694
1565123279.2109861,129,0.20946381986141205
1565123281.8947415,130,0.17231911420822144
1565123284.6081018,131,0.19985465705394745
1565123287.3276412,132,0.23538435995578766
1565123290.011968,133,0.21051356196403503
1565123292.724961,134,0.22335271537303925
1565123295.4019706,135,0.21705426275730133
1565123298.1003413,136,0.21745800971984863
1565123300.775508,137,0.20356911420822144
1565123303.4333308,138,0.21907299757003784
1565123306.1233437,139,0.21560077369213104
1565123308.8022258,140,0.22763243317604065
1565123311.4824138,141,0.15415051579475403
1565123314.1323314,142,0.22319121658802032
1565123316.838612,143,0.20865632593631744
1565123319.5505161,144,0.17659883201122284
1565123322.2709222,145,0.16763566434383392
1565123325.0046992,146,0.15616925060749054
1565123327.6815848,147,0.16658592224121094
1565123330.400192,148,0.15843023359775543
1565123333.0817108,149,0.20130814611911774
1565123335.7949278,150,0.24458979070186615
1565123338.4743214,151,0.23376938700675964
1565123341.1525311,152,0.27172157168388367
1565123343.8615296,153,0.22230297327041626
1565123346.5529976,154,0.22093023359775543
1565123349.2230031,155,0.18887273967266083
1565123351.9167044,156,0.18435077369213104
1565123354.593717,157,0.23724159598350525
1565123357.2420146,158,0.20292313396930695
1565123359.9518454,159,0.20211564004421234
1565123362.6301193,160,0.20906007289886475
1565123365.2635343,161,0.19638243317604065
1565123367.973179,162,0.15293927490711212
1565123370.663564,163,0.20090439915657043
1565123373.362051,164,0.22294896841049194
1565123376.031264,165,0.11474483460187912
1565123378.670964,166,0.15334302186965942
1565123381.387598,167,0.13945414125919342
1565123384.0530198,168,0.16351744532585144
1565123386.732528,169,0.15374676883220673
1565123389.4468112,170,0.13678941130638123
1565123392.1192741,171,0.20784883201122284
1565123394.7735965,172,0.19864341616630554
1565123397.4815826,173,0.18394702672958374
1565123400.1571789,174,0.16069121658802032
1565123402.8012638,175,0.15802648663520813
1565123405.524846,176,0.17619508504867554
1565123408.2003891,177,0.21947674453258514
1565123410.8811538,178,0.22068798542022705
1565123413.561381,179,0.22149547934532166
1565123416.2438025,180,0.14801356196403503
1565123418.9172661,181,0.14680232107639313
1565123421.6207192,182,0.23522286117076874
1565123424.3274412,183,0.21786175668239594
1565123426.9950626,184,0.19904716312885284
1565123429.6987643,185,0.22294896841049194
1565123432.4071379,186,0.15843023359775543
1565123435.093117,187,0.17498384416103363
1565123437.804364,188,0.22109173238277435
1565123440.4819498,189,0.18620800971984863
1565123443.1561162,190,0.14187660813331604
1565123445.8668258,191,0.22722868621349335
1565123448.5865154,192,0.21317829191684723
1565123451.2452624,193,0.21600452065467834
1565123453.9583073,194,0.24378229677677155
1565123456.6556187,195,0.15762273967266083
1565123459.3655214,196,0.16658592224121094
1565123462.0319464,197,0.19557493925094604
1565123464.7143497,198,0.16803941130638123
1565123467.4019098,199,0.18031330406665802
