Wall time,Step,Value
1565122149.9222097,0,0.104538694024086
1565122152.5350835,1,0.1231398805975914
1565122155.1315632,2,0.0755208358168602
1565122157.7791834,3,0.096726194024086
1565122160.3840284,4,0.1395089328289032
1565122162.9991114,5,0.170014888048172
1565122165.6173925,6,0.1882440447807312
1565122168.2189674,7,0.2161458283662796
1565122170.795376,8,0.2161458283662796
1565122173.3861384,9,0.2120535671710968
1565122175.967938,10,0.185639888048172
1565122178.5247896,11,0.1145833358168602
1565122181.1079001,12,0.158110111951828
1565122183.6880424,13,0.1975446492433548
1565122186.2740521,14,0.1975446492433548
1565122188.870986,15,0.1804315447807312
1565122191.4696274,16,0.2068452388048172
1565122194.0427358,17,0.1949404776096344
1565122196.6271384,18,0.1711309552192688
1565122199.203031,19,0.21875
1565122201.7920318,20,0.229538694024086
1565122204.3886144,21,0.1618303507566452
1565122206.9782755,22,0.162202388048172
1565122209.5639467,23,0.2131696492433548
1565122212.1640437,24,0.1882440447807312
1565122214.7486658,25,0.1343005895614624
1565122217.3332365,26,0.1726190447807312
1565122219.9108489,27,0.1949404776096344
1565122222.4952345,28,0.1882440447807312
1565122225.0901945,29,0.2273065447807312
1565122227.6854851,30,0.189360111951828
1565122230.2779143,31,0.1990327388048172
1565122232.8550384,32,0.181547611951828
1565122235.4293988,33,0.1867559552192688
1565122238.0209775,34,0.1804315447807312
1565122240.615191,35,0.1789434552192688
1565122243.2191994,36,0.1696428507566452
1565122245.7975657,37,0.1863839328289032
1565122248.362193,38,0.1752232164144516
1565122250.9355114,39,0.200148805975914
1565122253.5085433,40,0.1707589328289032
1565122256.0853183,41,0.1752232164144516
1565122258.6515808,42,0.2053571492433548
1565122261.2308106,43,0.200148805975914
1565122263.7985826,44,0.1752232164144516
1565122266.3747125,45,0.1841517835855484
1565122268.943917,46,0.2038690447807312
1565122271.518508,47,0.181547611951828
1565122274.0885804,48,0.167038694024086
1565122276.6657305,49,0.1722470223903656
1565122279.22653,50,0.181547611951828
1565122281.8123362,51,0.1607142835855484
1565122284.394241,52,0.1685267835855484
1565122286.9941874,53,0.1975446492433548
1565122289.5667946,54,0.2068452388048172
1565122292.1630664,55,0.1696428507566452
1565122294.731404,56,0.1882440447807312
1565122297.299193,57,0.095238097012043
1565122299.8927534,58,0.1975446492433548
1565122302.490708,59,0.165922611951828
1565122305.084715,60,0.1882440447807312
1565122307.6701396,61,0.1882440447807312
1565122310.2656655,62,0.1789434552192688
1565122312.8475904,63,0.1975446492433548
1565122315.44374,64,0.2228422611951828
1565122318.0215344,65,0.1882440447807312
1565122320.6007578,66,0.1473214328289032
1565122323.1880338,67,0.203125
1565122325.7762642,68,0.1975446492433548
1565122328.3530436,69,0.1696428507566452
1565122330.9319537,70,0.1566220223903656
1565122333.5167062,71,0.1428571492433548
1565122336.1067975,72,0.1242559552192688
1565122338.7006311,73,0.2109375
1565122341.290952,74,0.1882440447807312
1565122343.8862736,75,0.1908482164144516
1565122346.4760401,76,0.1752232164144516
1565122349.0593116,77,0.1789434552192688
1565122351.6508577,78,0.1752232164144516
1565122354.2211335,79,0.1752232164144516
1565122356.7905698,80,0.1975446492433548
1565122359.3697767,81,0.1882440447807312
1565122361.9522297,82,0.2068452388048172
1565122364.520216,83,0.181547611951828
1565122367.1090286,84,0.165922611951828
1565122369.677136,85,0.1473214328289032
1565122372.2413342,86,0.1752232164144516
1565122374.8228512,87,0.1618303507566452
1565122377.3996747,88,0.1897321492433548
1565122379.9675534,89,0.165922611951828
1565122382.5416932,90,0.1421130895614624
1565122385.1235068,91,0.1975446492433548
1565122387.6887627,92,0.2068452388048172
1565122390.2679408,93,0.193452388048172
1565122392.829296,94,0.1566220223903656
1565122395.416903,95,0.079613097012043
1565122398.0023324,96,0.1149553582072258
1565122400.5943568,97,0.1473214328289032
1565122403.1854494,98,0.2124255895614624
1565122405.7723231,99,0.184523805975914
1565122408.3685608,100,0.1789434552192688
1565122410.926217,101,0.1566220223903656
1565122413.4958446,102,0.2094494104385376
1565122416.0720518,103,0.1205357164144516
1565122418.6551454,104,0.1975446492433548
1565122421.2192109,105,0.0926339253783226
1565122423.7867138,106,0.185639888048172
1565122426.3821695,107,0.1566220223903656
1565122428.9662223,108,0.1566220223903656
1565122431.5413697,109,0.1752232164144516
1565122434.127562,110,0.1938244104385376
1565122436.6866717,111,0.1566220223903656
1565122439.2636404,112,0.088913694024086
1565122441.8455822,113,0.1056547611951828
1565122444.4333313,114,0.1752232164144516
1565122447.00036,115,0.165922611951828
1565122449.5581532,116,0.165922611951828
1565122452.136643,117,0.1696428507566452
1565122454.7169435,118,0.0926339253783226
1565122457.288594,119,0.0926339253783226
1565122459.846514,120,0.1789434552192688
1565122462.4184332,121,0.1789434552192688
1565122464.9958093,122,0.1566220223903656
1565122467.5728784,123,0.1711309552192688
1565122470.1695712,124,0.167038694024086
1565122472.770296,125,0.1830357164144516
1565122475.3475578,126,0.1882440447807312
1565122477.926445,127,0.1019345223903656
1565122480.5235524,128,0.1138392835855484
1565122483.1028626,129,0.185639888048172
1565122485.6892502,130,0.1607142835855484
1565122488.2643847,131,0.0926339253783226
1565122490.8419347,132,0.1886160671710968
1565122493.42063,133,0.1644345223903656
1565122495.9881856,134,0.0926339253783226
1565122498.564759,135,0.2068452388048172
1565122501.1335676,136,0.1603422611951828
1565122503.7079296,137,0.1830357164144516
1565122506.2827263,138,0.165922611951828
1565122508.8582258,139,0.1789434552192688
1565122511.4309564,140,0.1551339328289032
1565122514.001188,141,0.1372767835855484
1565122516.5855079,142,0.1789434552192688
1565122519.1674063,143,0.1149553582072258
1565122521.7469566,144,0.1205357164144516
1565122524.3279843,145,0.159226194024086
1565122526.8998895,146,0.1525297611951828
1565122529.486086,147,0.1949404776096344
1565122532.0601573,148,0.165922611951828
1565122534.6557603,149,0.1595982164144516
1565122537.2398286,150,0.0900297611951828
1565122539.8136215,151,0.2068452388048172
1565122542.3946896,152,0.1112351194024086
1565122544.965862,153,0.1112351194024086
1565122547.558437,154,0.1715029776096344
1565122550.1485424,155,0.1223958358168602
1565122552.7270036,156,0.1019345223903656
1565122555.857662,157,0.118675597012043
1565122558.4351432,158,0.1633184552192688
1565122561.0173967,159,0.1595982164144516
1565122563.6093657,160,0.0837053582072258
1565122566.2091885,161,0.165922611951828
1565122568.8073745,162,0.158110111951828
1565122571.4215453,163,0.1949404776096344
1565122574.0202432,164,0.1696428507566452
1565122576.607064,165,0.203125
1565122579.2106023,166,0.1566220223903656
1565122581.8155584,167,0.184523805975914
1565122584.4023054,168,0.2005208283662796
1565122587.0055587,169,0.1566220223903656
1565122589.596534,170,0.1473214328289032
1565122592.1915345,171,0.1566220223903656
1565122594.774639,172,0.1566220223903656
1565122597.3551996,173,0.1569940447807312
1565122599.9302027,174,0.1164434552192688
1565122602.5087166,175,0.1015625
1565122605.1016026,176,0.1540178507566452
1565122607.6754513,177,0.1491815447807312
1565122610.2379794,178,0.150297611951828
1565122612.8070674,179,0.1555059552192688
1565122615.3859415,180,0.184523805975914
1565122617.980442,181,0.120163694024086
1565122620.54861,182,0.120163694024086
1565122623.128987,183,0.162202388048172
1565122625.7146091,184,0.165922611951828
1565122628.291966,185,0.1938244104385376
1565122630.8784263,186,0.1372767835855484
1565122633.4508247,187,0.1294642835855484
1565122636.0370178,188,0.143601194024086
1565122638.597931,189,0.0911458358168602
1565122641.19279,190,0.170014888048172
1565122643.7682307,191,0.1674107164144516
1565122646.3348992,192,0.1082589253783226
1565122648.9077246,193,0.134672611951828
1565122651.4693534,194,0.1476934552192688
1565122654.057855,195,0.1383928507566452
1565122656.6590002,196,0.1008184552192688
1565122659.2359428,197,0.0822172611951828
1565122661.8321667,198,0.1361607164144516
1565122664.4162378,199,0.1476934552192688
