Wall time,Step,Value
1565122616.5933158,0,0.2786458432674408
1565122619.29755,1,0.1380208283662796
1565122621.991552,2,0.0598958320915699
1565122624.6035988,3,0.0625
1565122627.275383,4,0.1692708283662796
1565122629.9655905,5,0.2005208283662796
1565122632.6393301,6,0.2265625
1565122635.2767031,7,0.234375
1565122637.9197276,8,0.2708333432674408
1565122640.533157,9,0.2994791567325592
1565122643.1993794,10,0.3880208432674408
1565122645.8655744,11,0.1588541716337204
1565122648.552247,12,0.203125
1565122651.2372098,13,0.2760416567325592
1565122653.919306,14,0.1692708283662796
1565122656.5322065,15,0.3255208432674408
1565122659.145136,16,0.1276041716337204
1565122661.7584283,17,0.2682291567325592
1565122664.3676288,18,0.34375
1565122666.9799988,19,0.2395833283662796
1565122669.559238,20,0.09375
1565122672.165905,21,0.3359375
1565122674.8281949,22,0.1276041716337204
1565122677.4319806,23,0.3567708432674408
1565122680.0214167,24,0.2760416567325592
1565122682.6539197,25,0.2005208283662796
1565122685.3265777,26,0.1145833358168602
1565122687.9854834,27,0.2083333283662796
1565122690.6661265,28,0.2005208283662796
1565122693.3046305,29,0.2630208432674408
1565122695.911996,30,0.1953125
1565122698.5115764,31,0.2005208283662796
1565122701.1540802,32,0.2291666716337204
1565122703.760353,33,0.1692708283662796
1565122706.3722277,34,0.2682291567325592
1565122708.9512863,35,0.328125
1565122711.549953,36,0.2291666716337204
1565122714.1499662,37,0.1744791716337204
1565122716.7727962,38,0.25
1565122719.3991604,39,0.3203125
1565122722.0152407,40,0.2942708432674408
1565122724.6078813,41,0.2630208432674408
1565122727.2053797,42,0.2552083432674408
1565122730.0172668,43,0.25
1565122734.3040862,44,0.3229166567325592
1565122736.9944348,45,0.2473958283662796
1565122739.6125243,46,0.28125
1565122742.2771502,47,0.3463541567325592
1565122744.9477313,48,0.3645833432674408
1565122747.6181312,49,0.2213541716337204
1565122750.27205,50,0.0807291641831398
1565122752.9499643,51,0.125
1565122755.6098971,52,0.1927083283662796
1565122758.2899816,53,0.2005208283662796
1565122760.9112144,54,0.1328125
1565122763.5738497,55,0.1328125
1565122766.1952624,56,0.3072916567325592
1565122768.8119369,57,0.2239583283662796
1565122771.4155734,58,0.1848958283662796
1565122774.0318835,59,0.1015625
1565122776.7243266,60,0.09375
1565122781.5020897,61,0.0833333358168602
1565122784.128276,62,0.0885416641831398
1565122786.7470942,63,0.1328125
1565122789.3557577,64,0.1328125
1565122791.9546425,65,0.171875
1565122794.6440907,66,0.1875
1565122797.287742,67,0.0911458358168602
1565122799.942563,68,0.0807291641831398
1565122802.6176286,69,0.1692708283662796
1565122805.274341,70,0.0859375
1565122807.968823,71,0.09375
1565122810.640497,72,0.1223958358168602
1565122813.3329287,73,0.0989583358168602
1565122816.0194488,74,0.0911458358168602
1565122818.7101884,75,0.1145833358168602
1565122821.4005263,76,0.0755208358168602
1565122824.0798244,77,0.1119791641831398
1565122826.7521803,78,0.109375
1565122829.3971071,79,0.0755208358168602
1565122832.057275,80,0.2760416567325592
1565122834.7392561,81,0.1822916716337204
1565122837.3906865,82,0.125
1565122840.0761747,83,0.109375
1565122842.7093523,84,0.1822916716337204
1565122845.355823,85,0.1302083283662796
1565122848.0257943,86,0.1744791716337204
1565122850.7057607,87,0.2317708283662796
1565122853.3460414,88,0.2213541716337204
1565122856.0263653,89,0.0911458358168602
1565122858.712157,90,0.2786458432674408
1565122861.3758597,91,0.3098958432674408
1565123109.8966541,92,0.2395833283662796
1565123112.538393,93,0.2083333283662796
1565123115.1555371,94,0.1692708283662796
1565123117.8380055,95,0.1796875
1565123120.499543,96,0.1458333283662796
1565123123.1627672,97,0.2760416567325592
1565123125.8229053,98,0.3307291567325592
1565123128.4756632,99,0.2708333432674408
1565123131.0965745,100,0.2421875
1565123133.7141306,101,0.1119791641831398
1565123136.3381534,102,0.0833333358168602
1565123138.9567297,103,0.2916666567325592
1565123141.5609634,104,0.3203125
1565123144.1674829,105,0.2395833283662796
1565123146.8149765,106,0.1302083283662796
1565123149.4374378,107,0.1979166716337204
1565123152.0642645,108,0.2630208432674408
1565123154.729346,109,0.2005208283662796
1565123157.3564296,110,0.2760416567325592
1565123159.9815633,111,0.1848958283662796
1565123162.615521,112,0.1328125
1565123165.2702062,113,0.2682291567325592
1565123167.925577,114,0.1302083283662796
1565123170.525882,115,0.1901041716337204
1565123173.181296,116,0.34375
1565123175.865381,117,0.171875
1565123178.4892077,118,0.3567708432674408
1565123181.1159518,119,0.1822916716337204
1565123183.711144,120,0.2526041567325592
1565123186.3463216,121,0.3958333432674408
1565123189.0017588,122,0.1302083283662796
1565123191.5801454,123,0.328125
1565123194.163748,124,0.4348958432674408
1565123198.4580991,125,0.3567708432674408
1565123201.0764203,126,0.25
1565123203.6983943,127,0.21875
1565123206.3103507,128,0.3020833432674408
1565123208.9427164,129,0.3151041567325592
1565123211.5324085,130,0.3125
1565123214.2160182,131,0.1223958358168602
1565123216.8903964,132,0.2760416567325592
1565123219.5771606,133,0.1354166716337204
1565123222.2466617,134,0.171875
1565123224.89849,135,0.2005208283662796
1565123227.5547347,136,0.171875
1565123230.1731412,137,0.265625
1565123232.8293765,138,0.2708333432674408
1565123235.5164576,139,0.1380208283662796
1565123238.1369977,140,0.1796875
1565123240.790179,141,0.0833333358168602
1565123243.4750707,142,0.265625
1565123246.1002102,143,0.3177083432674408
1565123248.7232385,144,0.28125
1565123251.3153498,145,0.1640625
1565123253.9014704,146,0.109375
1565123256.5032086,147,0.2578125
1565123259.1207922,148,0.2708333432674408
1565123261.742829,149,0.1458333283662796
1565123264.3748314,150,0.2265625
1565123266.99859,151,0.21875
1565123269.617336,152,0.1666666716337204
1565123272.3007784,153,0.1223958358168602
1565123274.9881701,154,0.2057291716337204
1565123277.6389508,155,0.15625
1565123280.3308718,156,0.1770833283662796
1565123282.9605417,157,0.1822916716337204
1565123285.5874789,158,0.3072916567325592
1565123288.258911,159,0.3385416567325592
1565123290.9398172,160,0.125
1565123293.5293167,161,0.2760416567325592
1565123296.1126137,162,0.2291666716337204
1565123298.7863083,163,0.296875
1565123301.4501305,164,0.3515625
1565123304.0642252,165,0.1848958283662796
1565123306.7452784,166,0.1458333283662796
1565123309.4391534,167,0.2109375
1565123312.1280572,168,0.3541666567325592
1565123314.7766464,169,0.390625
1565123317.385041,170,0.2864583432674408
1565123320.0066311,171,0.3177083432674408
1565123322.6096275,172,0.2786458432674408
1565123325.2135072,173,0.328125
1565123327.8175092,174,0.1484375
1565123330.4780462,175,0.1875
1565123333.149485,176,0.2005208283662796
1565123335.8152049,177,0.2760416567325592
1565123338.4590745,178,0.2369791716337204
1565123341.1033158,179,0.21875
1565123343.7456732,180,0.25
1565123346.4017553,181,0.2552083432674408
1565123349.043348,182,0.1848958283662796
1565123351.6872487,183,0.1015625
1565123354.281249,184,0.2786458432674408
1565123356.8933635,185,0.2578125
1565123359.5146828,186,0.265625
1565123362.1600237,187,0.2578125
1565123364.807182,188,0.3098958432674408
1565123367.4483259,189,0.2395833283662796
1565123370.0950935,190,0.2890625
1565123372.7621834,191,0.2708333432674408
1565123375.411703,192,0.3020833432674408
1565123378.057612,193,0.3802083432674408
1565123380.7075715,194,0.3098958432674408
1565123383.3405383,195,0.2552083432674408
1565123386.0050595,196,0.2447916716337204
1565123388.6666608,197,0.2838541567325592
1565123391.3317487,198,0.3229166567325592
1565123394.0048423,199,0.2864583432674408
