Wall time,Step,Value
1565122241.5362897,0,0.14377741515636444
1565122244.1883245,1,0.11746162176132202
1565122246.8044086,2,0.0911458358168602
1565122249.421511,3,0.12294407933950424
1565122252.051333,4,0.11225328594446182
1565122254.6645658,5,0.125137060880661
1565122257.2786233,6,0.14884868264198303
1565122259.8853285,7,0.1355537325143814
1565122262.5099866,8,0.13569079339504242
1565122265.1156647,9,0.14350329339504242
1565122267.7335882,10,0.16461074352264404
1565122270.3522851,11,0.16721491515636444
1565122272.9775138,12,0.15405701100826263
1565122275.5898345,13,0.15145285427570343
1565122278.2058263,14,0.14610745012760162
1565122280.8057017,15,0.1303453892469406
1565122283.443223,16,0.14610745012760162
1565122286.0798013,17,0.12006578594446182
1565122288.7037838,18,0.1772203892469406
1565122291.3381734,19,0.18037280440330505
1565122293.9560883,20,0.13061951100826263
1565122296.569755,21,0.10169956088066101
1565122299.2054963,22,0.0989583358168602
1565122301.8459904,23,0.16474780440330505
1565122304.4871864,24,0.15145285427570343
1565122307.1237407,25,0.1381578892469406
1565122309.762275,26,0.14624451100826263
1565122312.392541,27,0.13829495012760162
1565122315.0293705,28,0.18558114767074585
1565122317.656514,29,0.15158991515636444
1565122320.2819135,30,0.14624451100826263
1565122322.9161677,31,0.14871162176132202
1565122325.5531754,32,0.18544407188892365
1565122328.1817575,33,0.1277412325143814
1565122330.8012977,34,0.16954495012760162
1565122333.435236,35,0.21724233031272888
1565122336.0699759,36,0.18283991515636444
1565122338.7153096,37,0.22985197603702545
1565122341.3368175,38,0.18804824352264404
1565122343.9802437,39,0.2587719261646271
1565122346.6170323,40,0.19298245012760162
1565122349.2468867,41,0.17749451100826263
1565122351.873537,42,0.1589912325143814
1565122354.4962409,43,0.18009868264198303
1565122357.1204848,44,0.16981907188892365
1565122359.7449327,45,0.18270285427570343
1565122362.3759015,46,0.1381578892469406
1565122364.9937272,47,0.25575658679008484
1565122367.6311643,48,0.14350329339504242
1565122370.2315774,49,0.17475329339504242
1565122372.8351634,50,0.20614035427570343
1565122375.458122,51,0.17475329339504242
1565122378.0837324,52,0.25315240025520325
1565122380.6968505,53,0.26877740025520325
1565122383.3213024,54,0.195449560880661
1565122385.9690557,55,0.21916118264198303
1565122388.6079664,56,0.23506030440330505
1565122391.2225502,57,0.26370614767074585
1565122393.8345976,58,0.28453946113586426
1565122396.4677417,59,0.29248902201652527
1565122399.1048288,60,0.24780701100826263
1565122401.7456172,61,0.12266995757818222
1565122404.383404,62,0.15666118264198303
1565122407.0130591,63,0.14884868264198303
1565122409.6379123,64,0.20120614767074585
1565122412.2423162,65,0.22190241515636444
1565122414.8487833,66,0.19298245012760162
1565122417.483958,67,0.24013157188892365
1565122420.0981255,68,0.27686402201652527
1565122422.6989672,69,0.27946820855140686
1565122425.3340168,70,0.26082783937454224
1565122427.9594862,71,0.28193530440330505
1565122430.5915294,72,0.22697368264198303
1565122433.2232912,73,0.14884868264198303
1565122435.8346164,74,0.21134868264198303
1565122438.4495223,75,0.2929002046585083
1565122441.0770571,76,0.26631030440330505
1565122443.720285,77,0.20079495012760162
1565122446.3453805,78,0.3056469261646271
1565122448.9554412,79,0.3057839870452881
1565122451.5659795,80,0.21916118264198303
1565122454.191204,81,0.2240953892469406
1565122456.8116822,82,0.23752741515636444
1565122459.4119515,83,0.25863486528396606
1565122462.0146697,84,0.26631030440330505
1565122464.633452,85,0.29523026943206787
1565122467.2495549,86,0.24533991515636444
1565122469.8885531,87,0.30276864767074585
1565122472.5334373,88,0.3033168911933899
1565122475.1559207,89,0.32648026943206787
1565122477.7879848,90,0.24794407188892365
1565122480.4254122,91,0.29756030440330505
1565122483.056244,92,0.24766995012760162
1565122485.6988215,93,0.16721491515636444
1565122488.3276238,94,0.16721491515636444
1565122490.9528368,95,0.14610745012760162
1565122493.5772958,96,0.16721491515636444
1565122496.183433,97,0.09649122506380081
1565122498.81307,98,0.14377741515636444
1565122501.422375,99,0.2691885828971863
1565122504.0529025,100,0.14350329339504242
1565122506.6673694,101,0.11225328594446182
1565122509.2877898,102,0.14391447603702545
1565122511.914291,103,0.11485745757818222
1565122514.5214398,104,0.19860197603702545
1565122517.1513994,105,0.20134320855140686
1565122519.7855089,106,0.14638157188892365
1565122522.4033732,107,0.0859375
1565122525.024041,108,0.16721491515636444
1565122527.6504843,109,0.17776864767074585
1565122530.277987,110,0.1484375
1565122532.8988602,111,0.13048245012760162
1565122535.5335386,112,0.17214912176132202
1565122538.1527736,113,0.14610745012760162
1565122540.7717874,114,0.15405701100826263
1565122543.3933783,115,0.14624451100826263
1565122546.0210354,116,0.15405701100826263
1565122548.643642,117,0.15666118264198303
1565122551.2714002,118,0.13061951100826263
1565122553.8966415,119,0.18832236528396606
1565122557.0972638,120,0.09388706088066101
1565122559.7191856,121,0.12006578594446182
1565122562.3397028,122,0.12801535427570343
1565122564.9805682,123,0.10169956088066101
1565122567.6074042,124,0.11746162176132202
1565122570.244119,125,0.18777412176132202
1565122572.8786628,126,0.17475329339504242
1565122575.503868,127,0.21422697603702545
1565122578.1512315,128,0.13075657188892365
1565122580.8202767,129,0.09909539669752121
1565122583.482283,130,0.14871162176132202
1565122586.1450746,131,0.12006578594446182
1565122588.8200672,132,0.13856907188892365
1565122591.4881454,133,0.09649122506380081
1565122594.1541157,134,0.14364035427570343
1565122596.8240662,135,0.13322368264198303
1565122599.491305,136,0.132949560880661
1565122602.1437714,137,0.09909539669752121
1565122604.8164365,138,0.13061951100826263
1565122607.4725575,139,0.21422697603702545
1565122610.107825,140,0.15145285427570343
1565122612.7617154,141,0.12020285427570343
1565122615.4189131,142,0.16200657188892365
1565122618.0898774,143,0.13596491515636444
1565122620.7399335,144,0.11992872506380081
1565122623.3981788,145,0.22697368264198303
1565122626.0638044,146,0.19311951100826263
1565122628.7136343,147,0.14364035427570343
1565122631.3715518,148,0.18297697603702545
1565122634.0326247,149,0.12815241515636444
1565122636.7028084,150,0.14377741515636444
1565122639.3516722,151,0.10951206088066101
1565122642.0214257,152,0.13569079339504242
1565122644.6827579,153,0.10704495757818222
1565122647.3211615,154,0.11485745757818222
1565122649.9622204,155,0.13843201100826263
1565122652.6124158,156,0.140762060880661
1565122655.2916362,157,0.1145833358168602
1565122657.9687076,158,0.16173245012760162
1565122660.645235,159,0.12006578594446182
1565122663.3202276,160,0.23793859779834747
1565122665.9590538,161,0.14103618264198303
1565122668.6083798,162,0.15940241515636444
1565122671.2480075,163,0.11746162176132202
1565122673.850044,164,0.09128289669752121
1565122676.4533446,165,0.14884868264198303
1565122679.053492,166,0.12527412176132202
1565122681.6648088,167,0.22203947603702545
1565122684.2733164,168,0.11211622506380081
1565122686.8812804,169,0.21422697603702545
1565122689.5195856,170,0.13582785427570343
1565122692.1265519,171,0.14103618264198303
1565122694.740162,172,0.14610745012760162
1565122697.3437893,173,0.13582785427570343
1565122699.9649627,174,0.132949560880661
1565122702.6060996,175,0.15405701100826263
1565122705.2491822,176,0.10169956088066101
1565122707.890062,177,0.16707785427570343
1565122710.5365603,178,0.11732456088066101
1565122713.175582,179,0.18777412176132202
1565122715.808691,180,0.15666118264198303
1565122718.4445512,181,0.14871162176132202
1565122721.0475168,182,0.11746162176132202
1565122723.658659,183,0.12266995757818222
1565122726.268116,184,0.16461074352264404
1565122728.882032,185,0.17776864767074585
1565122731.4845605,186,0.16447368264198303
1565122734.1100347,187,0.11211622506380081
1565122736.7582247,188,0.17790570855140686
1565122739.4050434,189,0.24575109779834747
1565122742.0431027,190,0.15391995012760162
1565122744.6695113,191,0.14364035427570343
1565122747.311278,192,0.13322368264198303
1565122749.960173,193,0.12527412176132202
1565122752.6004183,194,0.15926535427570343
1565122755.2443318,195,0.15405701100826263
1565122757.8933926,196,0.18530701100826263
1565122760.4943497,197,0.19558662176132202
1565122763.1260507,198,0.22217653691768646
1565122765.7681408,199,0.14350329339504242
