Wall time,Step,Value
1565122411.4216008,0,0.15049603581428528
1565122414.0396407,1,0.141865074634552
1565122416.6472437,2,0.14960317313671112
1565122419.2495544,3,0.1964285671710968
1565122421.857457,4,0.17867062985897064
1565122424.4624228,5,0.16130952537059784
1565122427.05987,6,0.15396825969219208
1565122429.6625001,7,0.16091269254684448
1565122432.2629611,8,0.18690475821495056
1565122434.876725,9,0.14613094925880432
1565122437.4783762,10,0.15962301194667816
1565122440.0882506,11,0.16130952537059784
1565122442.693258,12,0.16438491642475128
1565122445.2960758,13,0.17519840598106384
1565122447.8994849,14,0.162202388048172
1565122450.5012953,15,0.16696429252624512
1565122453.1093102,16,0.162202388048172
1565122455.7097046,17,0.15615078806877136
1565122458.3176932,18,0.11666666716337204
1565122460.9182234,19,0.16309523582458496
1565122463.5202382,20,0.1686507910490036
1565122466.1311684,21,0.162202388048172
1565122468.7378168,22,0.12966269254684448
1565122471.3425395,23,0.1245039701461792
1565122473.951186,24,0.15396825969219208
1565122476.5573323,25,0.16438491642475128
1565122479.1599834,26,0.16825397312641144
1565122481.761739,27,0.16825397312641144
1565122484.372803,28,0.12708333134651184
1565122486.956409,29,0.15694443881511688
1565122489.5355678,30,0.1656745970249176
1565122492.1200953,31,0.16696429252624512
1565122494.7181869,32,0.16259920597076416
1565122497.329399,33,0.15267856419086456
1565122499.9349592,34,0.13571429252624512
1565122502.5163214,35,0.17470237612724304
1565122505.1045606,36,0.12837301194667816
1565122507.7021928,37,0.13878968358039856
1565122510.313726,38,0.17301587760448456
1565122512.9177332,39,0.1721230149269104
1565122515.519955,40,0.1656745970249176
1565122518.085264,41,0.17946428060531616
1565122520.6947093,42,0.12837301194667816
1565122523.2644656,43,0.1656745970249176
1565122525.8419065,44,0.162202388048172
1565122528.4187548,45,0.16388888657093048
1565122531.0270793,46,0.17430555820465088
1565122533.6373813,47,0.16309523582458496
1565122536.2393334,48,0.1691468209028244
1565122538.8498478,49,0.15347221493721008
1565122541.4245114,50,0.16309523582458496
1565122544.0031211,51,0.16478174924850464
1565122546.5942342,52,0.17172619700431824
1565122549.199115,53,0.14176587760448456
1565122551.7919993,54,0.16825397312641144
1565122554.3705182,55,0.16825397312641144
1565122556.946412,56,0.16954365372657776
1565122559.5227633,57,0.12837301194667816
1565122562.1085806,58,0.14523810148239136
1565122564.6834936,59,0.144841268658638
1565122567.2914424,60,0.16696429252624512
1565122569.8961802,61,0.17083333432674408
1565122572.5032125,62,0.17430555820465088
1565122575.0848992,63,0.16607142984867096
1565122577.6513355,64,0.13055555522441864
1565122580.220319,65,0.14355158805847168
1565122582.818604,66,0.17301587760448456
1565122585.429514,67,0.1755952388048172
1565122588.0170643,68,0.16785714030265808
1565122590.621033,69,0.14742062985897064
1565122593.2011428,70,0.16954365372657776
1565122595.7707617,71,0.15347221493721008
1565122598.3452466,72,0.14097222685813904
1565122600.9153774,73,0.17172619700431824
1565122603.5105908,74,0.1830357164144516
1565122606.0878584,75,0.18125000596046448
1565122608.6805246,76,0.15436507761478424
1565122611.276867,77,0.21765872836112976
1565122613.8452435,78,0.15396825969219208
1565122616.415574,79,0.1552579402923584
1565122619.0228872,80,0.19295634329319
1565122621.6256745,81,0.1830357164144516
1565122624.2192876,82,0.19553571939468384
1565122626.7933939,83,0.18343253433704376
1565122629.3656874,84,0.18472221493721008
1565122631.9506097,85,0.1691468209028244
1565122634.5363984,86,0.15962301194667816
1565122637.1134005,87,0.19424603879451752
1565122639.6861289,88,0.20644840598106384
1565122642.2778714,89,0.18779762089252472
1565122644.8532996,90,0.2003968209028244
1565122647.4336348,91,0.2541666626930237
1565122650.0082636,92,0.241567462682724
1565122652.5975676,93,0.21458333730697632
1565122655.1743374,94,0.18085317313671112
1565122657.7430422,95,0.21855159103870392
1565122660.3336742,96,0.15307539701461792
1565122662.9371903,97,0.18472221493721008
1565122665.5239327,98,0.19255952537059784
1565122668.1098168,99,0.21250000596046448
1565122670.6992161,100,0.22251984477043152
1565122673.2853959,101,0.16130952537059784
1565122675.862874,102,0.18779762089252472
1565122678.4401329,103,0.15089285373687744
1565122681.0507424,104,0.12966269254684448
1565122683.6598876,105,0.1483134925365448
1565122686.2316809,106,0.13611111044883728
1565122688.8047826,107,0.12361110746860504
1565122691.3889499,108,0.16785714030265808
1565122693.9566681,109,0.15615078806877136
1565122696.5498886,110,0.14791665971279144
1565122699.1529362,111,0.22162698209285736
1565122701.7388473,112,0.19603174924850464
1565122704.334718,113,0.1830357164144516
1565122706.9143662,114,0.19384920597076416
1565122709.4900763,115,0.20644840598106384
1565122712.0706167,116,0.21250000596046448
1565122714.6708028,117,0.1726190447807312
1565122717.2503078,118,0.19771824777126312
1565122719.8497806,119,0.18730159103870392
1565122722.450148,120,0.13224206864833832
1565122725.0493574,121,0.15783730149269104
1565122727.6299298,122,0.14742062985897064
1565122730.210173,123,0.21507936716079712
1565122732.7868712,124,0.19821429252624512
1565122735.3611648,125,0.1795634925365448
1565122737.9351368,126,0.20515872538089752
1565122740.518996,127,0.17003968358039856
1565122743.1154752,128,0.193452388048172
1565122745.6851566,129,0.17996031045913696
1565122748.2735698,130,0.15396825969219208
1565122750.8438847,131,0.25585317611694336
1565122753.4336371,132,0.16259920597076416
1565122756.044746,133,0.2207341343164444
1565122758.6469862,134,0.24325396120548248
1565122761.2483056,135,0.22202381491661072
1565122763.8429537,136,0.22886905074119568
1565122766.4160194,137,0.21507936716079712
1565122769.0032763,138,0.22986111044883728
1565122771.5957522,139,0.23591269552707672
1565122774.1739938,140,0.21984127163887024
1565122776.7421744,141,0.2306547611951828
1565122779.3438218,142,0.16180555522441864
1565122781.9248376,143,0.22420634329319
1565122784.5065334,144,0.18779762089252472
1565122787.1209736,145,0.1795634925365448
1565122789.724625,146,0.22896824777126312
1565122792.3122854,147,0.19166666269302368
1565122794.9067245,148,0.22599206864833832
1565122797.4910765,149,0.25803571939468384
1565122800.0938706,150,0.23333333432674408
1565122802.6892414,151,0.1830357164144516
1565122805.2618456,152,0.241567462682724
1565122807.834095,153,0.24246031045913696
1565122810.4140027,154,0.2810515761375427
1565122812.9909372,155,0.31488096714019775
1565122815.5620697,156,0.29751983284950256
1565122818.1389835,157,0.31438490748405457
1565122820.7086704,158,0.14573413133621216
1565122823.3025525,159,0.15089285373687744
1565122825.8974814,160,0.23591269552707672
1565122828.5035167,161,0.2172619104385376
1565122831.0933077,162,0.20208333432674408
1565122833.6998787,163,0.2541666626930237
1565122836.3012807,164,0.2827380895614624
1565122838.9069843,165,0.2745039761066437
1565122841.5165896,166,0.2611111104488373
1565122844.1228862,167,0.2840277850627899
1565122846.7381566,168,0.2567460238933563
1565122849.3225932,169,0.14523810148239136
1565122851.8950975,170,0.12708333134651184
1565122854.479063,171,0.14394840598106384
1565122857.084128,172,0.14920635521411896
1565122859.6922038,173,0.15565475821495056
1565122862.2982526,174,0.1795634925365448
1565123117.264212,175,0.20079365372657776
1565123119.8374078,176,0.19255952537059784
1565123122.4269466,177,0.2003968209028244
1565123125.039557,178,0.1726190447807312
1565123127.6442413,179,0.22202381491661072
1565123130.2371585,180,0.19295634329319
1565123132.845775,181,0.2068452388048172
1565123135.449542,182,0.21160714328289032
1565123138.0511541,183,0.21944443881511688
1565123140.6660676,184,0.26498016715049744
1565123143.2494888,185,0.16954365372657776
1565123145.8560848,186,0.25188490748405457
1565123148.4587886,187,0.20942460000514984
1565123151.065287,188,0.19910714030265808
1565123153.6798966,189,0.18869048357009888
1565123156.288378,190,0.1344245970249176
1565123158.9062576,191,0.13531745970249176
1565123161.5029228,192,0.18382936716079712
1565123164.0831676,193,0.22509920597076416
1565123166.6550875,194,0.2033730149269104
1565123169.2269402,195,0.193452388048172
1565123171.8104603,196,0.22291666269302368
1565123174.408731,197,0.17390872538089752
1565123176.9937758,198,0.17301587760448456
1565123179.5973132,199,0.21418650448322296
