Wall time,Step,Value
1565122412.998709,0,0.1041666641831398
1565122415.6082108,1,0.09375
1565122418.196898,2,0.1163194477558136
1565122420.7748299,3,0.0911458358168602
1565122423.3593144,4,0.1545138955116272
1565122425.9455955,5,0.1649305522441864
1565122428.518098,6,0.1241319477558136
1565122431.0916314,7,0.1727430522441864
1565122433.6486707,8,0.1918402761220932
1565122436.207788,9,0.2230902761220932
1565122438.7994199,10,0.2074652761220932
1565122441.3588521,11,0.2465277761220932
1565122443.920451,12,0.1510416716337204
1565122446.5131779,13,0.1944444477558136
1565122449.0981686,14,0.1987847238779068
1565122451.6698718,15,0.2395833283662796
1565122454.2281046,16,0.1996527761220932
1565122456.7896183,17,0.2204861044883728
1565122459.347135,18,0.2430555522441864
1565122461.908233,19,0.2230902761220932
1565122464.4843435,20,0.1970486044883728
1565122467.051429,21,0.2447916716337204
1565122469.61769,22,0.2760416567325592
1565122472.1821682,23,0.2178819477558136
1565122474.7372186,24,0.2196180522441864
1565122477.3108265,25,0.2074652761220932
1565122479.9076014,26,0.1892361044883728
1565122482.505919,27,0.2152777761220932
1565122485.1132848,28,0.2734375
1565122487.6766315,29,0.1788194477558136
1565122490.2379413,30,0.1961805522441864
1565122492.8068056,31,0.2404513955116272
1565122495.3712513,32,0.265625
1565122497.9276745,33,0.2378472238779068
1565122500.4892585,34,0.1137152761220932
1565122503.069442,35,0.1267361044883728
1565122505.6451805,36,0.1701388955116272
1565122508.2101614,37,0.2578125
1565122510.7940986,38,0.2378472238779068
1565122513.387439,39,0.2760416567325592
1565122515.9857402,40,0.1796875
1565122518.5473487,41,0.1892361044883728
1565122521.1373556,42,0.1788194477558136
1565122523.720028,43,0.3064236044883728
1565122526.2795184,44,0.1666666716337204
1565122528.8489707,45,0.1840277761220932
1565122531.4138036,46,0.2204861044883728
1565122533.9761236,47,0.2482638955116272
1565122536.562456,48,0.2456597238779068
1565122539.1581848,49,0.28125
1565122541.7191079,50,0.2491319477558136
1565122544.3040602,51,0.1970486044883728
1565122546.8678799,52,0.2638888955116272
1565122549.4549453,53,0.2300347238779068
1565122552.0493207,54,0.2430555522441864
1565122554.624733,55,0.1770833283662796
1565122557.2291605,56,0.2586805522441864
1565122559.8111258,57,0.2404513955116272
1565122562.403266,58,0.2430555522441864
1565122565.0031946,59,0.2152777761220932
1565122567.6153662,60,0.2326388955116272
1565122570.2338772,61,0.2178819477558136
1565122572.8663647,62,0.3038194477558136
1565122575.49277,63,0.2048611044883728
1565122578.0892475,64,0.2465277761220932
1565122580.7224882,65,0.3038194477558136
1565122583.3421721,66,0.2786458432674408
1565122585.9762743,67,0.2230902761220932
1565122588.61761,68,0.2178819477558136
1565122591.2200649,69,0.2734375
1565122593.829888,70,0.2465277761220932
1565122596.4406078,71,0.2612847089767456
1565122599.071251,72,0.2708333432674408
1565122601.6987867,73,0.2838541567325592
1565122604.2930374,74,0.2404513955116272
1565122606.9179757,75,0.1753472238779068
1565122609.5319018,76,0.2682291567325592
1565122612.1706707,77,0.2760416567325592
1565122614.8058088,78,0.2404513955116272
1565122617.437805,79,0.1883680522441864
1565122620.0784082,80,0.2482638955116272
1565122622.6983714,81,0.1171875
1565122625.303981,82,0.1276041716337204
1565122627.906445,83,0.1085069477558136
1565122630.5054293,84,0.1545138955116272
1565122633.1400604,85,0.1041666641831398
1565122635.760079,86,0.1857638955116272
1565122638.351347,87,0.1510416716337204
1565122640.9632075,88,0.1701388955116272
1565122643.5685725,89,0.2413194477558136
1565122646.1849937,90,0.1119791641831398
1565122648.7986362,91,0.2413194477558136
1565122651.4199116,92,0.2013888955116272
1565122654.0394557,93,0.1267361044883728
1565122656.6250074,94,0.1779513955116272
1565122659.2218645,95,0.1927083283662796
1565122661.812458,96,0.1631944477558136
1565122664.4094334,97,0.2013888955116272
1565122667.0135102,98,0.2196180522441864
1565122669.6141162,99,0.1319444477558136
1565122672.17899,100,0.2378472238779068
1565122674.7407641,101,0.1657986044883728
1565122677.3461576,102,0.2126736044883728
1565122679.9401195,103,0.1449652761220932
1565122682.5086687,104,0.2421875
1565122685.1060886,105,0.2317708283662796
1565122687.7012281,106,0.1805555522441864
1565122690.2913218,107,0.1397569477558136
1565122692.86171,108,0.2239583283662796
1565122695.4203012,109,0.1753472238779068
1565122697.977602,110,0.1987847238779068
1565122700.5392885,111,0.2039930522441864
1565122703.1136076,112,0.234375
1565122705.690538,113,0.2065972238779068
1565122708.2492456,114,0.2022569477558136
1565122710.808436,115,0.2135416716337204
1565122713.389981,116,0.1883680522441864
1565122715.9841025,117,0.1710069477558136
1565122718.5773184,118,0.1753472238779068
1565122721.152142,119,0.1623263955116272
1565122723.746514,120,0.2352430522441864
1565122726.3192325,121,0.28125
1565122728.9100034,122,0.2621527910232544
1565122731.493681,123,0.2795138955116272
1565122734.0964985,124,0.2526041567325592
1565122736.6883562,125,0.2352430522441864
1565122739.2480443,126,0.1510416716337204
1565122741.8114197,127,0.3055555522441864
1565122744.412989,128,0.3142361044883728
1565122747.0075922,129,0.3159722089767456
1565122749.592236,130,0.2473958283662796
1565122752.1693585,131,0.1501736044883728
1565122754.7389588,132,0.2430555522441864
1565122757.3294675,133,0.2760416567325592
1565122759.9241474,134,0.2699652910232544
1565122762.5238545,135,0.1588541716337204
1565122765.116299,136,0.2326388955116272
1565122767.7087078,137,0.2274305522441864
1565122770.2973132,138,0.2144097238779068
1565122772.8919268,139,0.2803819477558136
1565122775.4886904,140,0.2152777761220932
1565122778.0505743,141,0.2604166567325592
1565122780.6490343,142,0.1892361044883728
1565122783.2384734,143,0.2751736044883728
1565122785.8234704,144,0.2552083432674408
1565122788.3961039,145,0.2204861044883728
1565122790.9940708,146,0.2569444477558136
1565122793.5916007,147,0.2421875
1565122796.1893766,148,0.2560763955116272
1565122798.790632,149,0.171875
1565122801.38574,150,0.2456597238779068
1565122803.989899,151,0.2126736044883728
1565122806.5796065,152,0.28125
1565122809.1593754,153,0.1848958283662796
1565122811.7398884,154,0.1692708283662796
1565122814.3379667,155,0.2404513955116272
1565122816.939155,156,0.2430555522441864
1565122819.5416207,157,0.1796875
1565122822.146481,158,0.2456597238779068
1565122824.7329051,159,0.2560763955116272
1565122827.3350146,160,0.2248263955116272
1565122829.9363294,161,0.2248263955116272
1565122832.5467436,162,0.3090277910232544
1565122835.119994,163,0.2925347089767456
1565122837.6802344,164,0.2604166567325592
1565122840.238338,165,0.2664930522441864
1565122842.8256564,166,0.2404513955116272
1565122845.4300976,167,0.2508680522441864
1565122848.0416212,168,0.2144097238779068
1565122850.647785,169,0.2986111044883728
1565122853.2549055,170,0.2569444477558136
1565122855.8483138,171,0.2178819477558136
1565122858.4199207,172,0.234375
1565122860.998865,173,0.2456597238779068
1565123116.178757,174,0.1970486044883728
1565123118.7507539,175,0.1822916716337204
1565123121.3380523,176,0.2786458432674408
1565123123.933824,177,0.2326388955116272
1565123126.530603,178,0.2708333432674408
1565123129.126512,179,0.2170138955116272
1565123131.725863,180,0.2378472238779068
1565123134.3210924,181,0.2708333432674408
1565123136.919407,182,0.2682291567325592
1565123139.5088437,183,0.2664930522441864
1565123142.0810654,184,0.2309027761220932
1565123144.638115,185,0.2560763955116272
1565123147.2027655,186,0.2664930522441864
1565123149.801799,187,0.2786458432674408
1565123152.402689,188,0.3368055522441864
1565123154.969826,189,0.2951388955116272
1565123157.526799,190,0.2256944477558136
1565123160.1293902,191,0.2456597238779068
1565123162.7256372,192,0.2569444477558136
1565123165.2866657,193,0.2300347238779068
1565123167.8604593,194,0.2526041567325592
1565123170.4720752,195,0.28125
1565123173.0704186,196,0.3671875
1565123175.6703885,197,0.2560763955116272
1565123178.2691863,198,0.3368055522441864
1565123180.8713896,199,0.3116319477558136
