Wall time,Step,Value
1565122264.4417102,0,0.11212201416492462
1565122266.9801009,1,0.07665260136127472
1565122269.496135,2,0.11286919564008713
1565122272.0086536,3,0.14785513281822205
1565122274.52174,4,0.14934951066970825
1565122277.0506709,5,0.18631328642368317
1565122279.613318,6,0.17787447571754456
1565122282.123458,7,0.16943565011024475
1565122284.6293654,8,0.16521623730659485
1565122287.1518798,9,0.16745780408382416
1565122289.678702,10,0.15827180445194244
1565122292.2105958,11,0.16174402832984924
1565122294.7237735,12,0.15901899337768555
1565122297.2561283,13,0.14438290894031525
1565122299.7827096,14,0.16099683940410614
1565122302.312567,15,0.15356892347335815
1565122304.8361754,16,0.12552742660045624
1565122307.3416283,17,0.13792194426059723
1565122309.831991,18,0.19176335632801056
1565122312.3360593,19,0.14363572001457214
1565122314.8460755,20,0.13792194426059723
1565122317.3694065,21,0.14337201416492462
1565122319.8922296,22,0.14165787398815155
1565122322.4182968,23,0.13743846118450165
1565122324.9479167,24,0.14934951066970825
1565122327.4777908,25,0.16943565011024475
1565122330.0079257,26,0.17686356604099274
1565122332.5120754,27,0.18284106254577637
1565122335.0241966,28,0.12478023767471313
1565122337.5255747,29,0.14337201416492462
1565122340.0413008,30,0.14486639201641083
1565122342.564498,31,0.14785513281822205
1565122345.0809755,32,0.15405239164829254
1565122347.607705,33,0.17936885356903076
1565122350.130779,34,0.17167721688747406
1565122352.657628,35,0.16596342623233795
1565122355.1766794,36,0.16943565011024475
1565122357.6826153,37,0.15405239164829254
1565122360.195423,38,0.2282436639070511
1565122362.6999667,39,0.15976616740226746
1565122365.2136428,40,0.17787447571754456
1565122367.7235703,41,0.14983297884464264
1565122370.2358296,42,0.16671061515808105
1565122372.769501,43,0.15928269922733307
1565122375.2818887,44,0.16671061515808105
1565122377.7910275,45,0.20292721688747406
1565122380.3033202,46,0.17910513281822205
1565122382.8340075,47,0.17563290894031525
1565122385.3537252,48,0.17739099264144897
1565122387.8693743,49,0.18679676949977875
1565122390.3616407,50,0.18978551030158997
1565122392.8605924,51,0.21211321651935577
1565122395.3588872,52,0.21334388852119446
1565122397.8515935,53,0.2641965448856354
1565122400.3502443,54,0.18530239164829254
1565122402.840998,55,0.16671061515808105
1565122405.3525174,56,0.16174402832984924
1565122407.8781214,57,0.16051335632801056
1565122410.4015238,58,0.16596342623233795
1565122412.9139187,59,0.16372187435626984
1565122415.427634,60,0.14710794389247894
1565122417.9447303,61,0.15629395842552185
1565122420.4533303,62,0.16991913318634033
1565122422.9818392,63,0.16174402832984924
1565122425.482877,64,0.07665260136127472
1565122428.015806,65,0.14139416813850403
1565122430.5446987,66,0.17189697921276093
1565122433.0785604,67,0.13321906328201294
1565122435.6102467,68,0.13893283903598785
1565122438.132308,69,0.16596342623233795
1565122440.691456,70,0.19325773417949677
1565122443.2512581,71,0.18332454562187195
1565122445.7889578,72,0.17488572001457214
1565122448.3222618,73,0.19176335632801056
1565122450.8501956,74,0.14486639201641083
1565122453.3627126,75,0.12948311865329742
1565122455.8772867,76,0.16446906328201294
1565122458.409434,77,0.16745780408382416
1565122460.9338257,78,0.15554676949977875
1565122463.4360824,79,0.12750527262687683
1565122465.9712234,80,0.17216068506240845
1565122468.5054317,81,0.18780766427516937
1565122471.0588362,82,0.14860232174396515
1565122473.5961876,83,0.16943565011024475
1565122476.131116,84,0.15405239164829254
1565122478.6839929,85,0.11933016777038574
1565122481.2162373,86,0.13594409823417664
1565122483.7441962,87,0.17018283903598785
1565122486.241622,88,0.15603023767471313
1565122488.7354875,89,0.15058016777038574
1565122491.2356129,90,0.18903832137584686
1565122493.7449834,91,0.16473276913166046
1565122496.2617474,92,0.16521623730659485
1565122498.791871,93,0.16398558020591736
1565122501.3198175,94,0.12451652437448502
1565122503.8541539,95,0.16446906328201294
1565122506.3866262,96,0.16323839128017426
1565122508.926142,97,0.16473276913166046
1565122511.4571574,98,0.13866913318634033
1565122513.9903026,99,0.16820499300956726
1565122516.5196495,100,0.13396623730659485
1565122519.0419056,101,0.16895218193531036
1565122521.5736098,102,0.17216068506240845
1565122524.104939,103,0.16473276913166046
1565122526.6329637,104,0.16521623730659485
1565122529.1711094,105,0.15058016777038574
1565122531.7031257,106,0.15677742660045624
1565122534.2551396,107,0.16991913318634033
1565122536.7887554,108,0.15405239164829254
1565122539.3241622,109,0.15181082487106323
1565122541.8652883,110,0.11634141951799393
1565122544.3949397,111,0.16820499300956726
1565122546.9267247,112,0.15752461552619934
1565122549.4605706,113,0.16895218193531036
1565122551.993063,114,0.13642756640911102
1565122554.5372002,115,0.15255801379680634
1565122557.0640073,116,0.12130801379680634
1565122559.5951583,117,0.20912447571754456
1565122562.1263342,118,0.19400492310523987
1565122564.6661766,119,0.11089134961366653
1565122567.1832936,120,0.13396623730659485
1565122569.690673,121,0.15651370584964752
1565122572.221755,122,0.16398558020591736
1565122574.7299008,123,0.16895218193531036
1565122577.242524,124,0.16820499300956726
1565122579.7628977,125,0.15603023767471313
1565122582.2837906,126,0.14438290894031525
1565122584.822086,127,0.14288853108882904
1565122587.3595788,128,0.15356892347335815
1565122589.8893456,129,0.16820499300956726
1565122592.4212856,130,0.14139416813850403
1565122594.9460409,131,0.14288853108882904
1565122597.45414,132,0.11783579736948013
1565122599.9836094,133,0.15453585982322693
1565122602.5194411,134,0.14288853108882904
1565122605.055923,135,0.13321906328201294
1565122607.585089,136,0.15778832137584686
1565122610.1106334,137,0.17141349613666534
1565122612.6345725,138,0.15479958057403564
1565122615.147589,139,0.07889416068792343
1565122617.6856508,140,0.14363572001457214
1565122620.2217112,141,0.14636075496673584
1565122622.7522712,142,0.14091068506240845
1565122625.262865,143,0.13818565011024475
1565122627.7799888,144,0.14737166464328766
1565122630.3111563,145,0.15356892347335815
1565122632.8291538,146,0.12552742660045624
1565122635.350492,147,0.15603023767471313
1565122637.8739035,148,0.16051335632801056
1565122640.398792,149,0.16051335632801056
1565122642.9116476,150,0.16745780408382416
1565122645.4375253,151,0.15827180445194244
1565122647.9702933,152,0.18059951066970825
1565122650.4938407,153,0.15554676949977875
1565122653.0214458,154,0.07889416068792343
1565122655.5434928,155,0.08113572746515274
1565122658.0606947,156,0.16745780408382416
1565122660.5921578,157,0.09128867834806442
1565122663.1063588,158,0.16323839128017426
1565122665.6399558,159,0.16671061515808105
1565122668.1421227,160,0.15405239164829254
1565122670.645971,161,0.13594409823417664
1565122673.1728702,162,0.12007735669612885
1565122675.6994162,163,0.21110232174396515
1565122678.212736,164,0.12653832137584686
1565122680.7137666,165,0.17018283903598785
1565122683.2234087,166,0.16174402832984924
1565122685.7442038,167,0.0771360769867897
1565122688.2493532,168,0.20389416813850403
1565122690.7893388,169,0.13444972038269043
1565122693.296839,170,0.07739979028701782
1565122695.8136835,171,0.15282173454761505
1565122698.3231015,172,0.14214135706424713
1565122700.842727,173,0.09625527262687683
1565122703.3516514,174,0.16398558020591736
1565122705.881316,175,0.14961321651935577
1565122708.3826916,176,0.11212201416492462
1565122710.8904757,177,0.14833860099315643
1565122713.3903542,178,0.12205520272254944
1565122715.919157,179,0.19993846118450165
1565122718.4540553,180,0.12205520272254944
1565122720.9814515,181,0.14411920309066772
1565122723.48846,182,0.17290787398815155
1565122726.0053878,183,0.15651370584964752
1565122728.7490404,184,0.08658579736948013
1565122734.1757667,185,0.17787447571754456
1565122736.7050698,186,0.15207454562187195
1565122739.2302208,187,0.19325773417949677
1565122741.727484,188,0.15479958057403564
1565122744.258625,189,0.18706047534942627
1565122746.7855499,190,0.15159106254577637
1565122749.2896292,191,0.19277426600456238
1565122751.8086405,192,0.10469409078359604
1565122754.320839,193,0.14759142696857452
1565122756.8357391,194,0.09054148942232132
1565122759.351309,195,0.08012482523918152
1565122761.87973,196,0.15827180445194244
1565122764.402118,197,0.14513009786605835
1565122766.9319704,198,0.17787447571754456
1565122769.4646397,199,0.16767756640911102
