Wall time,Step,Value
1565122554.0884216,0,0.1522817462682724
1565122556.6526594,1,0.1453372985124588
1565122559.2109163,2,0.1006944477558136
1565122561.756173,3,0.141865074634552
1565122564.3212695,4,0.1061507910490036
1565122566.9101827,5,0.1696428507566452
1565122569.481104,6,0.1850198358297348
1565122572.0437832,7,0.103670634329319
1565122574.6257923,8,0.1016865074634552
1565122577.183233,9,0.1046627014875412
1565122579.72144,10,0.1016865074634552
1565122582.29229,11,0.1750992089509964
1565122584.8594644,12,0.1056547611951828
1565122587.4240901,13,0.1031746044754982
1565122589.9919991,14,0.0868055522441864
1565122592.5372887,15,0.1071428582072258
1565122595.0810142,16,0.1830357164144516
1565122597.6343772,17,0.1096230149269104
1565122600.1820543,18,0.1175595223903656
1565122602.727999,19,0.1185515895485878
1565122605.295167,20,0.1076388880610466
1565122607.8766496,21,0.106646828353405
1565122610.4284866,22,0.1800595223903656
1565122612.972149,23,0.1096230149269104
1565122615.5151043,24,0.1125992089509964
1565122618.0594304,25,0.116567462682724
1565122620.6212695,26,0.1081349179148674
1565122623.167792,27,0.1016865074634552
1565122625.7302895,28,0.1086309552192688
1565122628.2739875,29,0.1071428582072258
1565122630.8279014,30,0.1116071417927742
1565122633.3783553,31,0.1016865074634552
1565122635.9280791,32,0.1001984104514122
1565122638.4737024,33,0.1225198432803154
1565122641.036252,34,0.123511902987957
1565122643.5907164,35,0.153273805975914
1565122646.1685174,36,0.1086309552192688
1565122648.7173386,37,0.1101190447807312
1565122651.264588,38,0.1111111119389534
1565122653.8447309,39,0.1254960298538208
1565122656.4251018,40,0.1607142835855484
1565122659.003259,41,0.1964285671710968
1565122661.5575244,42,0.1130952388048172
1565122664.1347928,43,0.1453372985124588
1565122666.7212107,44,0.2450396865606308
1565122669.2844107,45,0.1696428507566452
1565122671.8320045,46,0.1994047611951828
1565122674.389621,47,0.1636904776096344
1565122676.9465072,48,0.1378968209028244
1565122679.4952657,49,0.1979166716337204
1565122682.0594451,50,0.2113095223903656
1565122684.6120934,51,0.1765872985124588
1565122687.1513298,52,0.2281745970249176
1565122689.7063699,53,0.1537698358297348
1565122692.237902,54,0.1145833358168602
1565122694.7696261,55,0.2137896865606308
1565122697.3224902,56,0.1686507910490036
1565122699.864539,57,0.2420634925365448
1565122702.402326,58,0.2197420597076416
1565122704.9516013,59,0.1666666716337204
1565122707.5047257,60,0.190476194024086
1565122710.0539584,61,0.2113095223903656
1565122712.6136217,62,0.21329365670681
1565122715.1601334,63,0.2237103134393692
1565122717.7344244,64,0.2733134925365448
1565122720.2821496,65,0.221726194024086
1565122722.8383934,66,0.2435515820980072
1565122725.392025,67,0.2425595223903656
1565122727.932802,68,0.2326388955116272
1565122730.4725816,69,0.2137896865606308
1565122733.0151715,70,0.1041666641831398
1565122735.5711625,71,0.1011904776096344
1565122738.1249874,72,0.122023805975914
1565122740.665713,73,0.122023805975914
1565122743.2339277,74,0.102182537317276
1565122745.7773585,75,0.1284722238779068
1565122748.327293,76,0.2197420597076416
1565122750.8784459,77,0.1086309552192688
1565122753.4281633,78,0.1552579402923584
1565122755.973733,79,0.15079365670681
1565122758.518149,80,0.2137896865606308
1565122761.0629387,81,0.1949404776096344
1565122763.6233861,82,0.1344245970249176
1565122766.165338,83,0.1671627014875412
1565122768.691474,84,0.1537698358297348
1565122771.2194912,85,0.2192460298538208
1565122773.7601779,86,0.1026785746216774
1565122776.2892203,87,0.1274801641702652
1565122778.8149226,88,0.1537698358297348
1565122781.3460822,89,0.1031746044754982
1565122783.8717206,90,0.1006944477558136
1565122786.4197044,91,0.1031746044754982
1565122788.9796116,92,0.1031746044754982
1565122791.5242245,93,0.105158731341362
1565122794.0780702,94,0.127976194024086
1565122796.6286786,95,0.1924603134393692
1565122799.18812,96,0.1547619104385376
1565122801.7261455,97,0.1175595223903656
1565122804.2623441,98,0.1185515895485878
1565122806.8123236,99,0.1795634925365448
1565122809.3435667,100,0.2033730149269104
1565122811.8904572,101,0.2068452388048172
1565122814.4592102,102,0.184523805975914
1565122817.0103786,103,0.2346230149269104
1565122819.547734,104,0.1746031790971756
1565122822.0908313,105,0.1969245970249176
1565122824.6258543,106,0.1870039701461792
1565122827.1667807,107,0.1339285671710968
1565122829.7044728,108,0.1954365074634552
1565122832.250661,109,0.1269841343164444
1565122834.785584,110,0.2123015820980072
1565122837.3191,111,0.1339285671710968
1565122839.8498383,112,0.1607142835855484
1565122842.3907638,113,0.176091268658638
1565122844.9203265,114,0.153273805975914
1565122847.4512556,115,0.2118055522441864
1565122849.9881456,116,0.2276785671710968
1565122852.523358,117,0.2028769850730896
1565122855.0660164,118,0.1210317462682724
1565122857.6081674,119,0.1785714328289032
1565122860.1820662,120,0.230158731341362
1565122862.7461584,121,0.184523805975914
1565123109.7353249,122,0.2013888955116272
1565123112.2591097,123,0.1840277761220932
1565123114.819842,124,0.255952388048172
1565123117.372865,125,0.19295634329319
1565123119.925276,126,0.2410714328289032
1565123122.459564,127,0.2033730149269104
1565123125.0211527,128,0.1572420597076416
1565123127.5772626,129,0.227182537317276
1565123130.129889,130,0.2167658656835556
1565123132.6868474,131,0.1696428507566452
1565123135.2446103,132,0.1661706417798996
1565123137.789551,133,0.15079365670681
1565123140.3369923,134,0.1884920597076416
1565123142.877131,135,0.1691468209028244
1565123145.4060884,136,0.1750992089509964
1565123147.941814,137,0.1944444477558136
1565123150.5003722,138,0.2202380895614624
1565123153.0518122,139,0.2013888955116272
1565123155.6185684,140,0.1979166716337204
1565123158.1852667,141,0.2306547611951828
1565123160.739723,142,0.2251984179019928
1565123163.296423,143,0.1964285671710968
1565123165.8274667,144,0.3169642984867096
1565123168.379135,145,0.2460317462682724
1565123170.9300103,146,0.26091268658638
1565123173.4723349,147,0.2723214328289032
1565123176.0193853,148,0.272817462682724
1565123178.566727,149,0.2311507910490036
1565123181.119384,150,0.2822420597076416
1565123183.649361,151,0.170634925365448
1565123186.1803803,152,0.1884920597076416
1565123188.7171183,153,0.26091268658638
1565123191.2720158,154,0.2311507910490036
1565123193.8280365,155,0.1661706417798996
1565123198.2354481,156,0.2420634925365448
1565123200.7826033,157,0.2286706417798996
1565123203.3346205,158,0.210317462682724
1565123205.8858905,159,0.2251984179019928
1565123208.4331448,160,0.3050595223903656
1565123210.993865,161,0.1567460298538208
1565123213.5483441,162,0.1096230149269104
1565123216.104932,163,0.144841268658638
1565123218.660119,164,0.2207341343164444
1565123221.222876,165,0.1889880895614624
1565123223.7716148,166,0.2286706417798996
1565123226.3178158,167,0.184523805975914
1565123228.8706756,168,0.1631944477558136
1565123231.4243178,169,0.2008928507566452
1565123233.9772153,170,0.204365074634552
1565123236.5330229,171,0.2455357164144516
1565123239.0884175,172,0.2906745970249176
1565123241.6419764,173,0.2256944477558136
1565123244.1732452,174,0.2529761791229248
1565123246.695149,175,0.2638888955116272
1565123249.2517588,176,0.1964285671710968
1565123251.7864068,177,0.2172619104385376
1565123254.3209455,178,0.2455357164144516
1565123256.8658123,179,0.2098214328289032
1565123259.391382,180,0.2281745970249176
1565123261.923356,181,0.258432537317276
1565123264.482251,182,0.2013888955116272
1565123267.0478294,183,0.2192460298538208
1565123269.5930548,184,0.2038690447807312
1565123272.1426392,185,0.306547611951828
1565123274.6911883,186,0.3189484179019928
1565123277.2369447,187,0.2316468209028244
1565123279.7905345,188,0.2757936418056488
1565123282.3342588,189,0.29216268658638
1565123284.8905945,190,0.224702388048172
1565123287.4284208,191,0.2862103283405304
1565123289.9511886,192,0.2971230149269104
1565123292.4856799,193,0.2852182686328888
1565123295.0416439,194,0.3278769850730896
1565123297.5972414,195,0.298115074634552
1565123300.1563945,196,0.2658730149269104
1565123302.710698,197,0.147817462682724
1565123305.3099422,198,0.2177579402923584
1565123307.8337946,199,0.1974206417798996
