Wall time,Step,Value
1569839344.317727,0,0.29356059432029724
1569839345.7140667,1,0.334882915019989
1569839347.0772922,2,0.378701776266098
1569839348.4322097,3,0.3898932635784149
1569839349.802048,4,0.3864497244358063
1569839351.1628876,5,0.36518594622612
1569839352.5342636,6,0.4231232702732086
1569839353.9057415,7,0.4601411819458008
1569839355.2884562,8,0.5030992031097412
1569839356.6850805,9,0.4955234229564667
1569839358.0624776,10,0.5361570119857788
1569839359.4631424,11,0.5273760557174683
1569839360.8564334,12,0.5467458963394165
1569839362.2367914,13,0.5626721978187561
1569839363.620885,14,0.5770488977432251
1569839365.0022483,15,0.5704200863838196
1569839366.3750453,16,0.5675792098045349
1569839367.742541,17,0.5752410292625427
1569839369.130242,18,0.5391700863838196
1569839370.5171585,19,0.5710227489471436
1569839371.889421,20,0.5814393758773804
1569839373.244235,21,0.6036501526832581
1569839374.5918226,22,0.6324896812438965
1569839375.9731925,23,0.6289600729942322
1569839377.3430402,24,0.6504821181297302
1569839378.727184,25,0.65986567735672
1569839380.1119473,26,0.6561639308929443
1569839381.4911783,27,0.6580578684806824
1569839382.8694863,28,0.6522899270057678
1569839384.2225866,29,0.6627066135406494
1569839385.5721588,30,0.671229362487793
1569839386.9222534,31,0.6843147277832031
1569839388.271289,32,0.6763946413993835
1569839389.6259153,33,0.6779442429542542
1569839390.9800913,34,0.6938705444335938
1569839392.3626602,35,0.6856921315193176
1569839393.7414522,36,0.7006714940071106
1569839395.1001997,37,0.6865530014038086
1569839396.4565406,38,0.6912018060684204
1569839397.8101451,39,0.6734676361083984
1569839399.186968,40,0.678632915019989
1569839400.5481985,41,0.7011018991470337
1569839401.9164412,42,0.6800103187561035
1569839403.2741497,43,0.6845729947090149
1569839404.6252797,44,0.7216770052909851
1569839406.0000544,45,0.7240874767303467
1569839407.3586907,46,0.7345041036605835
1569839408.7347198,47,0.7326101660728455
1569839410.1085665,48,0.7289084196090698
1569839411.4617383,49,0.7183195352554321
1569839412.8093092,50,0.7480199933052063
1569839414.1537745,51,0.7449207901954651
1569839415.5226204,52,0.7378615736961365
1569839416.8972452,53,0.7327823638916016
1569839418.271057,54,0.715995192527771
1569839419.6468499,55,0.7183195352554321
1569839420.9962502,56,0.7251205444335938
1569839422.3428488,57,0.713240385055542
1569839423.6939006,58,0.7204717397689819
1569839425.0498579,59,0.7128959894180298
1569839426.3958702,60,0.7175447940826416
1569839427.7530048,61,0.7161673307418823
1569839429.1046312,62,0.7112603187561035
1569839430.4514577,63,0.7119490504264832
1569839431.8012645,64,0.724259614944458
1569839433.147095,65,0.7147899270057678
1569839434.5010026,66,0.7234848737716675
1569839435.8834002,67,0.7128959894180298
1569839437.261198,68,0.6974001526832581
1569839438.634772,69,0.7304579615592957
1569839439.9809253,70,0.7180612683296204
1569839441.334513,71,0.7233126759529114
1569839442.6808085,72,0.7063533067703247
1569839444.0264392,73,0.7183195352554321
1569839445.3764231,74,0.71875
1569839446.7241673,75,0.7196969985961914
1569839448.0944333,76,0.71875
1569839449.4491928,77,0.7289944887161255
1569839450.7963946,78,0.7149621248245239
1569839452.1724064,79,0.7111742496490479
1569839453.5530148,80,0.7135847210884094
1569839454.9424746,81,0.7287362217903137
1569839456.325922,82,0.6990358233451843
1569839457.7053778,83,0.7251205444335938
1569839459.0587745,84,0.7186639308929443
1569839460.4102767,85,0.7095385789871216
1569839461.7804348,86,0.7211604714393616
1569839463.1541038,87,0.7316632270812988
1569839464.5040402,88,0.7002410292625427
1569839465.864877,89,0.7114325165748596
1569839467.216289,90,0.7178030014038086
1569839468.570431,91,0.7549070119857788
1569839469.9429502,92,0.7310606241226196
1569839471.308137,93,0.7130681872367859
1569839472.6796038,94,0.7250344157218933
1569839474.0352445,95,0.7298553586006165
1569839475.400394,96,0.7297692894935608
1569839476.7865133,97,0.7260674834251404
1569839478.161887,98,0.7345041036605835
1569839479.5514126,99,0.71875
1569839480.94397,100,0.7194387316703796
1569839482.3128176,101,0.7179751992225647
1569839483.6945019,102,0.7092803120613098
1569839485.0457768,103,0.7177169322967529
1569839486.394048,104,0.7431990504264832
1569839487.7511694,105,0.7236570119857788
1569839489.1351087,106,0.7140151262283325
1569839490.5076761,107,0.7283057570457458
1569839491.8757348,108,0.7277892827987671
1569839493.2169323,109,0.7167699933052063
1569839494.56632,110,0.719610869884491
1569839495.9212115,111,0.7262396812438965
1569839497.28557,112,0.7319214940071106
1569839498.676182,113,0.740272045135498
1569839500.0264566,114,0.7330406308174133
1569839501.375023,115,0.7215909361839294
1569839502.7298715,116,0.7178030014038086
1569839504.086331,117,0.723398745059967
1569839505.4584796,118,0.7326962947845459
1569839506.8243873,119,0.7386363744735718
1569839508.218797,120,0.7386363744735718
1569839509.6073003,121,0.7300275564193726
1569839510.9750855,122,0.7268422842025757
1569839512.3301091,123,0.7446625232696533
1569839513.7038724,124,0.6988636255264282
1569839515.0470352,125,0.7207300066947937
1569839516.4066815,126,0.7334710955619812
1569839517.796939,127,0.7313188910484314
1569839519.181286,128,0.7140151262283325
1569839520.5318902,129,0.7403581142425537
1569839521.8852324,130,0.7279614210128784
1569839523.256297,131,0.7376893758773804
1569839524.6042888,132,0.7357954382896423
1569839525.959911,133,0.74199378490448
1569839527.3097243,134,0.7156507968902588
1569839528.6644459,135,0.7282196879386902
1569839530.016792,136,0.7211604714393616
1569839531.3700442,137,0.7289084196090698
1569839532.758646,138,0.7271866202354431
1569839534.1465209,139,0.7393250465393066
1569839535.5311232,140,0.733729362487793
1569839536.9053175,141,0.7106577157974243
1569839538.2862344,142,0.73837810754776
1569839539.659545,143,0.7226239442825317
1569839541.0210824,144,0.7272727489471436
1569839542.4087026,145,0.7422520518302917
1569839543.7906713,146,0.7366563081741333
1569839545.168696,147,0.7431990504264832
1569839546.548282,148,0.7273588180541992
1569839547.9346602,149,0.741132915019989
1569839549.3223155,150,0.7282196879386902
1569839550.6704192,151,0.719610869884491
1569839552.0200818,152,0.7377755045890808
1569839553.3885906,153,0.7264979481697083
1569839554.759281,154,0.755509614944458
1569839556.1148465,155,0.7262396812438965
1569839557.4658756,156,0.7467286586761475
1569839558.8207738,157,0.7335571646690369
1569839560.1655757,158,0.7328684329986572
1569839561.5114236,159,0.7243457436561584
1569839562.8682714,160,0.7505165338516235
1569839564.2210357,161,0.7186639308929443
1569839565.6087754,162,0.7449207901954651
1569839566.987146,163,0.7319214940071106
1569839568.368661,164,0.740272045135498
1569839569.7670646,165,0.737517237663269
1569839571.1512966,166,0.7374311089515686
1569839572.5471828,167,0.7449207901954651
1569839573.9378428,168,0.7414772510528564
1569839575.3250647,169,0.7530992031097412
1569839576.704775,170,0.745351254940033
1569839578.0548127,171,0.7272727489471436
1569839579.4290595,172,0.7283918857574463
1569839580.784337,173,0.7516356706619263
1569839582.1346092,174,0.7226239442825317
1569839583.494338,175,0.7358815670013428
1569839584.8542476,176,0.7384641766548157
1569839586.2291772,177,0.7403581142425537
1569839587.6141443,178,0.7421659827232361
1569839588.9965332,179,0.7278753519058228
1569839590.375755,180,0.7450068593025208
1569839591.7445748,181,0.7265840172767639
1569839593.0939522,182,0.7344180345535278
1569839594.44525,183,0.7575757503509521
1569839595.8044791,184,0.7413051128387451
1569839597.165689,185,0.7290805578231812
1569839598.528119,186,0.7497417330741882
1569839599.880191,187,0.7437155842781067
1569839601.2613041,188,0.7345902323722839
1569839602.6465561,189,0.7344180345535278
1569839604.0024273,190,0.7227961421012878
1569839605.3758085,191,0.750860869884491
1569839606.7608635,192,0.7292527556419373
1569839608.150448,193,0.7600722908973694
1569839609.551799,194,0.73837810754776
1569839610.9397442,195,0.7404442429542542
1569839612.3232486,196,0.71875
1569839613.7132962,197,0.7433711886405945
1569839615.096936,198,0.7403581142425537
1569839616.454208,199,0.7513774037361145
