Wall time,Step,Value
1569839344.2480562,0,0.28884246945381165
1569839345.6529014,1,0.36759141087532043
1569839347.0439847,2,0.37996533513069153
1569839348.4334285,3,0.34870219230651855
1569839349.8071384,4,0.3453919589519501
1569839351.1991355,5,0.3554671108722687
1569839352.6048207,6,0.35408785939216614
1569839354.002711,7,0.3809899091720581
1569839355.385385,8,0.4078919589519501
1569839356.76729,9,0.4623791575431824
1569839358.1577444,10,0.4848281741142273
1569839359.548698,11,0.4227747917175293
1569839360.948699,12,0.5168926119804382
1569839362.3344262,13,0.5121899843215942
1569839363.7136948,14,0.503494143486023
1569839365.1025114,15,0.5172209739685059
1569839366.4828663,16,0.5456205606460571
1569839367.8700137,17,0.4947982430458069
1569839369.2794175,18,0.5417323708534241
1569839370.6722083,19,0.5576397776603699
1569839372.0419173,20,0.6321721076965332
1569839373.4013004,21,0.6132829189300537
1569839374.7786756,22,0.6284021735191345
1569839376.1566255,23,0.6153320670127869
1569839377.5145564,24,0.6278241872787476
1569839378.8660254,25,0.6444146633148193
1569839380.2129576,26,0.6617013216018677
1569839381.58772,27,0.6742985248565674
1569839382.9424078,28,0.6859762668609619
1569839384.2925417,29,0.6861995458602905
1569839385.644209,30,0.6809321045875549
1569839386.9950716,31,0.6748633980751038
1569839388.3366275,32,0.6827711462974548
1569839389.6855903,33,0.6926229596138
1569839391.0294063,34,0.7008590698242188
1569839392.3752081,35,0.6785414218902588
1569839393.7332861,36,0.7120770215988159
1569839395.0922403,37,0.7129833698272705
1569839396.4407187,38,0.7249106764793396
1569839397.8089476,39,0.7250157594680786
1569839399.1652155,40,0.7334883213043213
1569839400.5054502,41,0.7398985624313354
1569839401.8659534,42,0.7356688976287842
1569839403.226247,43,0.7353141903877258
1569839404.5965261,44,0.7495139837265015
1569839405.9464328,45,0.745849072933197
1569839407.297008,46,0.752259373664856
1569839408.6754842,47,0.755464494228363
1569839410.0549016,48,0.7440100908279419
1569839411.4353766,49,0.7610734701156616
1569839412.817612,50,0.7512215971946716
1569839414.1985748,51,0.7426439523696899
1569839415.5655248,52,0.7482529282569885
1569839416.9102156,53,0.7528373003005981
1569839418.2654128,54,0.7548865079879761
1569839419.6260736,55,0.7521542906761169
1569839420.975595,56,0.7645150423049927
1569839422.31643,57,0.777099072933197
1569839423.6653554,58,0.7692044973373413
1569839425.0148444,59,0.7625578045845032
1569839426.3896573,60,0.7745770215988159
1569839427.7441373,61,0.7633722424507141
1569839429.0986679,62,0.785926342010498
1569839430.4829302,63,0.7701108455657959
1569839431.868651,64,0.7436685562133789
1569839433.2157953,65,0.7740122079849243
1569839434.575284,66,0.776993989944458
1569839435.92623,67,0.749973714351654
1569839437.2745504,68,0.7624527215957642
1569839438.6144433,69,0.778018593788147
1569839439.9571455,70,0.7651981115341187
1569839441.2964988,71,0.7679434418678284
1569839442.6651614,72,0.7736706733703613
1569839444.0152862,73,0.7498555183410645
1569839445.3606005,74,0.7445880770683289
1569839446.7426207,75,0.7811055183410645
1569839448.1123407,76,0.7646201252937317
1569839449.455947,77,0.7721863389015198
1569839450.820253,78,0.7728562355041504
1569839452.1972928,79,0.7759562730789185
1569839453.5569885,80,0.7738939523696899
1569839454.9338365,81,0.7681798934936523
1569839456.301882,82,0.773210883140564
1569839457.6598876,83,0.7800809144973755
1569839459.0358791,84,0.7716083526611328
1569839460.3960104,85,0.7595891356468201
1569839461.7470467,86,0.7730926871299744
1569839463.0899665,87,0.7820250391960144
1569839464.4356608,88,0.746532142162323
1569839465.7749205,89,0.7565022110939026
1569839467.1339154,90,0.7669188976287842
1569839468.5095358,91,0.7712537050247192
1569839469.8715942,92,0.7496321797370911
1569839471.2203646,93,0.7517995834350586
1569839472.5660195,94,0.7634904384613037
1569839473.9159188,95,0.7537437081336975
1569839475.2709098,96,0.7708070874214172
1569839476.6441112,97,0.7745901346206665
1569839478.0000725,98,0.7677201628684998
1569839479.3502967,99,0.7609552145004272
1569839480.6951923,100,0.7759562730789185
1569839482.0467145,101,0.7712668180465698
1569839483.4147582,102,0.7630175352096558
1569839484.7660327,103,0.7638188600540161
1569839486.1128118,104,0.7650798559188843
1569839487.483191,105,0.7799627184867859
1569839488.8315141,106,0.773315966129303
1569839490.1720839,107,0.7899196147918701
1569839491.5613968,108,0.787056028842926
1569839492.9488175,109,0.7839691042900085
1569839494.3253067,110,0.7753782868385315
1569839495.6859646,111,0.785926342010498
1569839497.0572267,112,0.7774537801742554
1569839498.4370677,113,0.7682718634605408
1569839499.8007743,114,0.7568437457084656
1569839501.163638,115,0.7717134356498718
1569839502.5290792,116,0.7743537425994873
1569839503.8813488,117,0.78190678358078
1569839505.2267892,118,0.7822614312171936
1569839506.565271,119,0.7939391732215881
1569839507.9367049,120,0.7921001315116882
1569839509.2909303,121,0.7769808769226074
1569839510.634584,122,0.7713719010353088
1569839511.9866889,123,0.7514580488204956
1569839513.3364372,124,0.7650930285453796
1569839514.684407,125,0.7695460319519043
1569839516.040881,126,0.7748134732246399
1569839517.4088616,127,0.7756147384643555
1569839518.7814605,128,0.8028583526611328
1569839520.1362925,129,0.7736706733703613
1569839521.4821203,130,0.7851119041442871
1569839522.8251894,131,0.7839691042900085
1569839524.1844995,132,0.7853483557701111
1569839525.5349894,133,0.7790431976318359
1569839526.88849,134,0.781565248966217
1569839528.2787392,135,0.7863729596138
1569839529.6546524,136,0.7820250391960144
1569839531.031805,137,0.7968027591705322
1569839532.402444,138,0.8019388318061829
1569839533.7730193,139,0.7898145318031311
1569839535.15279,140,0.7826029658317566
1569839536.5237782,141,0.7915353178977966
1569839537.9011874,142,0.7768757939338684
1569839539.2816634,143,0.7891183495521545
1569839540.6763318,144,0.7838640213012695
1569839542.0342493,145,0.7757198214530945
1569839543.4189687,146,0.781565248966217
1569839544.7965345,147,0.7917585968971252
1569839546.1469696,148,0.7933480739593506
1569839547.527997,149,0.7930196523666382
1569839548.9426174,150,0.7823665142059326
1569839550.3228965,151,0.7962116599082947
1569839551.7028446,152,0.7954235076904297
1569839553.0893672,153,0.7868326902389526
1569839554.4645321,154,0.8014922142028809
1569839555.8431854,155,0.7832860350608826
1569839557.2328868,156,0.7753914594650269
1569839558.5958264,157,0.787397563457489
1569839559.9417498,158,0.7795029282569885
1569839561.292598,159,0.7792796492576599
1569839562.633657,160,0.7807639837265015
1569839563.9800587,161,0.8049206733703613
1569839565.3361962,162,0.7938209176063538
1569839566.6866927,163,0.7960014939308167
1569839568.0315878,164,0.7520360350608826
1569839569.375273,165,0.7669188976287842
1569839570.715406,166,0.7647383213043213
1569839572.0763726,167,0.7895780801773071
1569839573.4364898,168,0.7792796492576599
1569839574.780976,169,0.7799758315086365
1569839576.154192,170,0.7796211838722229
1569839577.5299728,171,0.7761927247047424
1569839578.9068608,172,0.7966845035552979
1569839580.2712302,173,0.7738939523696899
1569839581.6343672,174,0.7830495834350586
1569839582.9774299,175,0.7811055183410645
1569839584.3356042,176,0.7756016254425049
1569839585.6801703,177,0.7850068211555481
1569839587.023271,178,0.7858080863952637
1569839588.3727212,179,0.7816835045814514
1569839589.7523859,180,0.7904976010322571
1569839591.0955553,181,0.7811055183410645
1569839592.445352,182,0.7851119041442871
1569839593.7841084,183,0.7883039116859436
1569839595.1361535,184,0.7877522110939026
1569839596.491688,185,0.7908391356468201
1569839597.8601098,186,0.7899196147918701
1569839599.2123673,187,0.7860314249992371
1569839600.560674,188,0.7876339554786682
1569839601.9110618,189,0.7900378108024597
1569839603.2875159,190,0.7963430285453796
1569839604.6728172,191,0.7919819355010986
1569839606.040878,192,0.7957650423049927
1569839607.421555,193,0.8009142279624939
1569839608.8095343,194,0.7978273630142212
1569839610.1656187,195,0.7909573316574097
1569839611.510156,196,0.7893547415733337
1569839612.8616312,197,0.8041062355041504
1569839614.241093,198,0.8059583902359009
1569839615.611493,199,0.7945039868354797
