Wall time,Step,Value
1569839350.1136281,0,0.3876488208770752
1569839351.578005,1,0.42721861600875854
1569839353.030786,2,0.4251488149166107
1569839354.4618092,3,0.438419908285141
1569839355.8863382,4,0.4899621307849884
1569839357.3109982,5,0.5378652811050415
1569839358.7441075,6,0.5498376488685608
1569839360.1693652,7,0.5719832181930542
1569839361.5985482,8,0.5701569318771362
1569839363.0167663,9,0.6209415793418884
1569839364.43631,10,0.6399350762367249
1569839365.8663023,11,0.6399486064910889
1569839367.2870097,12,0.6308171153068542
1569839368.7139144,13,0.628747284412384
1569839370.134891,14,0.6482548713684082
1569839371.560103,15,0.6732548475265503
1569839372.980717,16,0.6638934016227722
1569839374.4004853,17,0.6420319080352783
1569839375.8359437,18,0.64878249168396
1569839377.2609394,19,0.6966856122016907
1569839378.6902483,20,0.6951434016227722
1569839380.1146753,21,0.694331705570221
1569839381.5431554,22,0.7104707956314087
1569839382.9657564,23,0.7250676155090332
1569839384.3937695,24,0.7229843139648438
1569839385.8340032,25,0.7276785969734192
1569839387.258617,26,0.7409496903419495
1569839388.676894,27,0.7206709980964661
1569839390.0982122,28,0.753720223903656
1569839391.5168264,29,0.7445887327194214
1569839392.940157,30,0.7417478561401367
1569839394.3601925,31,0.7573593258857727
1569839395.7857285,32,0.7521644830703735
1569839397.209241,33,0.7633522748947144
1569839398.6351197,34,0.7695887684822083
1569839400.054379,35,0.753179132938385
1569839401.4767792,36,0.7516504526138306
1569839402.9067454,37,0.7542207837104797
1569839404.328279,38,0.7677894830703735
1569839405.7506607,39,0.7636092901229858
1569839407.170543,40,0.7667207717895508
1569839408.5952568,41,0.7696158289909363
1569839410.0140657,42,0.7917208075523376
1569839411.4347916,43,0.765679121017456
1569839412.8509183,44,0.7729843258857727
1569839414.2807727,45,0.7734983563423157
1569839415.7058325,46,0.7958874702453613
1569839417.1239178,47,0.7977137565612793
1569839418.5469277,48,0.7904085516929626
1569839419.973074,49,0.7578598260879517
1569839421.399242,50,0.7776650190353394
1569839422.8158052,51,0.7922483682632446
1569839424.2412815,52,0.7800189256668091
1569839425.6798196,53,0.7630952596664429
1569839427.1059017,54,0.7820887565612793
1569839428.535417,55,0.7633387446403503
1569839429.9539182,56,0.7836444973945618
1569839431.382812,57,0.798728346824646
1569839432.8151152,58,0.7911931872367859
1569839434.2340014,59,0.8063176274299622
1569839435.655808,60,0.79874187707901
1569839437.0737078,61,0.7925189137458801
1569839438.494488,62,0.7841585278511047
1569839439.913484,63,0.784943163394928
1569839441.3307388,64,0.772456705570221
1569839442.758362,65,0.7948322296142578
1569839444.1797698,66,0.7742965221405029
1569839445.6081264,67,0.7919913530349731
1569839447.028859,68,0.7860119342803955
1569839448.4620616,69,0.7914637327194214
1569839449.886175,70,0.7859984040260315
1569839451.3072598,71,0.7839015126228333
1569839452.7351153,72,0.7841720581054688
1569839454.158477,73,0.7888528108596802
1569839455.58397,74,0.7919642925262451
1569839457.0013874,75,0.7891233563423157
1569839458.425096,76,0.7940746545791626
1569839459.8527596,77,0.7836715579032898
1569839461.283729,78,0.7810471057891846
1569839462.704073,79,0.7925053834915161
1569839464.1205692,80,0.7875405550003052
1569839465.545978,81,0.766220211982727
1569839466.9762018,82,0.7807629704475403
1569839468.3994522,83,0.7901650667190552
1569839469.8214476,84,0.7982413172721863
1569839471.2368784,85,0.7961580157279968
1569839472.6540287,86,0.7857413291931152
1569839474.0706244,87,0.7826163172721863
1569839475.4895992,88,0.7940746545791626
1569839476.908417,89,0.7833738923072815
1569839478.330989,90,0.7927624583244324
1569839479.7546778,91,0.7945887446403503
1569839481.1788828,92,0.7839150428771973
1569839482.608618,93,0.7781655788421631
1569839484.0305493,94,0.7760958075523376
1569839485.4603288,95,0.7997835278511047
1569839486.8893127,96,0.7948457598686218
1569839488.316992,97,0.7865124344825745
1569839489.7508385,98,0.8016098737716675
1569839491.1763258,99,0.7901650667190552
1569839492.5966823,100,0.7797483801841736
1569839494.0212433,101,0.7997970581054688
1569839495.4439714,102,0.7937905788421631
1569839496.875381,103,0.7914637327194214
1569839498.3107724,104,0.8052624464035034
1569839499.732655,105,0.7989988923072815
1569839501.160829,106,0.7914772629737854
1569839502.5850382,107,0.7938041090965271
1569839504.008401,108,0.8073458075523376
1569839505.4496653,109,0.7888663411140442
1569839506.8766723,110,0.7873106002807617
1569839508.3307736,111,0.7836444973945618
1569839509.7510233,112,0.7820887565612793
1569839511.1754196,113,0.7964150309562683
1569839512.594798,114,0.7781926393508911
1569839514.0191345,115,0.800581693649292
1569839515.4456694,116,0.7953598499298096
1569839516.875468,117,0.7909226417541504
1569839518.3058095,118,0.7896239161491394
1569839519.7302518,119,0.7943317294120789
1569839521.1582704,120,0.7990124225616455
1569839522.5977693,121,0.796915590763092
1569839524.0247056,122,0.7878111600875854
1569839525.4485362,123,0.7828733921051025
1569839526.8657112,124,0.7834009528160095
1569839528.290099,125,0.7904356122016907
1569839529.7102969,126,0.7836580276489258
1569839531.1312625,127,0.7914502024650574
1569839532.555996,128,0.796929121017456
1569839533.9851167,129,0.7964015007019043
1569839535.4194026,130,0.7956303954124451
1569839536.853122,131,0.7945752143859863
1569839538.2749217,132,0.8010957837104797
1569839539.700744,133,0.7966855764389038
1569839541.121152,134,0.7771509885787964
1569839542.5401897,135,0.7995400428771973
1569839543.965242,136,0.7596997022628784
1569839545.42292,137,0.7938176393508911
1569839546.8413196,138,0.7922483682632446
1569839548.2736628,139,0.7886093258857727
1569839549.6912086,140,0.8023809790611267
1569839551.1102326,141,0.7904220819473267
1569839552.532636,142,0.7774080038070679
1569839553.9595888,143,0.8081303834915161
1569839555.3982527,144,0.7870400547981262
1569839556.8193245,145,0.7906655669212341
1569839558.2428772,146,0.8010957837104797
1569839559.674846,147,0.7992559671401978
1569839561.0959437,148,0.7755681872367859
1569839562.5157268,149,0.7906926274299622
1569839563.935699,150,0.8078463077545166
1569839565.3669734,151,0.769331693649292
1569839566.784081,152,0.7771239280700684
1569839568.205164,153,0.7914637327194214
1569839569.629027,154,0.8044913411140442
1569839571.050273,155,0.7997970581054688
1569839572.4704955,156,0.7755817174911499
1569839573.8901963,157,0.7823322415351868
1569839575.3282208,158,0.7823728322982788
1569839576.7539058,159,0.800054132938385
1569839578.1885796,160,0.7828733921051025
1569839579.6185775,161,0.7891233563423157
1569839581.0547116,162,0.7927489280700684
1569839582.4938037,163,0.7922483682632446
1569839583.928603,164,0.7792072296142578
1569839585.3586016,165,0.7898944616317749
1569839586.7859163,166,0.7997835278511047
1569839588.214113,167,0.7974296808242798
1569839589.644142,168,0.7992694973945618
1569839591.072886,169,0.7711445093154907
1569839592.5048568,170,0.7768803834915161
1569839593.9283135,171,0.8099296689033508
1569839595.358683,172,0.7771509885787964
1569839596.7839787,173,0.7763392925262451
1569839598.2157445,174,0.7797348499298096
1569839599.648492,175,0.7896374464035034
1569839601.075428,176,0.7940611243247986
1569839602.5003393,177,0.795616865158081
1569839603.9203565,178,0.7904220819473267
1569839605.3528736,179,0.8117694854736328
1569839606.7896824,180,0.7685741186141968
1569839608.2248955,181,0.7709009647369385
1569839609.650877,182,0.7917342782020569
1569839611.0740135,183,0.7870265245437622
1569839612.500378,184,0.769318163394928
1569839613.9257722,185,0.7992830276489258
1569839615.3947027,186,0.7870400547981262
1569839616.8440318,187,0.773768961429596
1569839618.268654,188,0.7719561457633972
1569839619.695554,189,0.7721996903419495
1569839621.153675,190,0.7766368985176086
1569839622.6214108,191,0.7735118865966797
1569839624.0782871,192,0.7852272987365723
1569839625.5453117,193,0.7823593020439148
1569839626.9766996,194,0.7878246903419495
1569839628.4098575,195,0.7727137207984924
1569839629.8379693,196,0.7846861481666565
1569839631.268753,197,0.7958739399909973
1569839632.7075682,198,0.7932629585266113
1569839634.1443026,199,0.7870265245437622
