Wall time,Step,Value
1569839353.6370673,0,0.2877604067325592
1569839355.078746,1,0.2604166567325592
1569839356.5067487,2,0.3116319477558136
1569839357.934196,3,0.3385416567325592
1569839359.3368785,4,0.4340277910232544
1569839360.7603831,5,0.4678819477558136
1569839362.1871684,6,0.4774305522441864
1569839363.6088574,7,0.5373263955116272
1569839365.028428,8,0.5616319179534912
1569839366.4461846,9,0.578125
1569839367.8431985,10,0.5928819179534912
1569839369.2683012,11,0.5881076455116272
1569839370.6618,12,0.5954861044883728
1569839372.0549078,13,0.5798611044883728
1569839373.4410481,14,0.6323784589767456
1569839374.8280766,15,0.6245659589767456
1569839376.2225485,16,0.6041666865348816
1569839377.6152568,17,0.6011284589767456
1569839379.036635,18,0.5907118320465088
1569839380.460096,19,0.5646701455116272
1569839381.8825834,20,0.6098090410232544
1569839383.3090935,21,0.6384548544883728
1569839384.733162,22,0.6588541865348816
1569839386.158613,23,0.6723090410232544
1569839387.5868804,24,0.6766493320465088
1569839389.0185506,25,0.6979166865348816
1569839390.412329,26,0.7061631679534912
1569839391.79792,27,0.7139756679534912
1569839393.1873896,28,0.7265625
1569839394.6162078,29,0.7157118320465088
1569839396.0360456,30,0.72265625
1569839397.4485965,31,0.7269965410232544
1569839398.873856,32,0.734375
1569839400.298794,33,0.7421875
1569839401.7215867,34,0.765625
1569839403.1312113,35,0.7504340410232544
1569839404.5488534,36,0.7660590410232544
1569839405.9378057,37,0.7699652910232544
1569839407.3265905,38,0.7825520634651184
1569839408.7323139,39,0.7903645634651184
1569839410.1285179,40,0.7777777910232544
1569839411.521973,41,0.7864583134651184
1569839412.9222996,42,0.7834201455116272
1569839414.321005,43,0.7921006679534912
1569839415.7059565,44,0.80078125
1569839417.1066737,45,0.7703993320465088
1569839418.5484622,46,0.78515625
1569839419.9787292,47,0.7947048544883728
1569839421.4009433,48,0.8064236044883728
1569839422.8175516,49,0.7960069179534912
1569839424.2392783,50,0.8029513955116272
1569839425.6599357,51,0.7955729365348816
1569839427.0761845,52,0.7947048544883728
1569839428.4705791,53,0.81640625
1569839429.8573563,54,0.7894965410232544
1569839431.2706375,55,0.8055555820465088
1569839432.660952,56,0.8125
1569839434.0535367,57,0.8098958134651184
1569839435.4471867,58,0.8046875
1569839436.8381307,59,0.8055555820465088
1569839438.2337308,60,0.8103298544883728
1569839439.6287932,61,0.8177083134651184
1569839441.0534108,62,0.8012152910232544
1569839442.4506319,63,0.8133680820465088
1569839443.8458307,64,0.8120659589767456
1569839445.243479,65,0.8020833134651184
1569839446.6304145,66,0.8216145634651184
1569839448.0462143,67,0.80078125
1569839449.4571216,68,0.8181423544883728
1569839450.8887858,69,0.8077256679534912
1569839452.2999978,70,0.8077256679534912
1569839453.7063677,71,0.8224826455116272
1569839455.119161,72,0.8133680820465088
1569839456.5383599,73,0.8077256679534912
1569839457.951664,74,0.8111979365348816
1569839459.3413482,75,0.8255208134651184
1569839460.738038,76,0.8289930820465088
1569839462.1320739,77,0.8198784589767456
1569839463.5384214,78,0.8285590410232544
1569839464.9573767,79,0.8129340410232544
1569839466.3618982,80,0.8302951455116272
1569839467.7505724,81,0.8216145634651184
1569839469.169863,82,0.8172743320465088
1569839470.5837271,83,0.8302951455116272
1569839472.0041008,84,0.8294270634651184
1569839473.4287183,85,0.8216145634651184
1569839474.848483,86,0.8272569179534912
1569839476.2577565,87,0.8402777910232544
1569839477.6786642,88,0.8142361044883728
1569839479.1075208,89,0.8263888955116272
1569839480.5404356,90,0.8276909589767456
1569839481.9624264,91,0.8411458134651184
1569839483.3955944,92,0.8376736044883728
1569839484.7882416,93,0.8263888955116272
1569839486.1780605,94,0.8255208134651184
1569839487.5685759,95,0.82421875
1569839488.9691772,96,0.8446180820465088
1569839490.3661516,97,0.8328993320465088
1569839491.7790253,98,0.8350694179534912
1569839493.2027948,99,0.8255208134651184
1569839494.6322715,100,0.8407118320465088
1569839496.0205243,101,0.8207465410232544
1569839497.419052,102,0.8220486044883728
1569839498.814899,103,0.8142361044883728
1569839500.2079794,104,0.8415798544883728
1569839501.6018326,105,0.8250868320465088
1569839502.9924479,106,0.8259548544883728
1569839504.382332,107,0.8337673544883728
1569839505.7707903,108,0.8359375
1569839507.1626005,109,0.8480902910232544
1569839508.557982,110,0.8506944179534912
1569839509.943229,111,0.8580729365348816
1569839511.3277643,112,0.8381076455116272
1569839512.7132869,113,0.8346354365348816
1569839514.10151,114,0.8446180820465088
1569839515.4930887,115,0.8424479365348816
1569839516.8810775,116,0.8519965410232544
1569839518.2761402,117,0.8511284589767456
1569839519.6881623,118,0.8506944179534912
1569839521.098543,119,0.8381076455116272
1569839522.49958,120,0.8441840410232544
1569839523.9127986,121,0.8389756679534912
1569839525.3312721,122,0.8489583134651184
1569839526.726403,123,0.8567708134651184
1569839528.1314692,124,0.8671875
1569839529.5489423,125,0.8515625
1569839530.93804,126,0.8407118320465088
1569839532.3361886,127,0.8450520634651184
1569839533.7250347,128,0.8385416865348816
1569839535.1177843,129,0.8229166865348816
1569839536.5071483,130,0.83203125
1569839537.8934553,131,0.8289930820465088
1569839539.2993755,132,0.8272569179534912
1569839540.702659,133,0.8411458134651184
1569839542.0913072,134,0.8450520634651184
1569839543.4833214,135,0.8368055820465088
1569839544.8684354,136,0.8233506679534912
1569839546.260735,137,0.8233506679534912
1569839547.650336,138,0.8146701455116272
1569839549.0534594,139,0.8307291865348816
1569839550.4503808,140,0.8394097089767456
1569839551.8371422,141,0.8411458134651184
1569839553.2260315,142,0.8359375
1569839554.6206872,143,0.8268229365348816
1569839556.04854,144,0.8328993320465088
1569839557.4739664,145,0.8389756679534912
1569839558.8827,146,0.8368055820465088
1569839560.2696285,147,0.8355034589767456
1569839561.6601155,148,0.8328993320465088
1569839563.0469904,149,0.828125
1569839564.4305153,150,0.8298611044883728
1569839565.822257,151,0.8450520634651184
1569839567.2160034,152,0.8424479365348816
1569839568.609059,153,0.83984375
1569839570.007774,154,0.8289930820465088
1569839571.4047654,155,0.8359375
1569839572.7976346,156,0.8307291865348816
1569839574.1924098,157,0.8368055820465088
1569839575.6076138,158,0.8315972089767456
1569839577.037721,159,0.8220486044883728
1569839578.457217,160,0.8229166865348816
1569839579.8679707,161,0.8250868320465088
1569839581.2789023,162,0.8315972089767456
1569839582.691493,163,0.8402777910232544
1569839584.1000688,164,0.8342013955116272
1569839585.4879754,165,0.8385416865348816
1569839586.8826566,166,0.8229166865348816
1569839588.286779,167,0.8381076455116272
1569839589.6902535,168,0.8328993320465088
1569839591.1170435,169,0.8203125
1569839592.5115476,170,0.8229166865348816
1569839593.9304757,171,0.8229166865348816
1569839595.3229997,172,0.8285590410232544
1569839596.7104568,173,0.8463541865348816
1569839598.1009045,174,0.8415798544883728
1569839599.51095,175,0.8190104365348816
1569839600.9086723,176,0.828125
1569839602.302712,177,0.8216145634651184
1569839603.6917238,178,0.8324652910232544
1569839605.100641,179,0.8359375
1569839606.5102456,180,0.8342013955116272
1569839607.908212,181,0.8229166865348816
1569839609.3153572,182,0.828125
1569839610.7106082,183,0.8302951455116272
1569839612.1065814,184,0.83203125
1569839613.5180447,185,0.8081597089767456
1569839614.941688,186,0.8359375
1569839616.3484552,187,0.8224826455116272
1569839617.7611742,188,0.828125
1569839619.172917,189,0.8198784589767456
1569839620.5625486,190,0.8463541865348816
1569839621.9577193,191,0.82421875
1569839623.37449,192,0.8428819179534912
1569839624.7813249,193,0.82421875
1569839626.1760054,194,0.8311631679534912
1569839627.5660844,195,0.8229166865348816
1569839628.9658074,196,0.8346354365348816
1569839630.3526964,197,0.8259548544883728
1569839631.7426631,198,0.83203125
1569839633.1328464,199,0.8146701455116272
