Wall time,Step,Value
1569839344.3067331,0,0.36873218417167664
1569839345.7346776,1,0.42644229531288147
1569839347.1175,2,0.4194444417953491
1569839348.50475,3,0.41255342960357666
1569839349.8843338,4,0.4037393033504486
1569839351.2681344,5,0.40379273891448975
1569839352.642401,6,0.448219358921051
1569839354.0276034,7,0.39976853132247925
1569839355.437849,8,0.44948363304138184
1569839356.8515546,9,0.4288105368614197
1569839358.2218723,10,0.5111645460128784
1569839359.6075294,11,0.5263176560401917
1569839360.9863923,12,0.5575142502784729
1569839362.3580282,13,0.562143862247467
1569839363.732988,14,0.6239316463470459
1569839365.1123796,15,0.6291666626930237
1569839366.4858663,16,0.6296118497848511
1569839367.8611784,17,0.6209579706192017
1569839369.2420459,18,0.6205662488937378
1569839370.6185265,19,0.6556267738342285
1569839371.997444,20,0.6684650778770447
1569839373.376226,21,0.6672542691230774
1569839374.7487907,22,0.6827991604804993
1569839376.121827,23,0.7087072730064392
1569839377.4922094,24,0.6909543871879578
1569839378.8728004,25,0.6809828877449036
1569839380.2528203,26,0.6976317763328552
1569839381.6280491,27,0.7032407522201538
1569839383.0024467,28,0.7055021524429321
1569839384.3775613,29,0.7203881740570068
1569839385.758117,30,0.7358796000480652
1569839387.1584594,31,0.7099714875221252
1569839388.5505862,32,0.7122863531112671
1569839389.9403653,33,0.7260149717330933
1569839391.3202178,34,0.7232549786567688
1569839392.6973608,35,0.7233083844184875
1569839394.0708091,36,0.7298076748847961
1569839395.441518,37,0.7395120859146118
1569839396.821549,38,0.7574251890182495
1569839398.2026699,39,0.7683404684066772
1569839399.591344,40,0.765527069568634
1569839400.9680088,41,0.7820156812667847
1569839402.3385484,42,0.7811253666877747
1569839403.7169182,43,0.7878561019897461
1569839405.0920079,44,0.8071402907371521
1569839406.4801366,45,0.7933048605918884
1569839407.862029,46,0.8007478713989258
1569839409.2377996,47,0.7978276610374451
1569839410.610612,48,0.8146901726722717
1569839411.9833083,49,0.8065882921218872
1569839413.3551092,50,0.8134793639183044
1569839414.7275639,51,0.8331552743911743
1569839416.0982118,52,0.8173967003822327
1569839417.4724631,53,0.8376246690750122
1569839418.8424923,54,0.8285256624221802
1569839420.2100637,55,0.827866792678833
1569839421.5901976,56,0.8508546948432922
1569839422.962631,57,0.84285968542099
1569839424.3384225,58,0.8479344844818115
1569839425.7176673,59,0.8468838930130005
1569839427.0863407,60,0.8474358916282654
1569839428.459089,61,0.8318910002708435
1569839429.836917,62,0.8326032757759094
1569839431.2169254,63,0.8394408822059631
1569839432.619876,64,0.8451210856437683
1569839434.006219,65,0.8372328877449036
1569839435.3782403,66,0.8405448794364929
1569839436.748505,67,0.8404914736747742
1569839438.1363666,68,0.8416488766670227
1569839439.5174193,69,0.8451210856437683
1569839440.8960843,70,0.8475961685180664
1569839442.2704012,71,0.8526709675788879
1569839443.6580515,72,0.8353098034858704
1569839445.0547106,73,0.8329949975013733
1569839446.4531994,74,0.8612713813781738
1569839447.8571572,75,0.8514066934585571
1569839449.2316704,76,0.8427528738975525
1569839450.611382,77,0.8520655035972595
1569839451.9921672,78,0.8458333611488342
1569839453.369882,79,0.8445690870285034
1569839454.7462459,80,0.8463853001594543
1569839456.1177092,81,0.8491986989974976
1569839457.488225,82,0.8526175022125244
1569839458.860978,83,0.8493055701255798
1569839460.236939,84,0.8445690870285034
1569839461.6377795,85,0.8300747871398926
1569839463.0110617,86,0.850017786026001
1569839464.3900526,87,0.8451210856437683
1569839465.7619681,88,0.8526709675788879
1569839467.132333,89,0.8589565753936768
1569839468.5063863,90,0.8504095673561096
1569839469.8819046,91,0.8427528738975525
1569839471.2523596,92,0.853935182094574
1569839472.6277053,93,0.8429130911827087
1569839474.007811,94,0.8595085740089417
1569839475.4202929,95,0.8595619797706604
1569839476.8288896,96,0.8509615659713745
1569839478.207702,97,0.8388888835906982
1569839479.5900686,98,0.8543803691864014
1569839480.9662085,99,0.8371794819831848
1569839482.3384402,100,0.8498041033744812
1569839483.712623,101,0.8490918874740601
1569839485.0975716,102,0.8641915917396545
1569839486.4720955,103,0.8520120978355408
1569839487.8414161,104,0.8440704941749573
1569839489.2201285,105,0.8462784886360168
1569839490.6022968,106,0.8462784886360168
1569839491.983367,107,0.8423076868057251
1569839493.361557,108,0.806428074836731
1569839494.742103,109,0.8353632688522339
1569839496.1222212,110,0.8406516909599304
1569839497.5043876,111,0.8340989947319031
1569839498.8816862,112,0.8412570953369141
1569839500.2562344,113,0.8301815986633301
1569839501.6374114,114,0.8289707899093628
1569839503.0080118,115,0.8394408822059631
1569839504.3875985,116,0.8417022824287415
1569839505.7618933,117,0.84285968542099
1569839507.1318705,118,0.8417556881904602
1569839508.5086513,119,0.8423076868057251
1569839509.8830879,120,0.84285968542099
1569839511.26042,121,0.840153157711029
1569839512.6420414,122,0.8364138007164001
1569839514.0254989,123,0.8395476937294006
1569839515.4023514,124,0.8498575687408447
1569839516.770625,125,0.8313390016555786
1569839518.1530678,126,0.8445156812667847
1569839519.5326035,127,0.8457798957824707
1569839520.9181929,128,0.8433582782745361
1569839522.2967114,129,0.8411502838134766
1569839523.6699653,130,0.8335469961166382
1569839525.0450726,131,0.8383368849754333
1569839526.4215539,132,0.8325498700141907
1569839527.7967803,133,0.8451744914054871
1569839529.1909153,134,0.8237891793251038
1569839530.5650253,135,0.8457798957824707
1569839531.938251,136,0.8301281929016113
1569839533.315176,137,0.8325498700141907
1569839534.6965199,138,0.8405448794364929
1569839536.0682921,139,0.8226317763328552
1569839537.447209,140,0.830733597278595
1569839538.8228672,141,0.8209757804870605
1569839540.2057292,142,0.8266559839248657
1569839541.5860908,143,0.8237891793251038
1569839542.9576838,144,0.8440704941749573
1569839544.3368502,145,0.8349180817604065
1569839545.7127407,146,0.831944465637207
1569839547.0858083,147,0.8175569772720337
1569839548.4644325,148,0.848041296005249
1569839549.838517,149,0.8082442879676819
1569839551.2081206,150,0.8308404684066772
1569839552.576821,151,0.8445156812667847
1569839553.9574578,152,0.8398860692977905
1569839555.3316772,153,0.8371794819831848
1569839556.7081788,154,0.8405448794364929
1569839558.0866518,155,0.8347578644752502
1569839559.4612136,156,0.8485932946205139
1569839560.832393,157,0.8514066934585571
1569839562.2189198,158,0.827866792678833
1569839563.6339378,159,0.8422542810440063
1569839565.0539808,160,0.8340989947319031
1569839566.431396,161,0.833048403263092
1569839567.8026206,162,0.837678074836731
1569839569.1805394,163,0.8370192050933838
1569839570.5599916,164,0.8284187912940979
1569839571.9364731,165,0.822845458984375
1569839573.3128097,166,0.8329415917396545
1569839574.68807,167,0.8429130911827087
1569839576.0710049,168,0.822524905204773
1569839577.4481554,169,0.8392806053161621
1569839578.8272967,170,0.841809093952179
1569839580.2075396,171,0.8295227885246277
1569839581.5932558,172,0.8353632688522339
1569839582.9757516,173,0.8435719609260559
1569839584.3643236,174,0.8444622755050659
1569839585.7482107,175,0.8295761942863464
1569839587.1313782,176,0.8353098034858704
1569839588.5121865,177,0.8416488766670227
1569839589.8881807,178,0.8232371807098389
1569839591.268186,179,0.8261573910713196
1569839592.6608837,180,0.8294693827629089
1569839594.0420256,181,0.8331018686294556
1569839595.421709,182,0.8197649717330933
1569839596.8019927,183,0.8411502838134766
1569839598.1773384,184,0.8266559839248657
1569839599.56195,185,0.828027069568634
1569839600.9404306,186,0.8370726704597473
1569839602.3122046,187,0.8429664969444275
1569839603.6921003,188,0.8239494562149048
1569839605.0709457,189,0.8387820720672607
1569839606.4780045,190,0.8412570953369141
1569839607.8931198,191,0.8358618021011353
1569839609.2700255,192,0.8324964642524719
1569839610.6586368,193,0.8172898888587952
1569839612.0367737,194,0.8370726704597473
1569839613.4175828,195,0.834811270236969
1569839614.8056095,196,0.8294693827629089
1569839616.187125,197,0.8423076868057251
1569839617.5612946,198,0.8347578644752502
1569839618.948122,199,0.8284187912940979
