Wall time,Step,Value
1569839350.3744528,0,0.2812769114971161
1569839351.8368351,1,0.33874353766441345
1569839353.3033905,2,0.4491548240184784
1569839354.7752855,3,0.43348944187164307
1569839356.2886708,4,0.5182493329048157
1569839357.7721002,5,0.5555555820465088
1569839359.2624035,6,0.5702519416809082
1569839360.7355087,7,0.5578703880310059
1569839362.1870584,8,0.5541290044784546
1569839363.6926038,9,0.5756352543830872
1569839365.1449351,10,0.5865902304649353
1569839366.5755372,11,0.6025785803794861
1569839368.0343971,12,0.6397502422332764
1569839369.482442,13,0.6326711773872375
1569839370.9274938,14,0.6029285192489624
1569839372.3778496,15,0.6462101340293884
1569839373.829311,16,0.6811476945877075
1569839375.2772746,17,0.6842700242996216
1569839376.7274761,18,0.6868540048599243
1569839378.1785202,19,0.7029231190681458
1569839379.6251724,20,0.6705964803695679
1569839381.0760949,21,0.6718077063560486
1569839382.5227246,22,0.6965977549552917
1569839383.9760954,23,0.7142280340194702
1569839385.4275842,24,0.6988317966461182
1569839386.8721106,25,0.7204188108444214
1569839388.319474,26,0.6835970878601074
1569839389.7349,27,0.7234873175621033
1569839391.1490583,28,0.7179694175720215
1569839392.5638394,29,0.7349267601966858
1569839393.9802575,30,0.71912682056427
1569839395.4076204,31,0.7349806427955627
1569839396.8239567,32,0.7213070392608643
1569839398.239411,33,0.7340385317802429
1569839399.6481001,34,0.744858980178833
1569839401.0489228,35,0.7609280943870544
1569839402.4752915,36,0.7506459951400757
1569839403.8933997,37,0.7509151697158813
1569839405.3076804,38,0.7592861652374268
1569839406.714495,39,0.7772663831710815
1569839408.1203518,40,0.7592323422431946
1569839409.5281754,41,0.7875484228134155
1569839410.9400365,42,0.7671188712120056
1569839412.3555021,43,0.7915589809417725
1569839413.769783,44,0.7775355577468872
1569839415.183052,45,0.7665805220603943
1569839416.6048226,46,0.7606589198112488
1569839418.0238454,47,0.7765126824378967
1569839419.4348032,48,0.7785583734512329
1569839420.857699,49,0.7889750003814697
1569839422.2746444,50,0.7774009704589844
1569839423.6993873,51,0.7847491502761841
1569839425.1233354,52,0.8048288226127625
1569839426.534676,53,0.7714793086051941
1569839427.9493825,54,0.7825150489807129
1569839429.3683808,55,0.7965923547744751
1569839430.78383,56,0.7866601943969727
1569839432.1990519,57,0.7957041263580322
1569839433.6098614,58,0.7945467233657837
1569839435.0255022,59,0.7867947816848755
1569839436.4377556,60,0.7849644422531128
1569839437.843503,61,0.8007375001907349
1569839439.2555325,62,0.823212742805481
1569839440.6651695,63,0.8077626824378967
1569839442.0824044,64,0.8029984831809998
1569839443.5086858,65,0.7947620749473572
1569839444.9332545,66,0.8077626824378967
1569839446.3478293,67,0.7995262742042542
1569839447.7634819,68,0.8017064929008484
1569839449.1778402,69,0.8153800368309021
1569839450.5975728,70,0.8134689927101135
1569839452.009784,71,0.793335497379303
1569839453.4253275,72,0.7896479368209839
1569839454.832439,73,0.8113695383071899
1569839456.2647436,74,0.7965923547744751
1569839457.673951,75,0.792716383934021
1569839459.0954278,76,0.7950312495231628
1569839460.5043356,77,0.8041558861732483
1569839461.9150655,78,0.8050979971885681
1569839463.3250246,79,0.8198751211166382
1569839464.7347567,80,0.7895941138267517
1569839466.1437156,81,0.806739866733551
1569839467.553274,82,0.7881675362586975
1569839468.9801424,83,0.7946813106536865
1569839470.4034326,84,0.8080318570137024
1569839471.8226812,85,0.7826496362686157
1569839473.229263,86,0.775489866733551
1569839474.6392832,87,0.7969961166381836
1569839476.0472105,88,0.820009708404541
1569839477.4577365,89,0.8126614689826965
1569839478.8677945,90,0.7931201457977295
1569839480.2792664,91,0.8028638958930969
1569839481.6779664,92,0.8025947213172913
1569839483.08993,93,0.7942237257957458
1569839484.5032127,94,0.8083010315895081
1569839485.9157672,95,0.7909399271011353
1569839487.3297088,96,0.8015719056129456
1569839488.747519,97,0.7920435070991516
1569839490.168035,98,0.8104812502861023
1569839491.5884812,99,0.783187985420227
1569839493.0132728,100,0.8099429607391357
1569839494.4290798,101,0.7902669906616211
1569839495.8481178,102,0.776108980178833
1569839497.2690308,103,0.7852874398231506
1569839498.6854653,104,0.8127960562705994
1569839500.0937877,105,0.7883559465408325
1569839501.5079055,106,0.7995262742042542
1569839502.9137838,107,0.7835917472839355
1569839504.338191,108,0.7861757278442383
1569839505.7497957,109,0.7778046727180481
1569839507.160333,110,0.7895941138267517
1569839508.5692837,111,0.7916935682296753
1569839509.97235,112,0.8025140166282654
1569839511.3924553,113,0.7957041263580322
1569839512.798446,114,0.7923126816749573
1569839514.2301164,115,0.8084356188774109
1569839515.651529,116,0.789513349533081
1569839517.073308,117,0.7949504852294922
1569839518.4936817,118,0.7964577674865723
1569839519.9132547,119,0.7904823422431946
1569839521.3244944,120,0.7915589809417725
1569839522.7477765,121,0.7920973300933838
1569839524.165144,122,0.8140880465507507
1569839525.579324,123,0.8001992106437683
1569839526.98942,124,0.7833225727081299
1569839528.3997939,125,0.7872793078422546
1569839529.8095603,126,0.7936046719551086
1569839531.2281756,127,0.7857719659805298
1569839532.6449811,128,0.7965923547744751
1569839534.0585592,129,0.7908861041069031
1569839535.47227,130,0.7880867719650269
1569839536.880524,131,0.7969422936439514
1569839538.2900844,132,0.8093238472938538
1569839539.7035706,133,0.8035368323326111
1569839541.1223907,134,0.7928509712219238
1569839542.5309227,135,0.7895941138267517
1569839543.9487925,136,0.801975667476654
1569839545.3643131,137,0.7908861041069031
1569839546.7736018,138,0.79885333776474
1569839548.1876717,139,0.7951657772064209
1569839549.5978708,140,0.7974806427955627
1569839551.009523,141,0.8003337383270264
1569839552.4251966,142,0.7955695390701294
1569839553.839397,143,0.7978843450546265
1569839555.2637656,144,0.8010874390602112
1569839556.6876023,145,0.8014912009239197
1569839558.1034682,146,0.7904823422431946
1569839559.520272,147,0.7897825241088867
1569839560.9431696,148,0.7771317958831787
1569839562.3637419,149,0.7910745143890381
1569839563.7740288,150,0.8003337383270264
1569839565.2074413,151,0.7986380457878113
1569839566.625324,152,0.7916935682296753
1569839568.030994,153,0.8152454495429993
1569839569.4481597,154,0.8003337383270264
1569839570.8576388,155,0.7905361652374268
1569839572.2731209,156,0.7951657772064209
1569839573.7045379,157,0.7965923547744751
1569839575.1299891,158,0.7677379250526428
1569839576.5517738,159,0.7977497577667236
1569839577.9763536,160,0.7966731190681458
1569839579.4043903,161,0.8089739680290222
1569839580.8190026,162,0.812311589717865
1569839582.2347462,163,0.7936046719551086
1569839583.6567163,164,0.8070090413093567
1569839585.085071,165,0.8095930218696594
1569839586.4993062,166,0.7905899882316589
1569839587.9180672,167,0.7823804616928101
1569839589.330087,168,0.7963232398033142
1569839590.7524865,169,0.7954349517822266
1569839592.168875,170,0.8059324026107788
1569839593.5782006,171,0.8164029121398926
1569839595.0050237,172,0.7911552786827087
1569839596.4178069,173,0.7912898659706116
1569839597.829513,174,0.8048288226127625
1569839599.2407732,175,0.8070898056030273
1569839600.6504343,176,0.8082472085952759
1569839602.0647328,177,0.7978305220603943
1569839603.4819613,178,0.8090546727180481
1569839604.898633,179,0.7709948420524597
1569839606.312637,180,0.8036175966262817
1569839607.7278745,181,0.7931201457977295
1569839609.144402,182,0.7997954487800598
1569839610.568053,183,0.8134151697158813
1569839611.9881022,184,0.8054478764533997
1569839613.3993454,185,0.7960540652275085
1569839614.8147376,186,0.8054478764533997
1569839616.2344599,187,0.8045596480369568
1569839617.663149,188,0.7987726330757141
1569839619.079389,189,0.816887378692627
1569839620.5096073,190,0.7958387136459351
1569839621.9178374,191,0.791962742805481
1569839623.3341732,192,0.8053132891654968
1569839624.7557304,193,0.8018949031829834
1569839626.17232,194,0.8080318570137024
1569839627.5951488,195,0.7956503033638
1569839629.0175314,196,0.7874138951301575
1569839630.4353426,197,0.8125269412994385
1569839631.8504295,198,0.7892441749572754
1569839633.267631,199,0.7979651093482971
