Wall time,Step,Value
1569839664.4038596,0,0.34813442826271057
1569839665.8687131,1,0.34997352957725525
1569839667.3161416,2,0.4044550359249115
1569839668.7670414,3,0.4417814314365387
1569839670.2147613,4,0.49527719616889954
1569839671.6601799,5,0.566693127155304
1569839673.1021612,6,0.6040195226669312
1569839674.545872,7,0.582980215549469
1569839675.982995,8,0.5911017060279846
1569839677.4282794,9,0.6630620360374451
1569839678.8717022,10,0.6823652386665344
1569839680.3162062,11,0.6799817681312561
1569839681.767192,12,0.6989759802818298
1569839683.215015,13,0.6763918399810791
1569839684.6631892,14,0.680952787399292
1569839686.114621,15,0.6956067681312561
1569839687.5727873,16,0.7049346566200256
1569839689.0172944,17,0.742158055305481
1569839690.4576004,18,0.7431438565254211
1569839691.9003792,19,0.7330508232116699
1569839693.3512592,20,0.7167637944221497
1569839694.7975268,21,0.7345662713050842
1569839696.2451344,22,0.730549693107605
1569839697.6978445,23,0.7580037713050842
1569839699.141552,24,0.7552965879440308
1569839700.586834,25,0.7315207123756409
1569839702.0466287,26,0.754855215549469
1569839703.4947603,27,0.7435705065727234
1569839704.9474459,28,0.734772264957428
1569839706.3952434,29,0.7389065623283386
1569839707.8550935,30,0.7418344020843506
1569839709.302509,31,0.7452036142349243
1569839710.7415204,32,0.7711275815963745
1569839712.1849692,33,0.7486758232116699
1569839713.6254992,34,0.7911075949668884
1569839715.075124,35,0.7843838334083557
1569839716.5221648,36,0.7664636373519897
1569839717.970678,37,0.7665666341781616
1569839719.4072914,38,0.7733050584793091
1569839720.8521862,39,0.7607108950614929
1569839722.3031664,40,0.793917715549469
1569839723.7594814,41,0.7822063565254211
1569839725.2070928,42,0.7982727289199829
1569839726.6499612,43,0.7883856892585754
1569839728.1060972,44,0.7767773270606995
1569839729.5546768,45,0.7799258232116699
1569839730.9966466,46,0.8043344020843506
1569839732.4378288,47,0.7924023270606995
1569839733.8803267,48,0.8056438565254211
1569839735.323164,49,0.7866495847702026
1569839736.7625024,50,0.8052024245262146
1569839738.221605,51,0.7993467450141907
1569839739.6657784,52,0.7989053726196289
1569839741.111592,53,0.7844721078872681
1569839742.5587795,54,0.7778660655021667
1569839744.0017354,55,0.8118231892585754
1569839745.4543746,56,0.8134563565254211
1569839746.9004216,57,0.8063941597938538
1569839748.3470654,58,0.826594889163971
1569839749.78736,59,0.8067325949668884
1569839751.2261724,60,0.8172522187232971
1569839752.6662169,61,0.810204803943634
1569839754.1029956,62,0.8061882257461548
1569839755.5404346,63,0.8201800584793091
1569839756.9866083,64,0.8028189539909363
1569839758.4574904,65,0.813132643699646
1569839759.896769,66,0.8199741244316101
1569839761.341767,67,0.8288753628730774
1569839762.7920804,68,0.8178995847702026
1569839764.2273958,69,0.8240789771080017
1569839765.6703377,70,0.7764536142349243
1569839767.116288,71,0.8080273270606995
1569839768.5724556,72,0.7887094020843506
1569839770.0217934,73,0.7994497418403625
1569839771.4703193,74,0.8107491731643677
1569839772.9128408,75,0.8155013918876648
1569839774.3662283,76,0.8052171468734741
1569839775.8070395,77,0.8035840392112732
1569839777.2546804,78,0.7786164283752441
1569839778.7027197,79,0.7965219020843506
1569839780.1412716,80,0.8169138431549072
1569839781.5878403,81,0.8047757744789124
1569839783.0249424,82,0.8076888918876648
1569839784.4634528,83,0.8087776303291321
1569839785.9148877,84,0.7969632744789124
1569839787.3625968,85,0.8080273270606995
1569839788.812296,86,0.7806761860847473
1569839790.2572372,87,0.8072769641876221
1569839791.697023,88,0.804658055305481
1569839793.1373634,89,0.7983757257461548
1569839794.584981,90,0.8141037225723267
1569839796.0248287,91,0.8053054213523865
1569839797.465112,92,0.7938147187232971
1569839798.9113815,93,0.8240936994552612
1569839800.3551254,94,0.8079243302345276
1569839801.7968292,95,0.781220555305481
1569839803.2414255,96,0.8277866244316101
1569839804.6834095,97,0.8155161142349243
1569839806.125052,98,0.785237193107605
1569839807.5830595,99,0.8040106892585754
1569839809.032745,100,0.8207244873046875
1569839810.4731376,101,0.7906662225723267
1569839811.9124277,102,0.8104107975959778
1569839813.352448,103,0.8130149245262146
1569839814.7947643,104,0.8064088821411133
1569839816.237951,105,0.8066295981407166
1569839817.6886094,106,0.8207391500473022
1569839819.131901,107,0.7785134315490723
1569839820.577736,108,0.786105215549469
1569839822.0350406,109,0.8077036142349243
1569839823.4743059,110,0.8120439052581787
1569839824.9178276,111,0.8091160655021667
1569839826.3662076,112,0.8014065623283386
1569839827.8209794,113,0.7958745360374451
1569839829.2675803,114,0.8111758232116699
1569839830.7122703,115,0.813132643699646
1569839832.1579602,116,0.7903425097465515
1569839833.6023617,117,0.7963159084320068
1569839835.044934,118,0.7897981405258179
1569839836.4856982,119,0.8141037225723267
1569839837.9278429,120,0.7986993789672852
1569839839.3675992,121,0.7978166341781616
1569839840.8065677,122,0.7879590392112732
1569839842.2515955,123,0.7953301668167114
1569839843.70019,124,0.815192461013794
1569839845.1475468,125,0.7982580065727234
1569839846.593173,126,0.8217102289199829
1569839848.0506668,127,0.7740554213523865
1569839849.5014505,128,0.785237193107605
1569839850.94776,129,0.7910928726196289
1569839852.396272,130,0.8003324866294861
1569839853.8515866,131,0.7925199866294861
1569839855.3020797,132,0.7510592937469482
1569839856.7403784,133,0.8015095591545105
1569839858.202349,134,0.7830743789672852
1569839859.642602,135,0.8157368302345276
1569839861.0994308,136,0.7712305784225464
1569839862.5494878,137,0.8107491731643677
1569839864.0018718,138,0.798802375793457
1569839865.447637,139,0.8045550584793091
1569839866.887829,140,0.8011858463287354
1569839868.3370886,141,0.8181203007698059
1569839869.7771604,142,0.7875176668167114
1569839871.2223434,143,0.7912105917930603
1569839872.680468,144,0.808247983455658
1569839874.12334,145,0.8112788200378418
1569839875.5714555,146,0.8013035655021667
1569839877.0122187,147,0.7754678726196289
1569839878.4617612,148,0.802392303943634
1569839879.90221,149,0.7925053238868713
1569839881.3420863,150,0.7880620360374451
1569839882.8151917,151,0.7886064052581787
1569839884.2661858,152,0.8002148270606995
1569839885.7105184,153,0.7832950949668884
1569839887.1577196,154,0.7636387944221497
1569839888.6105976,155,0.8047757744789124
1569839890.0572426,156,0.8084686994552612
1569839891.5047204,157,0.7855608463287354
1569839892.9514785,158,0.7925199866294861
1569839894.4172232,159,0.786767303943634
1569839895.8627205,160,0.7959922552108765
1569839897.3050306,161,0.8074829578399658
1569839898.7503142,162,0.8022745847702026
1569839900.2000966,163,0.7876206636428833
1569839901.6424696,164,0.8005532026290894
1569839903.0959356,165,0.7743938565254211
1569839904.537127,166,0.8013035655021667
1569839905.9854276,167,0.7882826924324036
1569839907.43432,168,0.7950064539909363
1569839908.887174,169,0.8121469020843506
1569839910.3276134,170,0.7928289771080017
1569839911.7805014,171,0.7946680784225464
1569839913.228942,172,0.7985963821411133
1569839914.6754618,173,0.7959775328636169
1569839916.1236305,174,0.7954478859901428
1569839917.5811236,175,0.8068355917930603
1569839919.0632586,176,0.7996704578399658
1569839920.517272,177,0.7799258232116699
1569839921.9632814,178,0.7916372418403625
1569839923.405306,179,0.7875176668167114
1569839924.8610628,180,0.804025411605835
1569839926.3124368,181,0.7999941110610962
1569839927.76277,182,0.7862082123756409
1569839929.2051892,183,0.7979342937469482
1569839930.656015,184,0.7741731405258179
1569839932.105955,185,0.8013035655021667
1569839933.5569925,186,0.8025982975959778
1569839935.0113096,187,0.8002148270606995
1569839936.4571106,188,0.7924023270606995
1569839937.9272735,189,0.7963011860847473
1569839939.3723283,190,0.7929466962814331
1569839940.8171084,191,0.8133533596992493
1569839942.2724113,192,0.7843691110610962
1569839943.720324,193,0.8085716962814331
1569839945.162667,194,0.8235493302345276
1569839946.6097012,195,0.8034663200378418
1569839948.072247,196,0.7924023270606995
1569839949.5169272,197,0.7876353859901428
1569839950.9567897,198,0.7969632744789124
1569839952.4059691,199,0.8183409571647644
