Wall time,Step,Value
1569839413.6806402,0,0.25943732261657715
1569839415.0410318,1,0.30172720551490784
1569839416.3748112,2,0.28890669345855713
1569839417.7125957,3,0.3552350401878357
1569839419.0545208,4,0.45147791504859924
1569839420.3994105,5,0.5135327577590942
1569839421.7390347,6,0.5308048725128174
1569839423.0778732,7,0.5318732261657715
1569839424.4189117,8,0.5670406222343445
1569839425.7565105,9,0.586271345615387
1569839427.0887613,10,0.5913461446762085
1569839428.4308674,11,0.59642094373703
1569839429.7580755,12,0.6193910241127014
1569839431.094108,13,0.6090633869171143
1569839432.430332,14,0.6338140964508057
1569839433.7665071,15,0.648771345615387
1569839435.1010776,16,0.6565170884132385
1569839436.4350326,17,0.6883012652397156
1569839437.7651339,18,0.6900818943977356
1569839439.1047928,19,0.6980056762695312
1569839440.4392655,20,0.6939992904663086
1569839441.7727828,21,0.7137642502784729
1569839443.104435,22,0.7136752009391785
1569839444.4402597,23,0.7003205418586731
1569839445.768454,24,0.7183048725128174
1569839447.1105669,25,0.72053062915802
1569839448.4543014,26,0.7292556762695312
1569839449.79496,27,0.7285434603691101
1569839451.1349504,28,0.7135862112045288
1569839452.4745293,29,0.720886766910553
1569839453.80864,30,0.7275640964508057
1569839455.1401885,31,0.7362892031669617
1569839456.4705718,32,0.7459045648574829
1569839457.8040748,33,0.725338339805603
1569839459.1402054,34,0.7497329115867615
1569839460.4749236,35,0.7442129850387573
1569839461.8097699,36,0.7551637887954712
1569839463.1542416,37,0.7334401607513428
1569839464.494204,38,0.7481303215026855
1569839465.8348138,39,0.748753547668457
1569839467.1686974,40,0.7383369207382202
1569839468.5107784,41,0.7695869207382202
1569839469.8558285,42,0.7816951274871826
1569839471.1950543,43,0.7882834672927856
1569839472.5309706,44,0.7832086682319641
1569839473.8835015,45,0.7895299196243286
1569839475.2195005,46,0.7881944179534912
1569839476.5503738,47,0.7995014190673828
1569839477.8889194,48,0.7876602411270142
1569839479.230015,49,0.7802706360816956
1569839480.5650163,50,0.7885505557060242
1569839481.9028418,51,0.7845441699028015
1569839483.244627,52,0.8043981194496155
1569839484.5850887,53,0.7871260643005371
1569839485.9240313,54,0.8029736280441284
1569839487.272655,55,0.7771545648574829
1569839488.618708,56,0.7666488885879517
1569839489.9544015,57,0.8159722089767456
1569839491.290936,58,0.7708333134651184
1569839492.6247869,59,0.7611289024353027
1569839493.9547238,60,0.8030626773834229
1569839495.2833817,61,0.7962072491645813
1569839496.6201634,62,0.7935363054275513
1569839497.9485476,63,0.8038639426231384
1569839499.2801678,64,0.8076032996177673
1569839500.6107714,65,0.7977207899093628
1569839501.9444675,66,0.811253547668457
1569839503.2851102,67,0.7895299196243286
1569839504.6205893,68,0.7935363054275513
1569839505.9595282,69,0.7994123697280884
1569839507.2996683,70,0.7917556762695312
1569839508.6409433,71,0.7795584201812744
1569839509.9795356,72,0.7792022824287415
1569839511.3205228,73,0.7647792100906372
1569839512.6858838,74,0.808226466178894
1569839514.0340478,75,0.7771545648574829
1569839515.3680823,76,0.7689636945724487
1569839516.70478,77,0.7734152674674988
1569839518.0441022,78,0.774661660194397
1569839519.388769,79,0.78570157289505
1569839520.7242866,80,0.7680733799934387
1569839522.0607054,81,0.7872151136398315
1569839523.39464,82,0.7973646521568298
1569839524.7344434,83,0.7643340229988098
1569839526.068214,84,0.7681623697280884
1569839527.4108071,85,0.7990562915802002
1569839528.7501867,86,0.7659366130828857
1569839530.0842195,87,0.8019943237304688
1569839531.4206185,88,0.78303062915802
1569839532.7639694,89,0.7754629850387573
1569839534.1050348,90,0.7622863054275513
1569839535.4335241,91,0.7743945717811584
1569839536.7725294,92,0.8017272353172302
1569839538.1115525,93,0.7997685074806213
1569839539.4487064,94,0.7937144041061401
1569839540.780827,95,0.7995904684066772
1569839542.129321,96,0.7835648059844971
1569839543.4580054,97,0.7790242433547974
1569839544.7901146,98,0.805021345615387
1569839546.120174,99,0.7944266200065613
1569839547.4508862,100,0.7966524362564087
1569839548.7994804,101,0.7691417336463928
1569839550.1346102,102,0.7905092835426331
1569839551.4742675,103,0.7721688151359558
1569839552.8124795,104,0.7853454351425171
1569839554.1602447,105,0.7809829115867615
1569839555.499443,106,0.7753739356994629
1569839556.8450496,107,0.7655804753303528
1569839558.1868038,108,0.7715455889701843
1569839559.5306456,109,0.7650462985038757
1569839560.8605518,110,0.7962962985038757
1569839562.2068152,111,0.7792022824287415
1569839563.552071,112,0.7876602411270142
1569839564.9007835,113,0.7739494442939758
1569839566.2329814,114,0.7750177979469299
1569839567.5706222,115,0.7798255085945129
1569839568.9039407,116,0.7908653616905212
1569839570.238763,117,0.7850783467292786
1569839571.5705457,118,0.7705662250518799
1569839572.9178867,119,0.77768874168396
1569839574.2450292,120,0.778222918510437
1569839575.5884027,121,0.7759971618652344
1569839576.9279644,122,0.7724359035491943
1569839578.285255,123,0.776976466178894
1569839579.624996,124,0.8033297657966614
1569839580.965513,125,0.7901531457901001
1569839582.2997012,126,0.7948718070983887
1569839583.6343038,127,0.7872151136398315
1569839584.973635,128,0.7986111044883728
1569839586.3049436,129,0.7787570953369141
1569839587.642625,130,0.7754629850387573
1569839588.9896963,131,0.7840099930763245
1569839590.334364,132,0.7989672422409058
1569839591.67278,133,0.7730591297149658
1569839593.02053,134,0.7889066934585571
1569839594.35504,135,0.7972756624221802
1569839595.690281,136,0.7863247990608215
1569839597.038142,137,0.7834757566452026
1569839598.382656,138,0.7816951274871826
1569839599.713555,139,0.7931802272796631
1569839601.0502343,140,0.7772436141967773
1569839602.3921719,141,0.774661660194397
1569839603.7292304,142,0.7684294581413269
1569839605.0702412,143,0.7683404684066772
1569839606.404803,144,0.7659366130828857
1569839607.7387612,145,0.7899750471115112
1569839609.078944,146,0.7888176441192627
1569839610.414908,147,0.7908653616905212
1569839611.7544882,148,0.7963853478431702
1569839613.088074,149,0.7715455889701843
1569839614.419086,150,0.7711894512176514
1569839615.7503235,151,0.7901531457901001
1569839617.0888991,152,0.777332603931427
1569839618.4174542,153,0.7767093777656555
1569839619.759454,154,0.7864137887954712
1569839621.1313846,155,0.7909544110298157
1569839622.4749172,156,0.7768874764442444
1569839623.8089235,157,0.779113233089447
1569839625.1488018,158,0.8020833134651184
1569839626.4834557,159,0.7670049667358398
1569839627.817553,160,0.775551974773407
1569839629.1644237,161,0.7834757566452026
1569839630.5047455,162,0.7899750471115112
1569839631.8404577,163,0.7719017267227173
1569839633.1804023,164,0.7889066934585571
1569839634.521374,165,0.7619302272796631
1569839635.8645847,166,0.7861467003822327
1569839637.2009008,167,0.7646011114120483
1569839638.5404096,168,0.7879273295402527
1569839639.8745227,169,0.7930911779403687
1569839641.220586,170,0.7786681056022644
1569839642.594591,171,0.7758190631866455
1569839643.9311137,172,0.7663817405700684
1569839645.2651732,173,0.7788461446762085
1569839646.5979044,174,0.7727029919624329
1569839647.9342453,175,0.785167396068573
1569839649.270422,176,0.8061787486076355
1569839650.6008666,177,0.7688746452331543
1569839651.9409027,178,0.789618968963623
1569839653.279567,179,0.7880163788795471
1569839654.6178226,180,0.7870370149612427
1569839655.9606354,181,0.783386766910553
1569839657.30068,182,0.78303062915802
1569839658.6352668,183,0.7918447256088257
1569839659.9704974,184,0.7723468542098999
1569839661.3081205,185,0.7849892973899841
1569839662.6448593,186,0.7908653616905212
1569839663.9881618,187,0.7894408702850342
1569839665.3288646,188,0.7934473156929016
1569839666.6641665,189,0.7946937084197998
1569839668.010135,190,0.7938033938407898
1569839669.3508177,191,0.7891737818717957
1569839670.693472,192,0.7908653616905212
1569839672.0325193,193,0.7733262181282043
1569839673.3727462,194,0.7865918874740601
1569839674.7146354,195,0.7962072491645813
1569839676.0535593,196,0.7748397588729858
1569839677.387617,197,0.7917556762695312
1569839678.7287986,198,0.7950498461723328
1569839680.071428,199,0.7940705418586731
