Wall time,Step,Value
1569839657.8100019,0,0.3241567313671112
1569839659.3077512,1,0.43505528569221497
1569839660.773772,2,0.44800522923469543
1569839662.2720587,3,0.4151962995529175
1569839663.761452,4,0.4326991140842438
1569839665.250104,5,0.4600517153739929
1569839666.7291873,6,0.4644983112812042
1569839668.2031298,7,0.5068204402923584
1569839669.6854205,8,0.5164399147033691
1569839671.1400614,9,0.5122058987617493
1569839672.6336668,10,0.5268920063972473
1569839674.1257305,11,0.5607107281684875
1569839675.6070855,12,0.556228756904602
1569839677.0916739,13,0.5729697942733765
1569839678.5828905,14,0.6291099786758423
1569839680.0406578,15,0.6638321876525879
1569839681.4883053,16,0.6726544499397278
1569839682.9433403,17,0.6907418966293335
1569839684.3935592,18,0.6897321343421936
1569839685.846047,19,0.7001842260360718
1569839687.3125398,20,0.7104946374893188
1569839688.7797174,21,0.6967474222183228
1569839690.2518332,22,0.7086521983146667
1569839691.7059886,23,0.7069515585899353
1569839693.157533,24,0.7045599222183228
1569839694.6030145,25,0.7234800457954407
1569839696.0532663,26,0.7201141119003296
1569839697.5090988,27,0.7115043997764587
1569839698.9830904,28,0.7173681855201721
1569839700.4518847,29,0.7235154509544373
1569839701.9140933,30,0.7235863208770752
1569839703.3586788,31,0.7297689914703369
1569839704.8076952,32,0.7460848689079285
1569839706.2568011,33,0.7114335298538208
1569839707.7004316,34,0.7338612675666809
1569839709.1431093,35,0.7306724786758423
1569839710.593333,36,0.7573341727256775
1569839712.0507672,37,0.7391758561134338
1569839713.5029933,38,0.7695223689079285
1569839714.9480736,39,0.7626842260360718
1569839716.3972683,40,0.7426126599311829
1569839717.8407824,41,0.7641723155975342
1569839719.2972906,42,0.7678571343421936
1569839720.744637,43,0.7650758028030396
1569839722.2025537,44,0.7781320810317993
1569839723.6764827,45,0.7799036502838135
1569839725.1381886,46,0.7695578336715698
1569839726.5900915,47,0.7806299328804016
1569839728.0345504,48,0.7938988208770752
1569839729.487706,49,0.7852182388305664
1569839730.9779682,50,0.7920209765434265
1569839732.4763422,51,0.7886196374893188
1569839733.9655724,52,0.7772994637489319
1569839735.4151313,53,0.789345920085907
1569839736.8644607,54,0.797158420085907
1569839738.3451533,55,0.7973356246948242
1569839739.7946906,56,0.7731717824935913
1569839741.2427971,57,0.7850765585899353
1569839742.693132,58,0.800010621547699
1569839744.1382787,59,0.7946605682373047
1569839745.6052322,60,0.8058390021324158
1569839747.0501685,61,0.8058035969734192
1569839748.498004,62,0.7919501066207886
1569839749.944428,63,0.7894522547721863
1569839751.4030502,64,0.808478593826294
1569839752.8915312,65,0.7757759094238281
1569839754.379335,66,0.8024376630783081
1569839755.8658934,67,0.8051835298538208
1569839757.3501039,68,0.8017467260360718
1569839758.8448205,69,0.7997626066207886
1569839760.309248,70,0.8069196343421936
1569839761.7902672,71,0.8092049360275269
1569839763.279419,72,0.8076105713844299
1569839764.7644558,73,0.8112244606018066
1569839766.211563,74,0.8093112111091614
1569839767.6588619,75,0.8023667931556702
1569839769.1073008,76,0.8163973689079285
1569839770.5526521,77,0.8051126599311829
1569839772.0082963,78,0.800666093826294
1569839773.4531593,79,0.8120571374893188
1569839774.913105,80,0.7982745170593262
1569839776.3669002,81,0.8232709765434265
1569839777.822869,82,0.8163265585899353
1569839779.273166,83,0.8171591758728027
1569839780.7267177,84,0.8161848187446594
1569839782.178985,85,0.812783420085907
1569839783.6286762,86,0.8050772547721863
1569839785.0785446,87,0.8146258592605591
1569839786.5555403,88,0.7998334765434265
1569839788.0400143,89,0.8136515021324158
1569839789.4994094,90,0.8145195841789246
1569839790.966731,91,0.8223320841789246
1569839792.445874,92,0.807752251625061
1569839793.9245944,93,0.8086203336715698
1569839795.388274,94,0.7963612675666809
1569839796.8388894,95,0.8033411502838135
1569839798.2835565,96,0.8224028944969177
1569839799.7294807,97,0.8093112111091614
1569839801.1806037,98,0.8026502132415771
1569839802.6299586,99,0.8102855682373047
1569839804.1163907,100,0.8041737675666809
1569839805.6070535,101,0.8069196343421936
1569839807.0757325,102,0.800666093826294
1569839808.5282502,103,0.8050417900085449
1569839809.9727654,104,0.8083723187446594
1569839811.425314,105,0.8102855682373047
1569839812.8784387,106,0.8042446374893188
1569839814.3246539,107,0.8058744072914124
1569839815.7798107,108,0.8178500533103943
1569839817.2468045,109,0.8015695810317993
1569839818.7023172,110,0.8095946907997131
1569839820.1490505,111,0.7894167900085449
1569839821.6354046,112,0.8076459765434265
1569839823.0961614,113,0.8214285969734192
1569839824.5420716,114,0.8128542900085449
1569839825.9931045,115,0.8198341727256775
1569839827.44741,116,0.7955286502838135
1569839828.922168,117,0.8067424893379211
1569839830.4056637,118,0.8042446374893188
1569839831.875871,119,0.7938633561134338
1569839833.3344352,120,0.7939342260360718
1569839834.7804604,121,0.7981327772140503
1569839836.2274299,122,0.7973001599311829
1569839837.6725059,123,0.8024730682373047
1569839839.1225317,124,0.7921627163887024
1569839840.5702727,125,0.7831987142562866
1569839842.0286906,126,0.8101438283920288
1569839843.4730089,127,0.7979556322097778
1569839844.9265718,128,0.7902848720550537
1569839846.3822384,129,0.8120216727256775
1569839847.8272374,130,0.8078585863113403
1569839849.2789998,131,0.802508533000946
1569839850.7289705,132,0.8093112111091614
1569839852.2031322,133,0.8135806322097778
1569839853.6857283,134,0.8059452772140503
1569839855.165244,135,0.8110473155975342
1569839856.6524022,136,0.8034119606018066
1569839858.142224,137,0.7920563817024231
1569839859.6318352,138,0.8093112111091614
1569839861.118062,139,0.79657381772995
1569839862.6091137,140,0.7973356246948242
1569839864.074971,141,0.7903202772140503
1569839865.5323308,142,0.799071729183197
1569839866.9846454,143,0.7945896983146667
1569839868.4383414,144,0.8075042366981506
1569839869.8880348,145,0.792127251625061
1569839871.3581991,146,0.8006306886672974
1569839872.8354437,147,0.8023313283920288
1569839874.3263595,148,0.8170883059501648
1569839875.8100903,149,0.7972647547721863
1569839877.2586267,150,0.7945896983146667
1569839878.7100701,151,0.7935799360275269
1569839880.1672227,152,0.7887259125709534
1569839881.6136062,153,0.788477897644043
1569839883.0687184,154,0.7886550426483154
1569839884.5312235,155,0.7922335863113403
1569839886.0168097,156,0.8111181855201721
1569839887.505684,157,0.7963612675666809
1569839888.9993293,158,0.7920918464660645
1569839890.4530559,159,0.8161848187446594
1569839891.9128397,160,0.7989299893379211
1569839893.386837,161,0.804032027721405
1569839894.8345256,162,0.8068487644195557
1569839896.2830105,163,0.804970920085907
1569839897.732881,164,0.7981327772140503
1569839899.1827426,165,0.8128188848495483
1569839900.628888,166,0.7973001599311829
1569839902.0903955,167,0.796290397644043
1569839903.5487545,168,0.7869543433189392
1569839905.0187569,169,0.808478593826294
1569839906.4671273,170,0.8075042366981506
1569839907.9200363,171,0.7953869104385376
1569839909.3724592,172,0.791330099105835
1569839910.8273742,173,0.8059807419776917
1569839912.2884796,174,0.7981327772140503
1569839913.7345958,175,0.799656331539154
1569839915.1887922,176,0.7990362644195557
1569839916.642553,177,0.8005243539810181
1569839918.1023738,178,0.8101438283920288
1569839919.5864117,179,0.8074333667755127
1569839921.0547466,180,0.8058390021324158
1569839922.5123482,181,0.7963966727256775
1569839923.9603753,182,0.7972647547721863
1569839925.4264836,183,0.800666093826294
1569839926.8823476,184,0.7869189381599426
1569839928.3304338,185,0.8058744072914124
1569839929.8097467,186,0.7904620170593262
1569839931.2965682,187,0.7963966727256775
1569839932.7780702,188,0.7946251630783081
1569839934.2674599,189,0.7905682921409607
1569839935.7289798,190,0.811844527721405
1569839937.2055864,191,0.815352201461792
1569839938.6576087,192,0.7980265021324158
1569839940.1045527,193,0.796502947807312
1569839941.5648143,194,0.811844527721405
1569839943.0467715,195,0.7937570810317993
1569839944.5324395,196,0.7973356246948242
1569839945.9871275,197,0.7982036471366882
1569839947.4385407,198,0.7945188283920288
1569839948.8882847,199,0.800666093826294
