Wall time,Step,Value
1569839392.2039783,0,0.28333333134651184
1569839393.627866,1,0.2871212065219879
1569839395.0327277,2,0.44488635659217834
1569839396.396918,3,0.47670453786849976
1569839397.7618175,4,0.529924213886261
1569839399.1497242,5,0.5774621367454529
1569839400.5172653,6,0.6020833253860474
1569839401.9058301,7,0.6073863506317139
1569839403.312557,8,0.5984848737716675
1569839404.7070966,9,0.5962121486663818
1569839406.0994678,10,0.5833333134651184
1569839407.473822,11,0.5888257622718811
1569839408.848235,12,0.5899621248245239
1569839410.2476718,13,0.5869318246841431
1569839411.635637,14,0.6210227012634277
1569839413.0166383,15,0.636931836605072
1569839414.4138768,16,0.6867424249649048
1569839415.779596,17,0.6928030252456665
1569839417.1513321,18,0.6660984754562378
1569839418.5161822,19,0.6625000238418579
1569839419.897775,20,0.654356062412262
1569839421.2902052,21,0.664393961429596
1569839422.655529,22,0.6501893997192383
1569839424.041784,23,0.6655303239822388
1569839425.4180002,24,0.6587121486663818
1569839426.7893088,25,0.6892045736312866
1569839428.156706,26,0.6653409004211426
1569839429.556398,27,0.6653409004211426
1569839430.9641073,28,0.6706439256668091
1569839432.352456,29,0.6971591114997864
1569839433.7577596,30,0.6990530490875244
1569839435.158705,31,0.715530276298523
1569839436.5607607,32,0.7202651500701904
1569839437.9322617,33,0.7070075869560242
1569839439.3324552,34,0.7035984992980957
1569839440.716117,35,0.7236742377281189
1569839442.118522,36,0.7255681753158569
1569839443.522543,37,0.7373105883598328
1569839444.8963864,38,0.7166666388511658
1569839446.277266,39,0.7077651619911194
1569839447.693253,40,0.7255681753158569
1569839449.0929625,41,0.7272727489471436
1569839450.4828022,42,0.7454545497894287
1569839451.8926566,43,0.7471590638160706
1569839453.2906387,44,0.7403408885002136
1569839454.7016191,45,0.7193182110786438
1569839456.1040602,46,0.7373105883598328
1569839457.5165048,47,0.7276515364646912
1569839458.9163108,48,0.7424242496490479
1569839460.3265116,49,0.7469696998596191
1569839461.7329624,50,0.7501894235610962
1569839463.1307783,51,0.7361742258071899
1569839464.5381248,52,0.758712112903595
1569839465.9411268,53,0.7604166865348816
1569839467.3479576,54,0.7401515245437622
1569839468.7509587,55,0.7573863863945007
1569839470.1568663,56,0.7808712124824524
1569839471.5704968,57,0.762499988079071
1569839472.9730456,58,0.779356062412262
1569839474.3781543,59,0.7651515007019043
1569839475.7798502,60,0.768750011920929
1569839477.1939998,61,0.7903409004211426
1569839478.5984175,62,0.7767045497894287
1569839480.006447,63,0.791856050491333
1569839481.4182856,64,0.7878788113594055
1569839482.8182108,65,0.7848485112190247
1569839484.2024052,66,0.7668560743331909
1569839485.5712416,67,0.7960227131843567
1569839486.93392,68,0.7837121486663818
1569839488.3053474,69,0.7816287875175476
1569839489.6845493,70,0.7657197117805481
1569839491.060923,71,0.7700757384300232
1569839492.4576626,72,0.762499988079071
1569839493.8432162,73,0.7732954621315002
1569839495.2071006,74,0.7776514887809753
1569839496.5711837,75,0.7929924130439758
1569839497.940971,76,0.7626894116401672
1569839499.3105607,77,0.778030276298523
1569839500.6950285,78,0.7897727489471436
1569839502.0713398,79,0.7839015126228333
1569839503.4381251,80,0.7645833492279053
1569839504.8041394,81,0.7797348499298096
1569839506.1669965,82,0.7992424368858337
1569839507.5372658,83,0.7744318246841431
1569839508.911696,84,0.7818182110786438
1569839510.2740695,85,0.7876893877983093
1569839511.6374104,86,0.7740530371665955
1569839513.0128355,87,0.7859848737716675
1569839514.3795402,88,0.7804924249649048
1569839515.7440903,89,0.7852272987365723
1569839517.1020546,90,0.7821969985961914
1569839518.4977329,91,0.7695075869560242
1569839519.88416,92,0.7842803001403809
1569839521.272214,93,0.7710227370262146
1569839522.6413627,94,0.7763257622718811
1569839524.0046706,95,0.7856060862541199
1569839525.363999,96,0.7835227251052856
1569839526.7198384,97,0.7897727489471436
1569839528.0906281,98,0.7765151262283325
1569839529.4503498,99,0.7782196998596191
1569839530.8372855,100,0.7689393758773804
1569839532.2148502,101,0.7842803001403809
1569839533.5879788,102,0.7666666507720947
1569839534.9612322,103,0.7494317889213562
1569839536.3252113,104,0.7865530252456665
1569839537.6952696,105,0.7880681753158569
1569839539.0675523,106,0.7765151262283325
1569839540.4405944,107,0.7746211886405945
1569839541.7994072,108,0.779924213886261
1569839543.1639936,109,0.793181836605072
1569839544.5301223,110,0.7814394235610962
1569839545.901908,111,0.8003787994384766
1569839547.2729356,112,0.793181836605072
1569839548.6801028,113,0.7729166746139526
1569839550.0814583,114,0.7738636136054993
1569839551.4784305,115,0.7757575511932373
1569839552.8708198,116,0.8003787994384766
1569839554.2672882,117,0.7662878632545471
1569839555.6584594,118,0.7791666388511658
1569839557.0478969,119,0.7761363387107849
1569839558.4327765,120,0.7852272987365723
1569839559.834529,121,0.7856060862541199
1569839561.2342207,122,0.7856060862541199
1569839562.6316214,123,0.7685605883598328
1569839563.999351,124,0.7770833373069763
1569839565.3806264,125,0.7738636136054993
1569839566.77903,126,0.7630681991577148
1569839568.1868696,127,0.7890151739120483
1569839569.5827627,128,0.7791666388511658
1569839570.9778244,129,0.7598484754562378
1569839572.3820093,130,0.7759469747543335
1569839573.7779493,131,0.7782196998596191
1569839575.1725557,132,0.7829545736312866
1569839576.5643268,133,0.7732954621315002
1569839577.937933,134,0.7829545736312866
1569839579.330795,135,0.7910984754562378
1569839580.686172,136,0.7922348380088806
1569839582.0524116,137,0.7998105883598328
1569839583.4144177,138,0.7583333253860474
1569839584.7760515,139,0.779924213886261
1569839586.1454144,140,0.7784090638160706
1569839587.5069878,141,0.7935606241226196
1569839588.866063,142,0.7734848260879517
1569839590.2218628,143,0.7749999761581421
1569839591.5804555,144,0.7785984873771667
1569839592.9451504,145,0.782575786113739
1569839594.3324497,146,0.7695075869560242
1569839595.7267528,147,0.7873106002807617
1569839597.1250136,148,0.7757575511932373
1569839598.5233016,149,0.7848485112190247
1569839599.9186504,150,0.8028408885002136
1569839601.30958,151,0.7806817889213562
1569839602.6884353,152,0.7820075750350952
1569839604.050733,153,0.7778409123420715
1569839605.4105134,154,0.7837121486663818
1569839606.7703347,155,0.7528409361839294
1569839608.1472626,156,0.7892045378684998
1569839609.5108452,157,0.7818182110786438
1569839610.9081063,158,0.7782196998596191
1569839612.302346,159,0.7888257503509521
1569839613.6621578,160,0.7882575988769531
1569839615.0401342,161,0.7867424488067627
1569839616.3997102,162,0.7882575988769531
1569839617.774781,163,0.7850378751754761
1569839619.1400795,164,0.793749988079071
1569839620.5066736,165,0.771212100982666
1569839621.8651059,166,0.7814394235610962
1569839623.232343,167,0.7933712005615234
1569839624.6023545,168,0.791856050491333
1569839625.969351,169,0.7630681991577148
1569839627.3373384,170,0.7829545736312866
1569839628.7020447,171,0.771212100982666
1569839630.0669775,172,0.7820075750350952
1569839631.4355323,173,0.789962112903595
1569839632.8236072,174,0.7655302882194519
1569839634.2116125,175,0.7852272987365723
1569839635.6036375,176,0.7695075869560242
1569839637.001985,177,0.7998105883598328
1569839638.3879867,178,0.7867424488067627
1569839639.7757325,179,0.7662878632545471
1569839641.173225,180,0.7789772748947144
1569839642.576384,181,0.7568181753158569
1569839643.9706717,182,0.7704545259475708
1569839645.3630035,183,0.7772727012634277
1569839646.7688327,184,0.7749999761581421
1569839648.1765385,185,0.7818182110786438
1569839649.5745978,186,0.7742424011230469
1569839650.9795206,187,0.7895833253860474
1569839652.3882942,188,0.7827651500701904
1569839653.8017063,189,0.7761363387107849
1569839655.2079425,190,0.7753787636756897
1569839656.605938,191,0.7753787636756897
1569839658.0167444,192,0.7865530252456665
1569839659.4165673,193,0.7850378751754761
1569839660.8183336,194,0.7757575511932373
1569839662.2210839,195,0.7662878632545471
1569839663.6082156,196,0.7763257622718811
1569839664.9915586,197,0.7717803120613098
1569839666.357913,198,0.7850378751754761
1569839667.7378018,199,0.7660984992980957
