Wall time,Step,Value
1569839401.140443,0,0.37310606241226196
1569839402.7624068,1,0.47037336230278015
1569839404.353529,2,0.5267857313156128
1569839405.9314349,3,0.5589826703071594
1569839407.5377338,4,0.5718344449996948
1569839409.1423538,5,0.5840097665786743
1569839410.7387326,6,0.6163420081138611
1569839412.35566,7,0.6117424368858337
1569839413.9453466,8,0.642451286315918
1569839415.5621357,9,0.6436688303947449
1569839417.1166177,10,0.6310876607894897
1569839418.687863,11,0.6370400190353394
1569839420.25733,12,0.642451286315918
1569839421.853536,13,0.6551677584648132
1569839423.4303615,14,0.6375811696052551
1569839425.0287483,15,0.6732954382896423
1569839426.6342843,16,0.6703192591667175
1569839428.2299666,17,0.6971049904823303
1569839429.8005128,18,0.6914231777191162
1569839431.4028018,19,0.675595223903656
1569839432.9846501,20,0.6869588494300842
1569839434.5886185,21,0.6985930800437927
1569839436.1843853,22,0.7007575631141663
1569839437.7592502,23,0.7196969985961914
1569839439.3315394,24,0.7050865888595581
1569839440.9293149,25,0.7278138399124146
1569839442.4968433,26,0.7360660433769226
1569839444.0990782,27,0.7091450095176697
1569839445.700033,28,0.7305194735527039
1569839447.2647023,29,0.7129328846931458
1569839448.8382633,30,0.741206705570221
1569839450.433885,31,0.7091450095176697
1569839452.0073793,32,0.7096861600875854
1569839453.5801523,33,0.7448592782020569
1569839455.1944392,34,0.7339015007019043
1569839456.8132422,35,0.7263257503509521
1569839458.418619,36,0.7454004287719727
1569839460.0053692,37,0.7448592782020569
1569839461.634549,38,0.730654776096344
1569839463.20659,39,0.7333604097366333
1569839464.7992513,40,0.7397186160087585
1569839466.4182901,41,0.7291666865348816
1569839468.0151627,42,0.7205086350440979
1569839469.614418,43,0.7321428656578064
1569839471.1787305,44,0.760551929473877
1569839472.7471254,45,0.7387716174125671
1569839474.3483374,46,0.7472943663597107
1569839475.9288204,47,0.7544642686843872
1569839477.4983315,48,0.7395833134651184
1569839479.0522332,49,0.7487824559211731
1569839480.6116357,50,0.7620400190353394
1569839482.1985106,51,0.7371482849121094
1569839483.78473,52,0.7495941519737244
1569839485.3764617,53,0.7610930800437927
1569839486.9443805,54,0.7685335278511047
1569839488.552278,55,0.7505411505699158
1569839490.1428974,56,0.760010838508606
1569839491.6978822,57,0.7467532753944397
1569839493.2929497,58,0.7601460814476013
1569839494.8576958,59,0.7578462958335876
1569839496.450319,60,0.735660195350647
1569839498.0059125,61,0.7782738208770752
1569839499.621663,62,0.7556818127632141
1569839501.1843088,63,0.772456705570221
1569839502.8087466,64,0.763798713684082
1569839504.4003203,65,0.7548701167106628
1569839506.0061262,66,0.7786796689033508
1569839507.5702436,67,0.7447240352630615
1569839509.1326833,68,0.7671807408332825
1569839510.7335014,69,0.775703489780426
1569839512.2974682,70,0.751893937587738
1569839513.8830247,71,0.7796266078948975
1569839515.4743695,72,0.7915313839912415
1569839517.069024,73,0.7828733921051025
1569839518.6685967,74,0.7617694735527039
1569839520.2689795,75,0.7800324559211731
1569839521.854224,76,0.7838203310966492
1569839523.4490197,77,0.7736742496490479
1569839525.0436897,78,0.7815205454826355
1569839526.615273,79,0.775703489780426
1569839528.1746097,80,0.7785443663597107
1569839529.7696626,81,0.763798713684082
1569839531.360995,82,0.7834144830703735
1569839532.9266815,83,0.7790855169296265
1569839534.5383122,84,0.7781385183334351
1569839536.1338255,85,0.7781385183334351
1569839537.723181,86,0.7758387327194214
1569839539.2927945,87,0.7681276798248291
1569839540.8841362,88,0.7417478561401367
1569839542.4744177,89,0.769345223903656
1569839544.0636985,90,0.7694805264472961
1569839545.6301322,91,0.7604166865348816
1569839547.2392676,92,0.7686688303947449
1569839548.842723,93,0.7662337422370911
1569839550.406956,94,0.7627164721488953
1569839552.0152857,95,0.7805736064910889
1569839553.6144943,96,0.7594696879386902
1569839555.2134485,97,0.7632575631141663
1569839556.8255503,98,0.7838203310966492
1569839558.4185677,99,0.7662337422370911
1569839560.008628,100,0.7847673296928406
1569839561.573239,101,0.7876082062721252
1569839563.1369221,102,0.7727272510528564
1569839564.7389348,103,0.7721861600875854
1569839566.3374536,104,0.7541937232017517
1569839567.9326982,105,0.7608225345611572
1569839569.4973292,106,0.7671807408332825
1569839571.0667326,107,0.7815205454826355
1569839572.6335661,108,0.7732684016227722
1569839574.1941497,109,0.7723214030265808
1569839575.7987263,110,0.7409361600875854
1569839577.3890805,111,0.7679924368858337
1569839578.9785886,112,0.7711039185523987
1569839580.586972,113,0.7705627679824829
1569839582.1829011,114,0.7702922224998474
1569839583.7407398,115,0.7667748928070068
1569839585.3076694,116,0.7608225345611572
1569839586.886853,117,0.7494588494300842
1569839588.4964182,118,0.7700216174125671
1569839590.0942242,119,0.7715097665786743
1569839591.6925468,120,0.7700216174125671
1569839593.2545173,121,0.7522997856140137
1569839594.8201294,122,0.7782738208770752
1569839596.3899229,123,0.7671807408332825
1569839597.9791925,124,0.7671807408332825
1569839599.5994823,125,0.7732684016227722
1569839601.1970625,126,0.7562229633331299
1569839602.7883258,127,0.7632575631141663
1569839604.388576,128,0.7824675440788269
1569839605.9846225,129,0.760551929473877
1569839607.5760338,130,0.7581169009208679
1569839609.1583102,131,0.7824675440788269
1569839610.7543643,132,0.7767857313156128
1569839612.3582635,133,0.7623106241226196
1569839613.9535725,134,0.760551929473877
1569839615.5179243,135,0.788149356842041
1569839617.0911906,136,0.763798713684082
1569839618.6754262,137,0.7696158289909363
1569839620.2692273,138,0.7579815983772278
1569839621.832457,139,0.7656926512718201
1569839623.4003115,140,0.7505411505699158
1569839624.9731424,141,0.7620400190353394
1569839626.5751576,142,0.772456705570221
1569839628.1436946,143,0.7535173296928406
1569839629.7246394,144,0.7456709742546082
1569839631.284585,145,0.7447240352630615
1569839632.8437812,146,0.7403950095176697
1569839634.4010334,147,0.7686688303947449
1569839635.978583,148,0.7766504287719727
1569839637.573605,149,0.7560876607894897
1569839639.1681569,150,0.7566288113594055
1569839640.7301223,151,0.7535173296928406
1569839642.3346927,152,0.7560876607894897
1569839643.929709,153,0.7648809552192688
1569839645.5336144,154,0.7547348737716675
1569839647.1483173,155,0.7586579918861389
1569839648.7285192,156,0.762445867061615
1569839650.3087783,157,0.7604166865348816
1569839651.90851,158,0.7371482849121094
1569839653.551944,159,0.7567640542984009
1569839655.1968355,160,0.748106062412262
1569839656.8707185,161,0.7552759647369385
1569839658.54353,162,0.7517586350440979
1569839660.1266875,163,0.7609577775001526
1569839661.6990225,164,0.7647456526756287
1569839663.2946782,165,0.7524350881576538
1569839664.8941574,166,0.7566288113594055
1569839666.5041304,167,0.7775974273681641
1569839668.1042354,168,0.7721861600875854
1569839669.6716907,169,0.7544642686843872
1569839671.2493498,170,0.7654221057891846
1569839672.851566,171,0.7686688303947449
1569839674.4267726,172,0.7482413649559021
1569839676.023063,173,0.7391774654388428
1569839677.5814195,174,0.7477002143859863
1569839679.143577,175,0.7494588494300842
1569839680.70789,176,0.7582521438598633
1569839682.3001287,177,0.7562229633331299
1569839683.9031,178,0.7547348737716675
1569839685.5167704,179,0.7682629823684692
1569839687.0887606,180,0.7463474273681641
1569839688.6468213,181,0.7596049904823303
1569839690.2573154,182,0.7408008575439453
1569839691.81769,183,0.7418830990791321
1569839693.3902493,184,0.7591991424560547
1569839694.9920614,185,0.7510822415351868
1569839696.5802567,186,0.7721861600875854
1569839698.1384587,187,0.7673160433769226
1569839699.6997538,188,0.7734037041664124
1569839701.2842674,189,0.7370129823684692
1569839702.8835557,190,0.7732684016227722
1569839704.4480684,191,0.7520292401313782
1569839706.0490975,192,0.7477002143859863
1569839707.6457026,193,0.760010838508606
1569839709.203602,194,0.7537878751754761
1569839710.757852,195,0.7700216174125671
1569839712.3496246,196,0.7786796689033508
1569839713.9542513,197,0.7646104097366333
1569839715.5549123,198,0.7690746784210205
1569839717.1594074,199,0.736201286315918
