Wall time,Step,Value
1569839657.2702155,0,0.3294270932674408
1569839658.6994314,1,0.2955729067325592
1569839660.0920084,2,0.3046875
1569839661.4926739,3,0.3450520932674408
1569839662.9005911,4,0.3658854067325592
1569839664.3114152,5,0.3502604067325592
1569839665.707547,6,0.4375
1569839667.1098275,7,0.5065104365348816
1569839668.476782,8,0.50390625
1569839669.8445847,9,0.5390625
1569839671.2155037,10,0.56640625
1569839672.6130059,11,0.5481770634651184
1569839673.9919379,12,0.5377604365348816
1569839675.3920562,13,0.57421875
1569839676.7647896,14,0.578125
1569839678.151722,15,0.56640625
1569839679.5582986,16,0.5455729365348816
1569839680.9269612,17,0.5638020634651184
1569839682.3209772,18,0.58984375
1569839683.725706,19,0.6171875
1569839685.1366572,20,0.6041666865348816
1569839686.5527914,21,0.63671875
1569839687.958451,22,0.6158854365348816
1569839689.3518863,23,0.6341145634651184
1569839690.750782,24,0.6536458134651184
1569839692.1680782,25,0.6627604365348816
1569839693.587924,26,0.6692708134651184
1569839694.996722,27,0.6901041865348816
1569839696.4009938,28,0.6861979365348816
1569839697.798458,29,0.70703125
1569839699.1965714,30,0.7109375
1569839700.5867252,31,0.73046875
1569839701.9733536,32,0.7278645634651184
1569839703.3460262,33,0.73046875
1569839704.710887,34,0.72265625
1569839706.080715,35,0.73046875
1569839707.4453673,36,0.7473958134651184
1569839708.8119187,37,0.7395833134651184
1569839710.1848986,38,0.7408854365348816
1569839711.5514562,39,0.7486979365348816
1569839712.9151652,40,0.7669270634651184
1569839714.2812874,41,0.7356770634651184
1569839715.6715539,42,0.7565104365348816
1569839717.0359979,43,0.7669270634651184
1569839718.4014835,44,0.7669270634651184
1569839719.7612185,45,0.7604166865348816
1569839721.1207166,46,0.7760416865348816
1569839722.4900634,47,0.765625
1569839723.8645957,48,0.7643229365348816
1569839725.2250636,49,0.7552083134651184
1569839726.588798,50,0.7669270634651184
1569839727.9872391,51,0.75390625
1569839729.3913107,52,0.7682291865348816
1569839730.7617695,53,0.75
1569839732.1276858,54,0.7578125
1569839733.4959526,55,0.7526041865348816
1569839734.854743,56,0.7669270634651184
1569839736.217107,57,0.7799479365348816
1569839737.581086,58,0.7604166865348816
1569839738.9622736,59,0.7786458134651184
1569839740.3278532,60,0.7734375
1569839741.6903882,61,0.7799479365348816
1569839743.056377,62,0.77734375
1569839744.422268,63,0.7669270634651184
1569839745.7868311,64,0.7799479365348816
1569839747.1613634,65,0.7734375
1569839748.5258393,66,0.7903645634651184
1569839749.8869631,67,0.7981770634651184
1569839751.2504797,68,0.7864583134651184
1569839752.6193438,69,0.7864583134651184
1569839753.9849174,70,0.79296875
1569839755.3492756,71,0.7799479365348816
1569839756.7099285,72,0.796875
1569839758.085481,73,0.7994791865348816
1569839759.455877,74,0.79296875
1569839760.8212516,75,0.7825520634651184
1569839762.2006922,76,0.7877604365348816
1569839763.566793,77,0.80078125
1569839764.9310765,78,0.78515625
1569839766.295064,79,0.8098958134651184
1569839767.655879,80,0.7890625
1569839769.0298748,81,0.7994791865348816
1569839770.4036508,82,0.8111979365348816
1569839771.7983494,83,0.7799479365348816
1569839773.1669269,84,0.8138020634651184
1569839774.5633361,85,0.8072916865348816
1569839775.9586766,86,0.796875
1569839777.3349621,87,0.8046875
1569839778.6971009,88,0.80078125
1569839780.06114,89,0.8190104365348816
1569839781.4244094,90,0.7981770634651184
1569839782.7867966,91,0.7994791865348816
1569839784.1547918,92,0.8138020634651184
1569839785.5124116,93,0.8046875
1569839786.875913,94,0.8111979365348816
1569839788.2417336,95,0.8177083134651184
1569839789.6095579,96,0.8216145634651184
1569839790.9755714,97,0.82421875
1569839792.3471746,98,0.81640625
1569839793.747693,99,0.80078125
1569839795.1318786,100,0.8072916865348816
1569839796.494775,101,0.8203125
1569839797.8535,102,0.8229166865348816
1569839799.225435,103,0.8125
1569839800.5955508,104,0.8203125
1569839801.967576,105,0.828125
1569839803.3728352,106,0.8151041865348816
1569839804.7830536,107,0.8255208134651184
1569839806.170766,108,0.82421875
1569839807.5687387,109,0.796875
1569839808.968207,110,0.8190104365348816
1569839810.3317146,111,0.8033854365348816
1569839811.6872733,112,0.8072916865348816
1569839813.0518966,113,0.8385416865348816
1569839814.426768,114,0.83203125
1569839815.8094513,115,0.8151041865348816
1569839817.171529,116,0.8203125
1569839818.540844,117,0.8177083134651184
1569839819.9078076,118,0.8190104365348816
1569839821.271155,119,0.8346354365348816
1569839822.6360767,120,0.83203125
1569839824.0045502,121,0.8359375
1569839825.371493,122,0.8216145634651184
1569839826.731384,123,0.8346354365348816
1569839828.1061544,124,0.83203125
1569839829.4666896,125,0.80859375
1569839830.8371708,126,0.8268229365348816
1569839832.21594,127,0.8203125
1569839833.5981026,128,0.8359375
1569839834.978651,129,0.8294270634651184
1569839836.3415313,130,0.8229166865348816
1569839837.7359686,131,0.8203125
1569839839.129069,132,0.8268229365348816
1569839840.5011666,133,0.8229166865348816
1569839841.8751793,134,0.8203125
1569839843.2415514,135,0.8450520634651184
1569839844.6100135,136,0.8294270634651184
1569839845.9909394,137,0.8385416865348816
1569839847.355822,138,0.8385416865348816
1569839848.7209532,139,0.8268229365348816
1569839850.0861247,140,0.84375
1569839851.4838157,141,0.8385416865348816
1569839852.8671896,142,0.8138020634651184
1569839854.2396317,143,0.8450520634651184
1569839855.6325715,144,0.84375
1569839857.0070622,145,0.8385416865348816
1569839858.399026,146,0.8255208134651184
1569839859.7985451,147,0.82421875
1569839861.1831596,148,0.8307291865348816
1569839862.5694966,149,0.84375
1569839863.9617443,150,0.84375
1569839865.36344,151,0.8216145634651184
1569839866.731119,152,0.8268229365348816
1569839868.0859003,153,0.8294270634651184
1569839869.4451869,154,0.8411458134651184
1569839870.8173344,155,0.82421875
1569839872.2235005,156,0.8411458134651184
1569839873.607216,157,0.8489583134651184
1569839875.0014548,158,0.84765625
1569839876.3662007,159,0.8359375
1569839877.7394228,160,0.8372395634651184
1569839879.1065795,161,0.84765625
1569839880.4925125,162,0.8268229365348816
1569839881.8616135,163,0.8515625
1569839883.231588,164,0.8177083134651184
1569839884.5969255,165,0.8346354365348816
1569839885.9572194,166,0.84765625
1569839887.34181,167,0.8333333134651184
1569839888.7104523,168,0.84375
1569839890.0857327,169,0.83203125
1569839891.471981,170,0.8450520634651184
1569839892.8615923,171,0.8385416865348816
1569839894.2380338,172,0.8372395634651184
1569839895.6141832,173,0.8307291865348816
1569839896.996163,174,0.83984375
1569839898.36907,175,0.8333333134651184
1569839899.741138,176,0.828125
1569839901.1191196,177,0.8385416865348816
1569839902.5196626,178,0.8359375
1569839903.8946168,179,0.84765625
1569839905.27586,180,0.8424479365348816
1569839906.6496804,181,0.8463541865348816
1569839908.0536864,182,0.8294270634651184
1569839909.4692817,183,0.828125
1569839910.8790178,184,0.8528645634651184
1569839912.2876847,185,0.8268229365348816
1569839913.6938894,186,0.8424479365348816
1569839915.0980911,187,0.8385416865348816
1569839916.4980655,188,0.83203125
1569839917.8895707,189,0.8411458134651184
1569839919.2890363,190,0.84375
1569839920.6842418,191,0.828125
1569839922.051298,192,0.8333333134651184
1569839923.415811,193,0.828125
1569839924.7854474,194,0.8541666865348816
1569839926.1511128,195,0.828125
1569839927.5411203,196,0.8346354365348816
1569839928.917259,197,0.8333333134651184
1569839930.3129497,198,0.8450520634651184
1569839931.6849108,199,0.8190104365348816
