Wall time,Step,Value
1569839661.0033805,0,0.20991379022598267
1569839662.3364882,1,0.26720544695854187
1569839663.6420448,2,0.3362068831920624
1569839664.9456148,3,0.41505029797554016
1569839666.2658896,4,0.38724857568740845
1569839667.5814843,5,0.4128951132297516
1569839668.8863626,6,0.4833333194255829
1569839670.1944559,7,0.4434267282485962
1569839671.5106833,8,0.5502155423164368
1569839672.8543108,9,0.5853807330131531
1569839674.1913807,10,0.5978448390960693
1569839675.510498,11,0.5982040166854858
1569839676.8165343,12,0.6245689392089844
1569839678.1212091,13,0.621479868888855
1569839679.4221337,14,0.6482399702072144
1569839680.734761,15,0.657866358757019
1569839682.0493777,16,0.6551005840301514
1569839683.3520212,17,0.6717312932014465
1569839684.6614504,18,0.6675646305084229
1569839685.9836595,19,0.6800646781921387
1569839687.2947397,20,0.6779813170433044
1569839688.6143954,21,0.674892246723175
1569839689.919214,22,0.6727370619773865
1569839691.223803,23,0.6991738677024841
1569839692.5437934,24,0.6887571811676025
1569839693.8565173,25,0.7012571692466736
1569839695.186325,26,0.7084410786628723
1569839696.4959362,27,0.6980244517326355
1569839697.8107085,28,0.7112787365913391
1569839699.1264942,29,0.695366382598877
1569839700.4417634,30,0.7164870500564575
1569839701.7514722,31,0.6943247318267822
1569839703.061033,32,0.696479856967926
1569839704.3754308,33,0.7272629141807556
1569839705.6854186,34,0.7178879380226135
1569839706.9913561,35,0.6994971036911011
1569839708.300537,36,0.7116379141807556
1569839709.6106973,37,0.704741358757019
1569839710.926042,38,0.7106322050094604
1569839712.2457342,39,0.7172414064407349
1569839713.5623305,40,0.720366358757019
1569839714.879354,41,0.7081896662712097
1569839716.1953912,42,0.7251796126365662
1569839717.5095985,43,0.7081896662712097
1569839718.826227,44,0.7231321930885315
1569839720.1353774,45,0.7182830572128296
1569839721.4421787,46,0.7345905303955078
1569839722.7523515,47,0.7075071930885315
1569839724.0643246,48,0.7140804529190063
1569839725.3760886,49,0.7252514362335205
1569839726.6914217,50,0.7220905423164368
1569839727.9955308,51,0.7255028486251831
1569839729.3021085,52,0.7314295768737793
1569839730.6099303,53,0.7297772765159607
1569839731.9193873,54,0.7190014123916626
1569839733.22389,55,0.7376796007156372
1569839734.535966,56,0.7283405065536499
1569839735.8455167,57,0.7300287485122681
1569839737.1521406,58,0.7297413945198059
1569839738.468871,59,0.7283405065536499
1569839739.781616,60,0.714511513710022
1569839741.0851376,61,0.722773015499115
1569839742.3921785,62,0.7230962514877319
1569839743.702099,63,0.7390804886817932
1569839745.0037682,64,0.7349497079849243
1569839746.3119643,65,0.7297054529190063
1569839747.6215599,66,0.7394037246704102
1569839748.928126,67,0.7189655303955078
1569839750.2321622,68,0.7425646781921387
1569839751.5769126,69,0.7612428069114685
1569839752.8954036,70,0.7373204231262207
1569839754.205402,71,0.7397629022598267
1569839755.5114553,72,0.7543103694915771
1569839756.812135,73,0.7258979678153992
1569839758.1160085,74,0.7488146424293518
1569839759.4215586,75,0.7453663945198059
1569839760.7415247,76,0.7341954112052917
1569839762.0503852,77,0.7321839332580566
1569839763.3558166,78,0.7162356376647949
1569839764.6718524,79,0.75050288438797
1569839766.005694,80,0.7515445351600647
1569839767.319024,81,0.7359554767608643
1569839768.6360967,82,0.7283046245574951
1569839769.941769,83,0.7414870858192444
1569839771.2459478,84,0.7283405065536499
1569839772.5514016,85,0.7436063289642334
1569839773.8561995,86,0.7376796007156372
1569839775.1631823,87,0.7235273122787476
1569839776.4720497,88,0.7276221513748169
1569839777.7765396,89,0.7452945113182068
1569839779.082158,90,0.7321479916572571
1569839780.3916132,91,0.7335847616195679
1569839781.6962407,92,0.7418822050094604
1569839783.0110996,93,0.7657327651977539
1569839784.321162,94,0.7619252800941467
1569839785.6350212,95,0.7435703873634338
1569839786.9454267,96,0.7584770321846008
1569839788.2517924,97,0.7487068772315979
1569839789.5639198,98,0.7294180989265442
1569839790.8820233,99,0.7539870738983154
1569839792.1898935,100,0.748778760433197
1569839793.496466,101,0.7390804886817932
1569839794.8052938,102,0.7619612216949463
1569839796.1196353,103,0.7436063289642334
1569839797.4263508,104,0.7363505959510803
1569839798.7354105,105,0.7474138140678406
1569839800.0408466,106,0.756465494632721
1569839801.345563,107,0.7529813051223755
1569839802.6560938,108,0.7501795887947083
1569839803.9660873,109,0.7501077651977539
1569839805.2816098,110,0.7400861978530884
1569839806.586289,111,0.7543462514877319
1569839807.8990076,112,0.7304238677024841
1569839809.210267,113,0.7578304409980774
1569839810.5162685,114,0.7404813170433044
1569839811.826355,115,0.7637571692466736
1569839813.1459434,116,0.7605603337287903
1569839814.459277,117,0.7460488677024841
1569839815.776314,118,0.7605962753295898
1569839817.0888677,119,0.7501795887947083
1569839818.4019067,120,0.7679238319396973
1569839819.7118137,121,0.7692528963088989
1569839821.0255926,122,0.7522270083427429
1569839822.3405132,123,0.7502155303955078
1569839823.651724,124,0.7605962753295898
1569839824.9663262,125,0.7623203992843628
1569839826.2856264,126,0.7484554648399353
1569839827.5960178,127,0.7428879141807556
1569839828.9146407,128,0.7387212514877319
1569839830.220901,129,0.7477370500564575
1569839831.5265012,130,0.7522270083427429
1569839832.8320312,131,0.7251796126365662
1569839834.1389601,132,0.756357729434967
1569839835.4649038,133,0.7637212872505188
1569839836.7714496,134,0.7522629499435425
1569839838.0818546,135,0.7480603456497192
1569839839.3910081,136,0.7546695470809937
1569839840.6962569,137,0.7481681108474731
1569839842.0053937,138,0.7453304529190063
1569839843.3158808,139,0.7689296007156372
1569839844.6313698,140,0.7460129261016846
1569839845.941939,141,0.7595186829566956
1569839847.2521312,142,0.7387930750846863
1569839848.5650527,143,0.7577945590019226
1569839849.8711045,144,0.7622844576835632
1569839851.187853,145,0.7574712634086609
1569839852.494287,146,0.7544180750846863
1569839853.811892,147,0.7463362216949463
1569839855.1621096,148,0.764008641242981
1569839856.4920952,149,0.7425646781921387
1569839857.8014185,150,0.7623203992843628
1569839859.1158264,151,0.740517258644104
1569839860.4263718,152,0.759159505367279
1569839861.7314916,153,0.7879669666290283
1569839863.0411923,154,0.7710129022598267
1569839864.3560236,155,0.7602370977401733
1569839865.6808362,156,0.7550287246704102
1569839867.0013273,157,0.7362787127494812
1569839868.312108,158,0.7577945590019226
1569839869.6269326,159,0.7536997199058533
1569839870.9360669,160,0.7619612216949463
1569839872.242203,161,0.7560703754425049
1569839873.549385,162,0.7629669308662415
1569839874.8532,163,0.7626795768737793
1569839876.1651106,164,0.7404813170433044
1569839877.4822965,165,0.7450071573257446
1569839878.8014634,166,0.7602729797363281
1569839880.113073,167,0.7609195113182068
1569839881.4263961,168,0.76612788438797
1569839882.7413387,169,0.7550646662712097
1569839884.045919,170,0.7571120858192444
1569839885.3614738,171,0.766523003578186
1569839886.6719234,172,0.7564296126365662
1569839887.9761336,173,0.7643678188323975
1569839889.2914217,174,0.7550646662712097
1569839890.605907,175,0.7758620977401733
1569839891.9236088,176,0.7599138021469116
1569839893.2262876,177,0.7371048927307129
1569839894.5320716,178,0.7411997318267822
1569839895.8460224,179,0.7550287246704102
1569839897.1592267,180,0.7748203873634338
1569839898.4735024,181,0.7631106376647949
1569839899.7796385,182,0.7790229916572571
1569839901.0905578,183,0.7390445470809937
1569839902.4037292,184,0.7609195113182068
1569839903.7245412,185,0.7647988796234131
1569839905.036132,186,0.7703304886817932
1569839906.3424628,187,0.7453663945198059
1569839907.6516235,188,0.7880028486251831
1569839908.9548833,189,0.7706178426742554
1569839910.266054,190,0.7627155184745789
1569839911.5718093,191,0.7834410667419434
1569839912.8763332,192,0.7684985399246216
1569839914.1954188,193,0.7668103575706482
1569839915.5050907,194,0.7533046007156372
1569839916.8223352,195,0.7595905065536499
1569839918.1316013,196,0.7613146305084229
1569839919.4439826,197,0.766523003578186
1569839920.7464983,198,0.7696120738983154
1569839922.0507092,199,0.7494612336158752
