Wall time,Step,Value
1569839355.9576054,0,0.28996211290359497
1569839357.3573961,1,0.32471591234207153
1569839358.710763,2,0.35255682468414307
1569839360.0459878,3,0.3842802941799164
1569839361.39529,4,0.4543560743331909
1569839362.730847,5,0.5058712363243103
1569839364.0717456,6,0.5378788113594055
1569839365.41093,7,0.5485795736312866
1569839366.7464979,8,0.5748106241226196
1569839368.0873156,9,0.5758522748947144
1569839369.4253051,10,0.588162899017334
1569839370.7862325,11,0.6003788113594055
1569839372.1276243,12,0.6026515364646912
1569839373.4682574,13,0.6159090995788574
1569839374.8105698,14,0.6072916388511658
1569839376.1505523,15,0.6295454502105713
1569839377.491641,16,0.6203598380088806
1569839378.8320158,17,0.6318181753158569
1569839380.1717458,18,0.6558712124824524
1569839381.5285795,19,0.6383522748947144
1569839382.8700595,20,0.6398674249649048
1569839384.21215,21,0.6452651619911194
1569839385.5554,22,0.6465908885002136
1569839386.8997927,23,0.6855113506317139
1569839388.2415435,24,0.6754735112190247
1569839389.5820744,25,0.7170454263687134
1569839390.9313223,26,0.726893961429596
1569839392.277013,27,0.7053030133247375
1569839393.612173,28,0.7048295736312866
1569839394.9526882,29,0.7255681753158569
1569839396.2927737,30,0.7180871367454529
1569839397.6454759,31,0.7204545736312866
1569839398.9959998,32,0.723768949508667
1569839400.3352263,33,0.7179924249649048
1569839401.682723,34,0.7177083492279053
1569839403.035438,35,0.7350378632545471
1569839404.3766594,36,0.7451704740524292
1569839405.7204792,37,0.7025567889213562
1569839407.061342,38,0.7196969985961914
1569839408.4170647,39,0.7273674011230469
1569839409.7826731,40,0.7398674488067627
1569839411.126009,41,0.739962100982666
1569839412.4723954,42,0.7460227012634277
1569839413.8107743,43,0.7317234873771667
1569839415.1562936,44,0.743087112903595
1569839416.4969947,45,0.7394886612892151
1569839417.8525035,46,0.7323863506317139
1569839419.1904893,47,0.746874988079071
1569839420.5358653,48,0.7535985112190247
1569839421.872582,49,0.7442234754562378
1569839423.2060993,50,0.7339962124824524
1569839424.554412,51,0.7281249761581421
1569839425.8979797,52,0.742518961429596
1569839427.242835,53,0.7489583492279053
1569839428.5829198,54,0.763731062412262
1569839429.9223242,55,0.7390151619911194
1569839431.2763486,56,0.7605113387107849
1569839432.625208,57,0.7572916746139526
1569839433.9676077,58,0.7678030133247375
1569839435.306626,59,0.7579545378684998
1569839436.6519032,60,0.742518961429596
1569839437.995845,61,0.7567234635353088
1569839439.3375838,62,0.7614583373069763
1569839440.6765063,63,0.7609848380088806
1569839442.0164616,64,0.7537878751754761
1569839443.359599,65,0.7508522868156433
1569839444.7075603,66,0.766950786113739
1569839446.0522428,67,0.7757575511932373
1569839447.4036481,68,0.757481038570404
1569839448.7731187,69,0.7666666507720947
1569839450.116433,70,0.7786931991577148
1569839451.4668427,71,0.7666666507720947
1569839452.8079908,72,0.763731062412262
1569839454.1509693,73,0.7638257741928101
1569839455.4862728,74,0.771212100982666
1569839456.8272405,75,0.7830492258071899
1569839458.1753352,76,0.7805871367454529
1569839459.5117605,77,0.7697916626930237
1569839460.8578727,78,0.7739583253860474
1569839462.210686,79,0.7715908885002136
1569839463.5549333,80,0.7891098260879517
1569839464.8953786,81,0.7914772629737854
1569839466.2326472,82,0.7928030490875244
1569839467.5789466,83,0.7751893997192383
1569839468.9259748,84,0.7751893997192383
1569839470.2652745,85,0.7778409123420715
1569839471.612459,86,0.7892992496490479
1569839472.956167,87,0.7967802882194519
1569839474.2928925,88,0.8061553239822388
1569839475.6334908,89,0.7803977131843567
1569839476.9760664,90,0.7739583253860474
1569839478.3228192,91,0.7785984873771667
1569839479.6612823,92,0.78125
1569839481.0130188,93,0.7951704263687134
1569839482.3612738,94,0.7716856002807617
1569839483.7176716,95,0.791856050491333
1569839485.0618455,96,0.7877840995788574
1569839486.3979597,97,0.7768939137458801
1569839487.7450862,98,0.7972537875175476
1569839489.0872395,99,0.7886363863945007
1569839490.4366672,100,0.7716856002807617
1569839491.7762904,101,0.78125
1569839493.112014,102,0.7880681753158569
1569839494.44809,103,0.7704545259475708
1569839495.7871327,104,0.7946969866752625
1569839497.1227372,105,0.8040719628334045
1569839498.4626424,106,0.7941287755966187
1569839499.807347,107,0.7891098260879517
1569839501.15583,108,0.774337112903595
1569839502.4953108,109,0.782575786113739
1569839503.833258,110,0.7779356241226196
1569839505.180609,111,0.7829545736312866
1569839506.516794,112,0.7875000238418579
1569839507.86243,113,0.7934659123420715
1569839509.2035432,114,0.7856060862541199
1569839510.5517888,115,0.7903409004211426
1569839511.9004333,116,0.8011363744735718
1569839513.2421772,117,0.7897727489471436
1569839514.583488,118,0.7943181991577148
1569839515.929158,119,0.8044507503509521
1569839517.276961,120,0.8021780252456665
1569839518.616677,121,0.7813447117805481
1569839519.9579494,122,0.7878788113594055
1569839521.3074214,123,0.7872158885002136
1569839522.6466613,124,0.7757575511932373
1569839523.9932048,125,0.7941287755966187
1569839525.3376067,126,0.7976325750350952
1569839526.6762514,127,0.7824810743331909
1569839528.031692,128,0.7965909242630005
1569839529.3775423,129,0.7891098260879517
1569839530.733858,130,0.7920454740524292
1569839532.0907507,131,0.7663825750350952
1569839533.4276407,132,0.7841855883598328
1569839534.7617772,133,0.7979166507720947
1569839536.0949922,134,0.7703598737716675
1569839537.4354553,135,0.8009469509124756
1569839538.7776673,136,0.7954545617103577
1569839540.1125057,137,0.7891098260879517
1569839541.4571843,138,0.7974432110786438
1569839542.802673,139,0.793655276298523
1569839544.1471024,140,0.7945075631141663
1569839545.4920146,141,0.7873106002807617
1569839546.8260875,142,0.7789772748947144
1569839548.172249,143,0.7876893877983093
1569839549.5127997,144,0.7839962244033813
1569839550.8575134,145,0.7858901619911194
1569839552.1993303,146,0.7798295617103577
1569839553.538077,147,0.7876893877983093
1569839554.8779728,148,0.7989583611488342
1569839556.2137344,149,0.8002840876579285
1569839557.5579932,150,0.7923295497894287
1569839558.893222,151,0.791287899017334
1569839560.2351902,152,0.786268949508667
1569839561.5870094,153,0.7891098260879517
1569839562.9397974,154,0.8057765364646912
1569839564.2843742,155,0.7926136255264282
1569839565.6324008,156,0.783143937587738
1569839566.9719744,157,0.7869318127632141
1569839568.3127933,158,0.7910037636756897
1569839569.657279,159,0.7953598499298096
1569839571.0149531,160,0.7879734635353088
1569839572.3567655,161,0.7841855883598328
1569839573.6925602,162,0.7787878513336182
1569839575.0322788,163,0.7823863625526428
1569839576.3749256,164,0.8011363744735718
1569839577.7170944,165,0.8049242496490479
1569839579.067636,166,0.7972537875175476
1569839580.4138446,167,0.7808712124824524
1569839581.7631426,168,0.7953598499298096
1569839583.1068933,169,0.7946969866752625
1569839584.4537268,170,0.8038825988769531
1569839585.7963793,171,0.8063446879386902
1569839587.1395915,172,0.7941287755966187
1569839588.4782848,173,0.7981060743331909
1569839589.8265083,174,0.8017992377281189
1569839591.180871,175,0.7965909242630005
1569839592.527949,176,0.7738636136054993
1569839593.872512,177,0.786268949508667
1569839595.2182293,178,0.7821022868156433
1569839596.562708,179,0.7876893877983093
1569839597.9106236,180,0.8008522987365723
1569839599.2490046,181,0.7815340757369995
1569839600.5964699,182,0.7921401262283325
1569839601.9382098,183,0.8020833134651184
1569839603.2750838,184,0.7960227131843567
1569839604.6252515,185,0.8056818246841431
1569839605.9677882,186,0.7947916388511658
1569839607.3250425,187,0.7933712005615234
1569839608.6657593,188,0.8077651262283325
1569839610.0101554,189,0.7846590876579285
1569839611.3535764,190,0.8016098737716675
1569839612.692934,191,0.7981060743331909
1569839614.0363407,192,0.8009469509124756
1569839615.3772612,193,0.8047348260879517
1569839616.720394,194,0.7960227131843567
1569839618.0623198,195,0.8016098737716675
1569839619.4121308,196,0.7904356122016907
1569839620.7684834,197,0.8016098737716675
1569839622.1213565,198,0.8064393997192383
1569839623.4667234,199,0.7806817889213562
