Wall time,Step,Value
1569839416.4291995,0,0.2643229067325592
1569839418.0521593,1,0.2513020932674408
1569839419.6356602,2,0.3151041567325592
1569839421.236848,3,0.34375
1569839422.8418877,4,0.36328125
1569839424.4818425,5,0.3802083432674408
1569839426.108216,6,0.4088541567325592
1569839427.738623,7,0.4544270932674408
1569839429.3645642,8,0.5416666865348816
1569839430.9864473,9,0.5768229365348816
1569839432.5671053,10,0.5611979365348816
1569839434.1860127,11,0.546875
1569839435.8056688,12,0.5729166865348816
1569839437.41921,13,0.5846354365348816
1569839438.997782,14,0.5755208134651184
1569839440.5955338,15,0.5924479365348816
1569839442.1759212,16,0.6002604365348816
1569839443.7931664,17,0.6067708134651184
1569839445.3788478,18,0.6119791865348816
1569839446.9750128,19,0.6263020634651184
1569839448.5527613,20,0.6276041865348816
1569839450.1662824,21,0.6263020634651184
1569839451.7610781,22,0.6458333134651184
1569839453.3519661,23,0.6419270634651184
1569839454.9738789,24,0.64453125
1569839456.568609,25,0.6588541865348816
1569839458.15067,26,0.6458333134651184
1569839459.7315283,27,0.6614583134651184
1569839461.32363,28,0.6744791865348816
1569839462.900592,29,0.67578125
1569839464.4801052,30,0.6705729365348816
1569839466.0909076,31,0.66015625
1569839467.672185,32,0.6744791865348816
1569839469.2885091,33,0.6705729365348816
1569839470.8920088,34,0.66015625
1569839472.4694045,35,0.6692708134651184
1569839474.0868433,36,0.67578125
1569839475.7010481,37,0.6979166865348816
1569839477.2818024,38,0.6979166865348816
1569839478.8917139,39,0.6861979365348816
1569839480.512938,40,0.6901041865348816
1569839482.108563,41,0.69921875
1569839483.6878557,42,0.703125
1569839485.2740638,43,0.71484375
1569839486.8511362,44,0.7213541865348816
1569839488.4646218,45,0.71875
1569839490.0919273,46,0.7135416865348816
1569839491.676186,47,0.7265625
1569839493.3003824,48,0.7421875
1569839494.9153762,49,0.7239583134651184
1569839496.538349,50,0.7252604365348816
1569839498.1487408,51,0.7565104365348816
1569839499.7531502,52,0.7434895634651184
1569839501.358766,53,0.7552083134651184
1569839502.9809113,54,0.734375
1569839504.6078997,55,0.7239583134651184
1569839506.2259183,56,0.7434895634651184
1569839507.8400507,57,0.7434895634651184
1569839509.4440553,58,0.7317708134651184
1569839511.0430365,59,0.7473958134651184
1569839512.628146,60,0.7434895634651184
1569839514.2121706,61,0.74609375
1569839515.8210406,62,0.7669270634651184
1569839517.4459715,63,0.734375
1569839519.0285776,64,0.7591145634651184
1569839520.6466901,65,0.75
1569839522.2260108,66,0.7486979365348816
1569839523.8411329,67,0.7513020634651184
1569839525.450785,68,0.7565104365348816
1569839527.0674825,69,0.7721354365348816
1569839528.695539,70,0.765625
1569839530.3106308,71,0.73828125
1569839531.8860638,72,0.7734375
1569839533.462358,73,0.765625
1569839535.04087,74,0.7838541865348816
1569839536.6464577,75,0.7682291865348816
1569839538.261067,76,0.7682291865348816
1569839539.8386865,77,0.7513020634651184
1569839541.4219208,78,0.76953125
1569839543.002813,79,0.74609375
1569839544.5815096,80,0.7526041865348816
1569839546.2017565,81,0.7513020634651184
1569839547.8153913,82,0.7669270634651184
1569839549.432451,83,0.7734375
1569839551.009495,84,0.7669270634651184
1569839552.6159759,85,0.7682291865348816
1569839554.1882467,86,0.765625
1569839555.7984242,87,0.7447916865348816
1569839557.3853765,88,0.7760416865348816
1569839558.9985218,89,0.7578125
1569839560.57464,90,0.7643229365348816
1569839562.1935616,91,0.73828125
1569839563.8165097,92,0.7734375
1569839565.433104,93,0.7669270634651184
1569839567.0451927,94,0.74609375
1569839568.6524448,95,0.7565104365348816
1569839570.2660208,96,0.7565104365348816
1569839571.8708131,97,0.76953125
1569839573.4508245,98,0.7434895634651184
1569839575.0253751,99,0.7578125
1569839576.6619723,100,0.7630208134651184
1569839578.276899,101,0.7565104365348816
1569839579.8504646,102,0.765625
1569839581.456078,103,0.7565104365348816
1569839583.0251524,104,0.7526041865348816
1569839584.6119845,105,0.7473958134651184
1569839586.2457774,106,0.78515625
1569839587.8528562,107,0.7630208134651184
1569839589.461631,108,0.7565104365348816
1569839591.0650635,109,0.7265625
1569839592.645809,110,0.7565104365348816
1569839594.2252681,111,0.75390625
1569839595.847569,112,0.7604166865348816
1569839597.442044,113,0.7682291865348816
1569839599.0283,114,0.765625
1569839600.61846,115,0.7708333134651184
1569839602.2160008,116,0.734375
1569839603.8069167,117,0.7630208134651184
1569839605.428598,118,0.7473958134651184
1569839607.0159938,119,0.7591145634651184
1569839608.6115658,120,0.75390625
1569839610.2210422,121,0.7721354365348816
1569839611.837489,122,0.7578125
1569839613.455982,123,0.7565104365348816
1569839615.0727692,124,0.76171875
1569839616.683042,125,0.7630208134651184
1569839618.31707,126,0.7747395634651184
1569839619.8932765,127,0.7526041865348816
1569839621.501724,128,0.7669270634651184
1569839623.1224117,129,0.7682291865348816
1569839624.698047,130,0.7552083134651184
1569839626.280759,131,0.7513020634651184
1569839627.9075472,132,0.7682291865348816
1569839629.5214093,133,0.76953125
1569839631.1211314,134,0.7643229365348816
1569839632.7322862,135,0.78515625
1569839634.3420994,136,0.7526041865348816
1569839635.9221325,137,0.7565104365348816
1569839637.5358915,138,0.7369791865348816
1569839639.1187992,139,0.7578125
1569839640.7221098,140,0.7604166865348816
1569839642.328904,141,0.74609375
1569839643.9145734,142,0.7486979365348816
1569839645.5022426,143,0.77734375
1569839647.117727,144,0.75
1569839648.7377539,145,0.74609375
1569839650.3121178,146,0.76171875
1569839651.9121332,147,0.76171875
1569839653.5102751,148,0.7734375
1569839655.1637554,149,0.76953125
1569839656.7715147,150,0.7747395634651184
1569839658.5089264,151,0.75390625
1569839660.2573824,152,0.7434895634651184
1569839661.9491286,153,0.7682291865348816
1569839663.6226711,154,0.7747395634651184
1569839665.3115687,155,0.7630208134651184
1569839667.0179772,156,0.7708333134651184
1569839668.6849246,157,0.7486979365348816
1569839670.3397582,158,0.7643229365348816
1569839671.9389546,159,0.75
1569839673.566224,160,0.7734375
1569839675.2447538,161,0.7708333134651184
1569839676.8844147,162,0.7799479365348816
1569839678.4994104,163,0.7747395634651184
1569839680.0905206,164,0.77734375
1569839681.7232878,165,0.7565104365348816
1569839683.308755,166,0.77734375
1569839684.8853755,167,0.76171875
1569839686.5037563,168,0.7630208134651184
1569839688.1068578,169,0.7734375
1569839689.7324216,170,0.7708333134651184
1569839691.3328912,171,0.7786458134651184
1569839692.9314573,172,0.7317708134651184
1569839694.524619,173,0.765625
1569839696.1085527,174,0.7578125
1569839697.6979113,175,0.7786458134651184
1569839699.2912617,176,0.7669270634651184
1569839700.8808222,177,0.75390625
1569839702.4907873,178,0.7565104365348816
1569839704.0719213,179,0.7747395634651184
1569839705.6511135,180,0.765625
1569839707.2335465,181,0.7799479365348816
1569839708.826406,182,0.7747395634651184
1569839710.4426007,183,0.7669270634651184
1569839712.0362525,184,0.75390625
1569839713.6455002,185,0.7721354365348816
1569839715.2207735,186,0.765625
1569839716.8021739,187,0.7682291865348816
1569839718.4028916,188,0.7721354365348816
1569839719.9917283,189,0.74609375
1569839721.5975468,190,0.7565104365348816
1569839723.2124808,191,0.7708333134651184
1569839724.8270886,192,0.75
1569839726.4009392,193,0.76171875
1569839727.9954555,194,0.765625
1569839729.5760214,195,0.76953125
1569839731.1626792,196,0.7421875
1569839732.7468793,197,0.7434895634651184
1569839734.3252153,198,0.7669270634651184
1569839735.9081018,199,0.7578125
