Wall time,Step,Value
1569839361.052819,0,0.3589015007019043
1569839362.5579643,1,0.31912878155708313
1569839363.9908712,2,0.38352271914482117
1569839365.389761,3,0.40909090638160706
1569839366.7822914,4,0.46590909361839294
1569839368.2159047,5,0.47727271914482117
1569839369.6423638,6,0.5653409361839294
1569839371.077897,7,0.6155303120613098
1569839372.495307,8,0.5890151262283325
1569839373.9234254,9,0.6363636255264282
1569839375.345858,10,0.626893937587738
1569839376.7939656,11,0.623106062412262
1569839378.224531,12,0.6316288113594055
1569839379.679501,13,0.6240530014038086
1569839381.1119466,14,0.6202651262283325
1569839382.5542095,15,0.6164772510528564
1569839383.9906693,16,0.6410984992980957
1569839385.429439,17,0.6571969985961914
1569839386.8816311,18,0.6931818127632141
1569839388.299226,19,0.6751893758773804
1569839389.6917315,20,0.7121211886405945
1569839391.1029377,21,0.716856062412262
1569839392.508006,22,0.7054924368858337
1569839393.9131942,23,0.716856062412262
1569839395.3117895,24,0.7035984992980957
1569839396.7088263,25,0.6931818127632141
1569839398.1173549,26,0.7272727489471436
1569839399.5151815,27,0.7035984992980957
1569839400.9150453,28,0.748106062412262
1569839402.3086042,29,0.7367424368858337
1569839403.706589,30,0.6998106241226196
1569839405.094614,31,0.7357954382896423
1569839406.4915545,32,0.7395833134651184
1569839407.8951316,33,0.7376893758773804
1569839409.2915266,34,0.7035984992980957
1569839410.6857388,35,0.716856062412262
1569839412.0748577,36,0.748106062412262
1569839413.4617016,37,0.7405303120613098
1569839414.8578472,38,0.7623106241226196
1569839416.2434018,39,0.7490530014038086
1569839417.6502101,40,0.7282196879386902
1569839419.0363126,41,0.7263257503509521
1569839420.4171617,42,0.7357954382896423
1569839421.8025026,43,0.6998106241226196
1569839423.1854858,44,0.7348484992980957
1569839424.5751562,45,0.7509469985961914
1569839425.9674494,46,0.7405303120613098
1569839427.3540032,47,0.7613636255264282
1569839428.733748,48,0.7367424368858337
1569839430.121037,49,0.7291666865348816
1569839431.5032375,50,0.716856062412262
1569839432.906234,51,0.7765151262283325
1569839434.3040504,52,0.7092803120613098
1569839435.699463,53,0.7301136255264282
1569839437.1046262,54,0.7386363744735718
1569839438.4985526,55,0.7556818127632141
1569839439.884431,56,0.7433711886405945
1569839441.2860484,57,0.7689393758773804
1569839442.672188,58,0.7462121248245239
1569839444.0684009,59,0.7528409361839294
1569839445.4612584,60,0.7291666865348816
1569839446.8668563,61,0.7452651262283325
1569839448.2479615,62,0.7405303120613098
1569839449.6270316,63,0.7073863744735718
1569839451.0143158,64,0.7376893758773804
1569839452.4039545,65,0.7679924368858337
1569839453.8038177,66,0.7452651262283325
1569839455.201576,67,0.7679924368858337
1569839456.5925345,68,0.7462121248245239
1569839457.9912958,69,0.779356062412262
1569839459.3838413,70,0.7471590638160706
1569839460.766898,71,0.7386363744735718
1569839462.1621683,72,0.7509469985961914
1569839463.547048,73,0.75
1569839464.9391043,74,0.7755681872367859
1569839466.3268151,75,0.7821969985961914
1569839467.7168827,76,0.7566288113594055
1569839469.1036158,77,0.7755681872367859
1569839470.488381,78,0.7537878751754761
1569839471.8793755,79,0.7339015007019043
1569839473.2677002,80,0.7357954382896423
1569839474.6619933,81,0.7566288113594055
1569839476.0551267,82,0.7414772510528564
1569839477.4375937,83,0.75
1569839478.8208795,84,0.7566288113594055
1569839480.2145405,85,0.7509469985961914
1569839481.6010644,86,0.7604166865348816
1569839482.99358,87,0.7651515007019043
1569839484.3950367,88,0.748106062412262
1569839485.7931433,89,0.7736742496490479
1569839487.1870887,90,0.7698863744735718
1569839488.5661085,91,0.7566288113594055
1569839489.966947,92,0.7367424368858337
1569839491.3580925,93,0.7443181872367859
1569839492.7537103,94,0.7878788113594055
1569839494.1528187,95,0.7452651262283325
1569839495.5442924,96,0.7613636255264282
1569839496.9476957,97,0.7471590638160706
1569839498.3369381,98,0.7547348737716675
1569839499.7368953,99,0.7765151262283325
1569839501.1431737,100,0.7339015007019043
1569839502.5671935,101,0.7405303120613098
1569839503.9704762,102,0.7348484992980957
1569839505.3712327,103,0.7736742496490479
1569839506.7714002,104,0.7528409361839294
1569839508.1723945,105,0.751893937587738
1569839509.5716147,106,0.7471590638160706
1569839510.9874206,107,0.783143937587738
1569839512.3827028,108,0.7556818127632141
1569839513.778836,109,0.7291666865348816
1569839515.1633852,110,0.7755681872367859
1569839516.5378451,111,0.7670454382896423
1569839517.931616,112,0.7272727489471436
1569839519.3255386,113,0.7547348737716675
1569839520.7125075,114,0.7613636255264282
1569839522.1027849,115,0.7642045617103577
1569839523.496667,116,0.7566288113594055
1569839524.9046075,117,0.7651515007019043
1569839526.2976885,118,0.7225378751754761
1569839527.692054,119,0.7367424368858337
1569839529.0837493,120,0.7320075631141663
1569839530.472982,121,0.7348484992980957
1569839531.8645651,122,0.7357954382896423
1569839533.2615721,123,0.75
1569839534.6646218,124,0.7840909361839294
1569839536.0588758,125,0.7566288113594055
1569839537.4495316,126,0.748106062412262
1569839538.8458393,127,0.7424242496490479
1569839540.234535,128,0.7660984992980957
1569839541.626276,129,0.7471590638160706
1569839543.0239806,130,0.748106062412262
1569839544.412343,131,0.7348484992980957
1569839545.806641,132,0.748106062412262
1569839547.2069666,133,0.7566288113594055
1569839548.6170273,134,0.7859848737716675
1569839550.0168207,135,0.7376893758773804
1569839551.4074128,136,0.7660984992980957
1569839552.795792,137,0.7537878751754761
1569839554.188704,138,0.7604166865348816
1569839555.5787652,139,0.7604166865348816
1569839556.9798625,140,0.7282196879386902
1569839558.3580403,141,0.7329545617103577
1569839559.7407749,142,0.75
1569839561.1317136,143,0.7357954382896423
1569839562.5234458,144,0.7594696879386902
1569839563.9231458,145,0.7509469985961914
1569839565.3126879,146,0.7537878751754761
1569839566.699955,147,0.7310606241226196
1569839568.1017182,148,0.7509469985961914
1569839569.4929576,149,0.7376893758773804
1569839570.8894439,150,0.7708333134651184
1569839572.2713199,151,0.7509469985961914
1569839573.6565113,152,0.7035984992980957
1569839575.0375097,153,0.7405303120613098
1569839576.4171376,154,0.7651515007019043
1569839577.8131857,155,0.7528409361839294
1569839579.1939566,156,0.7196969985961914
1569839580.5812325,157,0.779356062412262
1569839581.9838443,158,0.7149621248245239
1569839583.3785386,159,0.7679924368858337
1569839584.7800283,160,0.7376893758773804
1569839586.178019,161,0.7263257503509521
1569839587.5673513,162,0.7443181872367859
1569839588.959782,163,0.7642045617103577
1569839590.3426092,164,0.7471590638160706
1569839591.73622,165,0.7405303120613098
1569839593.1346736,166,0.7537878751754761
1569839594.52961,167,0.7670454382896423
1569839595.9282093,168,0.7642045617103577
1569839597.3172517,169,0.7310606241226196
1569839598.7077653,170,0.7660984992980957
1569839600.096063,171,0.7556818127632141
1569839601.4883502,172,0.7623106241226196
1569839602.8775334,173,0.7462121248245239
1569839604.2780728,174,0.7376893758773804
1569839605.674521,175,0.7604166865348816
1569839607.0729656,176,0.7660984992980957
1569839608.477852,177,0.7594696879386902
1569839609.8735604,178,0.7698863744735718
1569839611.2743168,179,0.7604166865348816
1569839612.6736677,180,0.7585227489471436
1569839614.0678,181,0.7594696879386902
1569839615.4677951,182,0.7490530014038086
1569839616.8679433,183,0.7670454382896423
1569839618.2574544,184,0.7840909361839294
1569839619.6438608,185,0.7660984992980957
1569839621.0375483,186,0.7727272510528564
1569839622.4345477,187,0.7272727489471436
1569839623.8278756,188,0.7575757503509521
1569839625.2245173,189,0.7490530014038086
1569839626.6146104,190,0.75
1569839628.0141919,191,0.7575757503509521
1569839629.418733,192,0.7357954382896423
1569839630.8170557,193,0.751893937587738
1569839632.2080472,194,0.7566288113594055
1569839633.606321,195,0.7537878751754761
1569839635.0055814,196,0.7708333134651184
1569839636.431131,197,0.7594696879386902
1569839637.8626058,198,0.7594696879386902
1569839639.311817,199,0.748106062412262
