Wall time,Step,Value
1569839389.8213503,0,0.37838542461395264
1569839391.3785264,1,0.47708332538604736
1569839392.8842535,2,0.510937511920929
1569839394.4033659,3,0.5427083373069763
1569839395.919176,4,0.5604166388511658
1569839397.4281778,5,0.5497395992279053
1569839398.9808428,6,0.5997396111488342
1569839400.493729,7,0.6015625
1569839402.0229914,8,0.6041666865348816
1569839403.5707898,9,0.6401041746139526
1569839405.1145487,10,0.67578125
1569839406.6534705,11,0.671093761920929
1569839408.1946054,12,0.6713541746139526
1569839409.703326,13,0.6307291388511658
1569839411.2135298,14,0.657031238079071
1569839412.7578402,15,0.6481770873069763
1569839414.2971792,16,0.660937488079071
1569839415.8034093,17,0.6442708373069763
1569839417.3082223,18,0.6692708134651184
1569839418.8483083,19,0.664843738079071
1569839420.3917313,20,0.6776041388511658
1569839421.9050617,21,0.6768229007720947
1569839423.4135437,22,0.6966145634651184
1569839424.9793205,23,0.7177083492279053
1569839426.4916706,24,0.6830729246139526
1569839427.997458,25,0.6911458373069763
1569839429.5057108,26,0.6700521111488342
1569839431.051303,27,0.7197916507720947
1569839432.59415,28,0.6971353888511658
1569839434.117717,29,0.68359375
1569839435.664011,30,0.719531238079071
1569839437.211005,31,0.7328125238418579
1569839438.7441583,32,0.721875011920929
1569839440.2877042,33,0.7221354246139526
1569839441.825223,34,0.750781238079071
1569839443.3727806,35,0.723437488079071
1569839444.8867722,36,0.7505208253860474
1569839446.3940296,37,0.7528645992279053
1569839447.951606,38,0.75390625
1569839449.4928923,39,0.7333333492279053
1569839451.0377247,40,0.7294270992279053
1569839452.5442204,41,0.745312511920929
1569839454.064446,42,0.7354166507720947
1569839455.617442,43,0.74609375
1569839457.1286695,44,0.7406250238418579
1569839458.6474962,45,0.7580729126930237
1569839460.2050714,46,0.7263020873069763
1569839461.706551,47,0.7354166507720947
1569839463.2181442,48,0.7554687261581421
1569839464.7602434,49,0.778124988079071
1569839466.3070838,50,0.7567708492279053
1569839467.81564,51,0.7682291865348816
1569839469.3454695,52,0.7622395753860474
1569839470.854537,53,0.7403646111488342
1569839472.4129093,54,0.7520833611488342
1569839473.9622254,55,0.7710937261581421
1569839475.5071952,56,0.7872396111488342
1569839477.0473912,57,0.8169270753860474
1569839478.5978014,58,0.7679687738418579
1569839480.139779,59,0.7864583134651184
1569839481.6836743,60,0.8023437261581421
1569839483.2277446,61,0.778124988079071
1569839484.7485363,62,0.7763020992279053
1569839486.2773755,63,0.7817708253860474
1569839487.7817621,64,0.7822916507720947
1569839489.2840881,65,0.7955729365348816
1569839490.7916524,66,0.7705729007720947
1569839492.3176773,67,0.811718761920929
1569839493.8533692,68,0.7838541865348816
1569839495.358194,69,0.7861979007720947
1569839496.9103887,70,0.8184896111488342
1569839498.4278202,71,0.8031250238418579
1569839499.9413867,72,0.8046875
1569839501.4719892,73,0.77734375
1569839503.028068,74,0.7562500238418579
1569839504.5335243,75,0.8158854246139526
1569839506.0346358,76,0.823437511920929
1569839507.5377836,77,0.7971354126930237
1569839509.033486,78,0.8098958134651184
1569839510.5771508,79,0.784375011920929
1569839512.098646,80,0.7934895753860474
1569839513.604731,81,0.7895833253860474
1569839515.1189353,82,0.8179687261581421
1569839516.6734195,83,0.8374999761581421
1569839518.2239678,84,0.8096354007720947
1569839519.7375104,85,0.7973958253860474
1569839521.271566,86,0.7953125238418579
1569839522.8226762,87,0.817187488079071
1569839524.3316844,88,0.8033854365348816
1569839525.8363774,89,0.7953125238418579
1569839527.3401787,90,0.8098958134651184
1569839528.8573773,91,0.7807291746139526
1569839530.3783276,92,0.7880208492279053
1569839531.9223032,93,0.8049479126930237
1569839533.4625113,94,0.7791666388511658
1569839535.0117853,95,0.7755208611488342
1569839536.5580525,96,0.7763020992279053
1569839538.0991514,97,0.8148437738418579
1569839539.6450667,98,0.7966145873069763
1569839541.1955354,99,0.7679687738418579
1569839542.735543,100,0.8109375238418579
1569839544.2785518,101,0.7986978888511658
1569839545.7860372,102,0.8031250238418579
1569839547.3404667,103,0.8104166388511658
1569839548.8814325,104,0.7835937738418579
1569839550.3939335,105,0.8145833611488342
1569839551.9217956,106,0.81640625
1569839553.4340475,107,0.7955729365348816
1569839554.9979699,108,0.7906249761581421
1569839556.5495076,109,0.7942708134651184
1569839558.0888202,110,0.8036458492279053
1569839559.5986264,111,0.8026041388511658
1569839561.1103048,112,0.8023437261581421
1569839562.6282778,113,0.7997395992279053
1569839564.150069,114,0.793749988079071
1569839565.7125742,115,0.7945312261581421
1569839567.2534802,116,0.7981770634651184
1569839568.8098345,117,0.823437511920929
1569839570.3238626,118,0.7752603888511658
1569839571.8264759,119,0.8125
1569839573.3383853,120,0.8036458492279053
1569839574.8643117,121,0.774218738079071
1569839576.3781998,122,0.8028646111488342
1569839577.9005392,123,0.77734375
1569839579.413546,124,0.7760416865348816
1569839580.9248273,125,0.7885416746139526
1569839582.4392865,126,0.7927083373069763
1569839583.9587235,127,0.8044270873069763
1569839585.5017798,128,0.7942708134651184
1569839587.0479653,129,0.7716146111488342
1569839588.590039,130,0.8130208253860474
1569839590.1487787,131,0.7734375
1569839591.6988366,132,0.7796875238418579
1569839593.2388442,133,0.7893229126930237
1569839594.7603462,134,0.7640625238418579
1569839596.2632585,135,0.78125
1569839597.770226,136,0.774218738079071
1569839599.3172174,137,0.7828124761581421
1569839600.8571498,138,0.7809895873069763
1569839602.3956087,139,0.7575520873069763
1569839603.9399092,140,0.7942708134651184
1569839605.4437878,141,0.7856770753860474
1569839606.9507184,142,0.8208333253860474
1569839608.5002792,143,0.7651041746139526
1569839610.0412562,144,0.7867187261581421
1569839611.5481424,145,0.7997395992279053
1569839613.0482688,146,0.8122395873069763
1569839614.5583165,147,0.7645833492279053
1569839616.0647573,148,0.7778645753860474
1569839617.587972,149,0.801562488079071
1569839619.138989,150,0.7932291626930237
1569839620.670099,151,0.8106771111488342
1569839622.219621,152,0.79296875
1569839623.7342234,153,0.7950521111488342
1569839625.278763,154,0.76171875
1569839626.8192077,155,0.7895833253860474
1569839628.376804,156,0.8106771111488342
1569839629.9124987,157,0.7846354246139526
1569839631.415022,158,0.7630208134651184
1569839632.9246762,159,0.75390625
1569839634.4533474,160,0.745312511920929
1569839635.9899971,161,0.7638021111488342
1569839637.6779563,162,0.8169270753860474
1569839639.3239248,163,0.7919270992279053
1569839640.9039621,164,0.7799479365348816
1569839642.5797722,165,0.7864583134651184
1569839644.205061,166,0.7768229246139526
1569839645.8733377,167,0.8041666746139526
1569839647.4971964,168,0.7739583253860474
1569839649.0510404,169,0.819531261920929
1569839650.6274633,170,0.7494791746139526
1569839652.2032201,171,0.7755208611488342
1569839653.7907352,172,0.8270833492279053
1569839655.3621464,173,0.7880208492279053
1569839656.9432333,174,0.754687488079071
1569839658.5172105,175,0.8044270873069763
1569839660.087982,176,0.7888020873069763
1569839661.65906,177,0.7942708134651184
1569839663.2224743,178,0.7841145992279053
1569839664.7682102,179,0.785937488079071
1569839666.2953246,180,0.7645833492279053
1569839667.8449533,181,0.77734375
1569839669.3930824,182,0.7736979126930237
1569839670.9401793,183,0.7786458134651184
1569839672.4730408,184,0.7877604365348816
1569839674.0291548,185,0.7940104007720947
1569839675.592167,186,0.7713541388511658
1569839677.1156056,187,0.8083333373069763
1569839678.679213,188,0.7700520753860474
1569839680.229073,189,0.7749999761581421
1569839681.74017,190,0.7989583611488342
1569839683.300724,191,0.7757812738418579
1569839684.8581624,192,0.7752603888511658
1569839686.399127,193,0.7942708134651184
1569839687.9479449,194,0.765625
1569839689.4957829,195,0.7906249761581421
1569839691.0017421,196,0.7760416865348816
1569839692.5195367,197,0.7973958253860474
1569839694.0724676,198,0.7749999761581421
1569839695.6237726,199,0.7940104007720947
