Wall time,Step,Value
1569839364.6948025,0,0.2804824709892273
1569839366.175473,1,0.2709977924823761
1569839367.639441,2,0.2941337823867798
1569839369.1163623,3,0.2982456088066101
1569839370.580938,4,0.36189693212509155
1569839372.044613,5,0.4222039580345154
1569839373.5050914,6,0.49791666865348816
1569839374.9664323,7,0.5484648942947388
1569839376.428163,8,0.5793311595916748
1569839377.8882606,9,0.6204495429992676
1569839379.3540385,10,0.6282346248626709
1569839380.8169718,11,0.6376644968986511
1569839382.2760382,12,0.6376644968986511
1569839383.7485366,13,0.6575109362602234
1569839385.2210941,14,0.6730811595916748
1569839386.679244,15,0.6641995906829834
1569839388.1484892,16,0.6370065808296204
1569839389.618554,17,0.6668859720230103
1569839391.0813713,18,0.7002741098403931
1569839392.5419986,19,0.7262061238288879
1569839394.00422,20,0.7361294031143188
1569839395.4701197,21,0.721875011920929
1569839396.9234028,22,0.7450109720230103
1569839398.386045,23,0.7758771777153015
1569839399.8490615,24,0.7513706088066101
1569839401.3155913,25,0.7727521657943726
1569839402.779798,26,0.7763158082962036
1569839404.2493618,27,0.7820175290107727
1569839405.7089963,28,0.7685307264328003
1569839407.1669414,29,0.7819079160690308
1569839408.630918,30,0.7800438404083252
1569839410.0993996,31,0.7658442854881287
1569839411.5543566,32,0.772697389125824
1569839413.0089056,33,0.7878289222717285
1569839414.4776886,34,0.7993420958518982
1569839415.9389162,35,0.7883771657943726
1569839417.4001577,36,0.7795504331588745
1569839418.8743618,37,0.7763158082962036
1569839420.351454,38,0.7762061357498169
1569839421.8141217,39,0.7819626927375793
1569839423.2844896,40,0.8003837466239929
1569839424.7424521,41,0.808168888092041
1569839426.2012112,42,0.8024122714996338
1569839427.6698582,43,0.8003837466239929
1569839429.1417975,44,0.7924890518188477
1569839430.6066895,45,0.7992872595787048
1569839432.0640693,46,0.7951205968856812
1569839433.5243835,47,0.8055921196937561
1569839434.9805217,48,0.7950657606124878
1569839436.4388757,49,0.7991776466369629
1569839437.888965,50,0.7804824709892273
1569839439.3548255,51,0.8133772015571594
1569839440.8181376,52,0.7924890518188477
1569839442.2797441,53,0.800274133682251
1569839443.7448633,54,0.8128837943077087
1569839445.205922,55,0.8165022134780884
1569839446.6751,56,0.8092105388641357
1569839448.1435769,57,0.7982456088066101
1569839449.6209285,58,0.8180921077728271
1569839451.081954,59,0.7981359362602234
1569839452.5360599,60,0.8169956207275391
1569839454.0031013,61,0.7987390160560608
1569839455.4658413,62,0.8159539699554443
1569839456.9290085,63,0.8170504570007324
1569839458.3883548,64,0.8081140518188477
1569839459.8463764,65,0.823793888092041
1569839461.3011045,66,0.8049342036247253
1569839462.727175,67,0.8154605031013489
1569839464.1486554,68,0.820120632648468
1569839465.5722685,69,0.8280153274536133
1569839466.9940312,70,0.8201754093170166
1569839468.419493,71,0.7982456088066101
1569839469.864453,72,0.8269188404083252
1569839471.3230786,73,0.8111293911933899
1569839472.7770936,74,0.8075658082962036
1569839474.244962,75,0.8196271657943726
1569839475.7112346,76,0.7956140637397766
1569839477.165314,77,0.7945175170898438
1569839478.617262,78,0.8070175647735596
1569839480.0913448,79,0.8212171196937561
1569839481.5550878,80,0.8091557025909424
1569839482.9981802,81,0.8133223652839661
1569839484.4606502,82,0.808552622795105
1569839485.9260023,83,0.8269736766815186
1569839487.3890262,84,0.8206688761711121
1569839488.8547766,85,0.8112390637397766
1569839490.326653,86,0.823793888092041
1569839491.7907917,87,0.8216556906700134
1569839493.2497225,88,0.8206140398979187
1569839494.7103605,89,0.8170504570007324
1569839496.1703439,90,0.8132675290107727
1569839497.6309125,91,0.8268640637397766
1569839499.0953925,92,0.8023026585578918
1569839500.5568821,93,0.8231908082962036
1569839502.0289462,94,0.8337171077728271
1569839503.4997115,95,0.8236842155456543
1569839504.961015,96,0.8347587585449219
1569839506.4225159,97,0.8351425528526306
1569839507.8989828,98,0.8378837704658508
1569839509.3663528,99,0.824725866317749
1569839510.8326178,100,0.8206688761711121
1569839512.3041577,101,0.8337171077728271
1569839513.7645972,102,0.8138157725334167
1569839515.214522,103,0.8138706088066101
1569839516.6697843,104,0.8189693093299866
1569839518.1313696,105,0.8259320259094238
1569839519.6021547,106,0.8189693093299866
1569839521.075681,107,0.808552622795105
1569839522.5413594,108,0.8415570259094238
1569839524.0061643,109,0.8288925290107727
1569839525.4646933,110,0.8226973414421082
1569839526.9361582,111,0.8288925290107727
1569839528.39118,112,0.8367872834205627
1569839529.8682706,113,0.8372806906700134
1569839531.3335304,114,0.8415021896362305
1569839532.803466,115,0.8410087823867798
1569839534.2659466,116,0.8253289461135864
1569839535.744382,117,0.8404605388641357
1569839537.2184176,118,0.8304276466369629
1569839538.6803882,119,0.8184210658073425
1569839540.1605785,120,0.8304824829101562
1569839541.63405,121,0.8388158082962036
1569839543.0934732,122,0.8388705849647522
1569839544.552215,123,0.835745632648468
1569839546.0224273,124,0.8305372595787048
1569839547.4900947,125,0.8351425528526306
1569839548.9590771,126,0.8242324590682983
1569839550.4306889,127,0.8352521657943726
1569839551.9000404,128,0.8316337466239929
1569839553.3596509,129,0.8194627165794373
1569839554.823534,130,0.8377740979194641
1569839556.290134,131,0.8456688523292542
1569839557.7458973,132,0.824177622795105
1569839559.2146971,133,0.8446820378303528
1569839560.686121,134,0.8263705968856812
1569839562.14578,135,0.8373355269432068
1569839563.5979097,136,0.8326754570007324
1569839565.03421,137,0.8257675170898438
1569839566.4953525,138,0.8382675647735596
1569839567.9604385,139,0.8294407725334167
1569839569.4241102,140,0.8222039341926575
1569839570.8543534,141,0.8348135948181152
1569839572.316056,142,0.8337171077728271
1569839573.758036,143,0.8404057025909424
1569839575.2010703,144,0.8404605388641357
1569839576.6440065,145,0.8415570259094238
1569839578.1089332,146,0.8321272134780884
1569839579.5743759,147,0.8362938761711121
1569839581.051047,148,0.8419407606124878
1569839582.5163856,149,0.8425438404083252
1569839583.9792593,150,0.839418888092041
1569839585.4441254,151,0.8305372595787048
1569839586.9206316,152,0.8315789699554443
1569839588.3858979,153,0.8294956088066101
1569839589.8697264,154,0.8383771777153015
1569839591.3259518,155,0.8477522134780884
1569839592.7843907,156,0.8519188761711121
1569839594.2444324,157,0.8262609839439392
1569839595.7032864,158,0.8331140279769897
1569839597.1403868,159,0.8252741098403931
1569839598.6050153,160,0.8242324590682983
1569839600.0762696,161,0.8300438523292542
1569839601.5457616,162,0.8195175528526306
1569839603.0026143,163,0.8319627046585083
1569839604.4592273,164,0.8399671316146851
1569839605.9208715,165,0.8390350937843323
1569839607.3902507,166,0.8310855031013489
1569839608.8534367,167,0.8216556906700134
1569839610.3168771,168,0.8226973414421082
1569839611.7929401,169,0.8212171196937561
1569839613.261823,170,0.8382675647735596
1569839614.7249439,171,0.8374451994895935
1569839616.1814556,172,0.8440789580345154
1569839617.6520195,173,0.8326206207275391
1569839619.1257923,174,0.8283442854881287
1569839620.5991123,175,0.847806990146637
1569839622.0627666,176,0.8169956207275391
1569839623.525074,177,0.8221490979194641
1569839624.9806023,178,0.8336622714996338
1569839626.4146492,179,0.8284539580345154
1569839627.8790133,180,0.8305920958518982
1569839629.350126,181,0.8388158082962036
1569839630.806546,182,0.839418888092041
1569839632.258832,183,0.8347587585449219
1569839633.7182896,184,0.8421052694320679
1569839635.1813242,185,0.8316337466239929
1569839636.6379821,186,0.8331140279769897
1569839638.0966947,187,0.8342105150222778
1569839639.5757403,188,0.8289473652839661
1569839641.049266,189,0.8319627046585083
1569839642.5201445,190,0.8368421196937561
1569839643.9888074,191,0.8326754570007324
1569839645.4516551,192,0.8236293792724609
1569839646.9260097,193,0.8222039341926575
1569839648.395111,194,0.8294407725334167
1569839649.8621433,195,0.8231908082962036
1569839651.327422,196,0.8152412176132202
1569839652.7942262,197,0.8237390518188477
1569839654.2620108,198,0.8425438404083252
1569839655.7264788,199,0.8373355269432068
