Wall time,Step,Value
1569839344.7048807,0,0.41550925374031067
1569839346.287479,1,0.44212964177131653
1569839347.847562,2,0.48726850748062134
1569839349.4195132,3,0.6122685074806213
1569839350.9701385,4,0.6307870149612427
1569839352.4683006,5,0.6134259104728699
1569839353.9756134,6,0.6145833134651184
1569839355.4642363,7,0.6585648059844971
1569839356.9677215,8,0.6388888955116272
1569839358.4558682,9,0.6435185074806213
1569839359.955707,10,0.6898148059844971
1569839361.4757586,11,0.6805555820465088
1569839363.0093906,12,0.7013888955116272
1569839364.5186977,13,0.6701388955116272
1569839366.096597,14,0.6481481194496155
1569839367.6890326,15,0.6956018805503845
1569839369.2683704,16,0.6979166865348816
1569839370.8318744,17,0.6458333134651184
1569839372.3725646,18,0.6770833134651184
1569839373.9721887,19,0.71875
1569839375.4902005,20,0.7013888955116272
1569839376.9861822,21,0.7349537014961243
1569839378.5189955,22,0.7326388955116272
1569839380.0828054,23,0.7314814925193787
1569839381.629374,24,0.7106481194496155
1569839383.1863296,25,0.7210648059844971
1569839384.7326891,26,0.7303240895271301
1569839386.290604,27,0.7349537014961243
1569839387.838636,28,0.7372685074806213
1569839389.3807106,29,0.7326388955116272
1569839390.920755,30,0.7210648059844971
1569839392.4639363,31,0.7511574029922485
1569839393.9981246,32,0.7581018805503845
1569839395.5510938,33,0.7442129850387573
1569839397.1069415,34,0.7407407164573669
1569839398.6595047,35,0.7638888955116272
1569839400.1978853,36,0.7418981194496155
1569839401.705149,37,0.7696759104728699
1569839403.2161217,38,0.78125
1569839404.7062383,39,0.7604166865348816
1569839406.2202542,40,0.7650462985038757
1569839407.7233365,41,0.7673611044883728
1569839409.2345243,42,0.7777777910232544
1569839410.7325892,43,0.7719907164573669
1569839412.2321324,44,0.7592592835426331
1569839413.7349732,45,0.78125
1569839415.2399879,46,0.7754629850387573
1569839416.745219,47,0.7789351940155029
1569839418.2371554,48,0.78125
1569839419.7392375,49,0.7777777910232544
1569839421.2328756,50,0.7685185074806213
1569839422.729842,51,0.7592592835426331
1569839424.2331855,52,0.7847222089767456
1569839425.737083,53,0.7685185074806213
1569839427.2299201,54,0.7962962985038757
1569839428.7351668,55,0.7847222089767456
1569839430.2380214,56,0.7777777910232544
1569839431.7472396,57,0.78125
1569839433.2397602,58,0.7893518805503845
1569839434.7353199,59,0.7870370149612427
1569839436.2351952,60,0.7581018805503845
1569839437.7290711,61,0.7685185074806213
1569839439.239133,62,0.7731481194496155
1569839440.7390974,63,0.7800925970077515
1569839442.2382975,64,0.7546296119689941
1569839443.7387319,65,0.7719907164573669
1569839445.2392778,66,0.7847222089767456
1569839446.7474499,67,0.7604166865348816
1569839448.2514384,68,0.7557870149612427
1569839449.7616172,69,0.7766203880310059
1569839451.26351,70,0.7650462985038757
1569839452.7619622,71,0.7939814925193787
1569839454.2535577,72,0.7743055820465088
1569839455.7456985,73,0.7824074029922485
1569839457.2388268,74,0.7673611044883728
1569839458.7416885,75,0.7731481194496155
1569839460.23533,76,0.7754629850387573
1569839461.7345686,77,0.78125
1569839463.2327085,78,0.7766203880310059
1569839464.7426805,79,0.7847222089767456
1569839466.237835,80,0.7615740895271301
1569839467.7332907,81,0.7858796119689941
1569839469.2395465,82,0.7523148059844971
1569839470.7332494,83,0.7951388955116272
1569839472.2315102,84,0.7777777910232544
1569839473.7285051,85,0.7905092835426331
1569839475.2280366,86,0.7731481194496155
1569839476.730146,87,0.8032407164573669
1569839478.2350047,88,0.7627314925193787
1569839479.7422585,89,0.7743055820465088
1569839481.2381363,90,0.7905092835426331
1569839482.7533288,91,0.75
1569839484.2472448,92,0.7858796119689941
1569839485.7613177,93,0.7731481194496155
1569839487.2615006,94,0.7511574029922485
1569839488.76399,95,0.7754629850387573
1569839490.2639604,96,0.7546296119689941
1569839491.7636337,97,0.7847222089767456
1569839493.2668276,98,0.7939814925193787
1569839494.7677643,99,0.7743055820465088
1569839496.2700617,100,0.7789351940155029
1569839497.7759311,101,0.7928240895271301
1569839499.2859824,102,0.7881944179534912
1569839500.7814736,103,0.8055555820465088
1569839502.2867901,104,0.78125
1569839503.7832599,105,0.7719907164573669
1569839505.2834246,106,0.7615740895271301
1569839506.78341,107,0.7789351940155029
1569839508.2897067,108,0.7719907164573669
1569839509.7955465,109,0.7662037014961243
1569839511.2975209,110,0.7534722089767456
1569839512.7950134,111,0.7604166865348816
1569839514.298843,112,0.7789351940155029
1569839515.8031287,113,0.7407407164573669
1569839517.300733,114,0.7800925970077515
1569839518.7978294,115,0.78125
1569839520.3014405,116,0.7824074029922485
1569839521.7992177,117,0.7847222089767456
1569839523.298905,118,0.7569444179534912
1569839524.7942166,119,0.7534722089767456
1569839526.3024745,120,0.7743055820465088
1569839527.8020341,121,0.78125
1569839529.3077595,122,0.7766203880310059
1569839530.8115137,123,0.7708333134651184
1569839532.3052611,124,0.7731481194496155
1569839533.8088815,125,0.7604166865348816
1569839535.3029466,126,0.7615740895271301
1569839536.807055,127,0.7824074029922485
1569839538.3021104,128,0.7800925970077515
1569839539.8073447,129,0.7592592835426331
1569839541.3169956,130,0.7534722089767456
1569839542.815614,131,0.7511574029922485
1569839544.3111444,132,0.7534722089767456
1569839545.8100975,133,0.7824074029922485
1569839547.3049567,134,0.7650462985038757
1569839548.8036587,135,0.7858796119689941
1569839550.3035293,136,0.7719907164573669
1569839551.7959979,137,0.7685185074806213
1569839553.2842987,138,0.7743055820465088
1569839554.786426,139,0.7893518805503845
1569839556.284965,140,0.7881944179534912
1569839557.7851202,141,0.7766203880310059
1569839559.2919133,142,0.7835648059844971
1569839560.789956,143,0.7800925970077515
1569839562.2879698,144,0.7847222089767456
1569839563.7898703,145,0.7395833134651184
1569839565.2896862,146,0.78125
1569839566.7903252,147,0.7939814925193787
1569839568.292515,148,0.7951388955116272
1569839569.8130655,149,0.7662037014961243
1569839571.31073,150,0.7523148059844971
1569839572.81287,151,0.7384259104728699
1569839574.321619,152,0.78125
1569839575.8221235,153,0.7708333134651184
1569839577.323982,154,0.7951388955116272
1569839578.8257515,155,0.7905092835426331
1569839580.3400934,156,0.8009259104728699
1569839581.8453557,157,0.7777777910232544
1569839583.3474824,158,0.7824074029922485
1569839584.8579865,159,0.7858796119689941
1569839586.3675747,160,0.7835648059844971
1569839587.87329,161,0.7743055820465088
1569839589.374715,162,0.7974537014961243
1569839590.8922505,163,0.7638888955116272
1569839592.3951166,164,0.78125
1569839593.8963027,165,0.7650462985038757
1569839595.394333,166,0.7546296119689941
1569839596.889313,167,0.7662037014961243
1569839598.394102,168,0.7592592835426331
1569839599.897173,169,0.7569444179534912
1569839601.3980916,170,0.7662037014961243
1569839602.895036,171,0.7615740895271301
1569839604.3875837,172,0.7476851940155029
1569839605.8916807,173,0.7534722089767456
1569839607.4017065,174,0.7800925970077515
1569839608.907882,175,0.7719907164573669
1569839610.4122703,176,0.7673611044883728
1569839611.927481,177,0.7766203880310059
1569839613.4373605,178,0.7719907164573669
1569839614.9420466,179,0.7615740895271301
1569839616.443274,180,0.7754629850387573
1569839617.9449573,181,0.7615740895271301
1569839619.4426951,182,0.7569444179534912
1569839620.9430604,183,0.7650462985038757
1569839622.4550889,184,0.7731481194496155
1569839623.9640434,185,0.7673611044883728
1569839625.4659266,186,0.7789351940155029
1569839626.9753468,187,0.7847222089767456
1569839628.4752905,188,0.7650462985038757
1569839629.9772785,189,0.7534722089767456
1569839631.473624,190,0.7696759104728699
1569839632.9656126,191,0.7638888955116272
1569839634.4732118,192,0.7824074029922485
1569839635.9811277,193,0.7638888955116272
1569839637.4834085,194,0.7523148059844971
1569839638.99245,195,0.7488425970077515
1569839640.506008,196,0.7800925970077515
1569839642.0177612,197,0.7743055820465088
1569839643.5262973,198,0.7696759104728699
1569839645.0419755,199,0.7662037014961243
