Wall time,Step,Value
1569839379.7841098,0,0.3411949574947357
1569839381.2780695,1,0.30937719345092773
1569839382.744845,2,0.36477985978126526
1569839384.1642773,3,0.35226675868034363
1569839385.5811076,4,0.38864865899086
1569839386.9851813,5,0.39124739170074463
1569839388.4026651,6,0.4603205919265747
1569839389.8677502,7,0.5169680118560791
1569839391.282499,8,0.5170335173606873
1569839392.7100165,9,0.5623908042907715
1569839394.1083572,10,0.5707765817642212
1569839395.5201573,11,0.6050620079040527
1569839396.9324343,12,0.5887928009033203
1569839398.3707387,13,0.6721916198730469
1569839399.7833219,14,0.6288653016090393
1569839401.1903872,15,0.6588050127029419
1569839402.5884628,16,0.6791360974311829
1569839403.99289,17,0.659241795539856
1569839405.408996,18,0.6629979014396667
1569839406.8223915,19,0.6409416198730469
1569839408.231718,20,0.6863644123077393
1569839409.636258,21,0.7065426111221313
1569839411.0380955,22,0.7084206938743591
1569839412.4439597,23,0.7273759841918945
1569839413.8462222,24,0.7101677060127258
1569839415.24616,25,0.7291885018348694
1569839416.6119103,26,0.7363513112068176
1569839417.976623,27,0.7426406145095825
1569839419.3465934,28,0.7258691191673279
1569839420.7082138,29,0.7579708099365234
1569839422.076013,30,0.759346604347229
1569839423.461142,31,0.7416360974311829
1569839424.8283372,32,0.7277472019195557
1569839426.2012239,33,0.7695448994636536
1569839427.5676024,34,0.7776467800140381
1569839428.9370365,35,0.7467679977416992
1569839430.3228228,36,0.7792409062385559
1569839431.6973546,37,0.7933481931686401
1569839433.070582,38,0.78177410364151
1569839434.4378664,39,0.7880634069442749
1569839435.815386,40,0.8008604049682617
1569839437.180765,41,0.7959468960762024
1569839438.5413084,42,0.8177192807197571
1569839439.9011493,43,0.7958813905715942
1569839441.2724144,44,0.8012316823005676
1569839442.636112,45,0.8016684055328369
1569839444.005965,46,0.8204053044319153
1569839445.372284,47,0.8077393174171448
1569839446.736001,48,0.8169986009597778
1569839448.0977845,49,0.7942872047424316
1569839449.4571297,50,0.8179376125335693
1569839450.81779,51,0.8236591815948486
1569839452.1872191,52,0.8362377882003784
1569839453.5503876,53,0.8100541830062866
1569839454.9181752,54,0.8281359076499939
1569839456.2961452,55,0.8290094137191772
1569839457.6623876,56,0.8209730982780457
1569839459.0264206,57,0.821628212928772
1569839460.389045,58,0.8332678079605103
1569839461.7569423,59,0.8009477853775024
1569839463.1082277,60,0.8300139904022217
1569839464.4677792,61,0.8225672841072083
1569839465.8362093,62,0.8413696885108948
1569839467.2054374,63,0.828791081905365
1569839468.575421,64,0.8149021863937378
1569839469.9369047,65,0.830887496471405
1569839471.3060703,66,0.821628212928772
1569839472.6780415,67,0.8392077088356018
1569839474.0403852,68,0.8452786803245544
1569839475.4113793,69,0.839928388595581
1569839476.7797325,70,0.8255372047424316
1569839478.1402261,71,0.8454970121383667
1569839479.5033789,72,0.8190950155258179
1569839480.8671508,73,0.8257555961608887
1569839482.2325883,74,0.8427454829216003
1569839483.6002874,75,0.8153389096260071
1569839484.9648619,76,0.821628212928772
1569839486.336053,77,0.8561320900917053
1569839487.7026472,78,0.8290094137191772
1569839489.0760362,79,0.839709997177124
1569839490.4583542,80,0.8415880799293518
1569839491.8307447,81,0.8396444916725159
1569839493.1916747,82,0.8343597054481506
1569839494.557607,83,0.8439028859138489
1569839495.9311419,84,0.839491605758667
1569839497.305032,85,0.8301668167114258
1569839498.6763709,86,0.8357354998588562
1569839500.0374355,87,0.8352987170219421
1569839501.4013839,88,0.8422431945800781
1569839502.7614021,89,0.8258211016654968
1569839504.130937,90,0.837613582611084
1569839505.5056248,91,0.8389893174171448
1569839506.8660684,92,0.8385525941848755
1569839508.2320535,93,0.8269129991531372
1569839509.6003242,94,0.8430293798446655
1569839510.9620075,95,0.8332023024559021
1569839512.330058,96,0.819750189781189
1569839513.6943703,97,0.8454970121383667
1569839515.0704033,98,0.8403651118278503
1569839516.451211,99,0.8401467800140381
1569839517.8176272,100,0.8262578845024109
1569839519.17428,101,0.8570711016654968
1569839520.545475,102,0.8506289124488831
1569839521.9108388,103,0.8315426111221313
1569839523.2719896,104,0.8506289124488831
1569839524.6380808,105,0.8292933106422424
1569839525.9978273,106,0.8475934863090515
1569839527.3603709,107,0.8543195128440857
1569839528.721937,108,0.8424615859985352
1569839530.0819163,109,0.8564159870147705
1569839531.4468353,110,0.8366745114326477
1569839532.8082867,111,0.8452786803245544
1569839534.1715612,112,0.8419592976570129
1569839535.5384426,113,0.8185927867889404
1569839536.9020815,114,0.8269785046577454
1569839538.2576485,115,0.8348619937896729
1569839539.6203828,116,0.8265417814254761
1569839540.9790204,117,0.8327000141143799
1569839542.3452597,118,0.8113644123077393
1569839543.7082434,119,0.8512840867042542
1569839545.0674179,120,0.8447763919830322
1569839546.431522,121,0.8343597054481506
1569839547.797127,122,0.8116483092308044
1569839549.1668103,123,0.8301668167114258
1569839550.5277452,124,0.8413696885108948
1569839551.8925474,125,0.8352987170219421
1569839553.2570803,126,0.8459993004798889
1569839554.621128,127,0.8194662928581238
1569839555.9890616,128,0.8206892013549805
1569839557.3551614,129,0.8292278051376343
1569839558.7161038,130,0.8295117020606995
1569839560.078338,131,0.8308219909667969
1569839561.442317,132,0.8388364911079407
1569839562.806774,133,0.8420248031616211
1569839564.1823347,134,0.8334861993789673
1569839565.5474012,135,0.8227856159210205
1569839566.9205725,136,0.8147493004798889
1569839568.2848706,137,0.8380503058433533
1569839569.6473813,138,0.8311713933944702
1569839571.0021183,139,0.828791081905365
1569839572.3660772,140,0.8323287963867188
1569839573.7355678,141,0.8339229822158813
1569839575.1109536,142,0.8387709856033325
1569839576.469988,143,0.8369584083557129
1569839577.8318455,144,0.8265417814254761
1569839579.197227,145,0.8425270915031433
1569839580.5671282,146,0.8357354998588562
1569839581.9260912,147,0.8190950155258179
1569839583.2922301,148,0.8160595893859863
1569839584.6577523,149,0.8360193967819214
1569839586.0308683,150,0.8271968960762024
1569839587.395962,151,0.8311058878898621
1569839588.7619905,152,0.8313897848129272
1569839590.1264048,153,0.8206892013549805
1569839591.500392,154,0.8322632908821106
1569839592.8632488,155,0.8352987170219421
1569839594.221352,156,0.8299484848976135
1569839595.5831237,157,0.8323287963867188
1569839596.9423492,158,0.8318265080451965
1569839598.302575,159,0.8406490087509155
1569839599.6731586,160,0.8225672841072083
1569839601.0468879,161,0.8194662928581238
1569839602.415685,162,0.8269785046577454
1569839603.7761176,163,0.8241614103317261
1569839605.1484213,164,0.8313897848129272
1569839606.5165608,165,0.8251004815101624
1569839607.887669,166,0.8017339110374451
1569839609.2611396,167,0.8385525941848755
1569839610.6324184,168,0.8204708099365234
1569839612.0122902,169,0.8329839110374451
1569839613.3815277,170,0.8378974199295044
1569839614.7483015,171,0.8276336193084717
1569839616.123302,172,0.8283542990684509
1569839617.4908452,173,0.8350803852081299
1569839618.85696,174,0.8251004815101624
1569839620.2461886,175,0.8286381959915161
1569839621.6252267,176,0.8404306173324585
1569839622.9934235,177,0.8302323818206787
1569839624.3771245,178,0.8286381959915161
1569839625.7573307,179,0.81092768907547
1569839627.127821,180,0.8283542990684509
1569839628.4974108,181,0.8383342027664185
1569839629.8722706,182,0.81092768907547
1569839631.2406743,183,0.8195973038673401
1569839632.6119578,184,0.8200340867042542
1569839633.9859688,185,0.8230040073394775
1569839635.3602583,186,0.8237246870994568
1569839636.7208335,187,0.8232223987579346
1569839638.0944698,188,0.8047038912773132
1569839639.475195,189,0.8276336193084717
1569839640.8614228,190,0.8362377882003784
1569839642.2206318,191,0.81092768907547
1569839643.5883915,192,0.8139631152153015
1569839644.9619644,193,0.8219121098518372
1569839646.3405297,194,0.8281359076499939
1569839647.710433,195,0.8185927867889404
1569839649.0751045,196,0.8143998980522156
1569839650.441372,197,0.8183743953704834
1569839651.8078077,198,0.8211259841918945
1569839653.1770248,199,0.8279175162315369
