Wall time,Step,Value
1565203703.1301932,0,0.7088194489479065
1565203705.687135,1,0.7819444537162781
1565203708.2521253,2,0.7605786919593811
1565203710.803397,3,0.792337954044342
1565203713.3444102,4,0.8350926041603088
1565203715.8923113,5,0.8650925755500793
1565203718.453182,6,0.8520601987838745
1565203721.0164325,7,0.8796527981758118
1565203723.5965059,8,0.8956944346427917
1565203726.2140057,9,0.8949999809265137
1565203728.8079362,10,0.894652783870697
1565203731.3663943,11,0.9043750166893005
1565203733.94012,12,0.9176157116889954
1565203736.506522,13,0.9172222018241882
1565203739.074148,14,0.9214351773262024
1565203741.6293776,15,0.9328935146331787
1565203744.2192965,16,0.9280787110328674
1565203746.7892082,17,0.9280787110328674
1565203749.356772,18,0.9282870292663574
1565203751.919063,19,0.9324073791503906
1565203754.4695046,20,0.9306250214576721
1565203757.0427659,21,0.9412268400192261
1565203759.6033416,22,0.9349305629730225
1565203762.1540766,23,0.9522916674613953
1565203764.7129586,24,0.9458564519882202
1565203767.2928581,25,0.9488194584846497
1565203769.864893,26,0.934583306312561
1565203772.4128857,27,0.9433102011680603
1565203774.9843957,28,0.9332870244979858
1565203777.55283,29,0.9349768757820129
1565203780.1245873,30,0.9377546310424805
1565203782.692885,31,0.9395370483398438
1565203785.262297,32,0.9526851773262024
1565203787.8173027,33,0.9489120244979858
1565203790.368506,34,0.9376157522201538
1565203792.9237878,35,0.9362731575965881
1565203795.483455,36,0.9442592859268188
1565203798.043792,37,0.9485648274421692
1565203800.6065285,38,0.9440509080886841
1565203803.1750524,39,0.9318055510520935
1565203805.7372632,40,0.9645370244979858
1565203808.3260098,41,0.9409258961677551
1565203810.8994563,42,0.9542360901832581
1565203813.467971,43,0.9502546191215515
1565203816.0477931,44,0.9422222375869751
1565203818.616528,45,0.9315972328186035
1565203821.1914861,46,0.9419676065444946
1565203823.76374,47,0.9575462937355042
1565203826.353496,48,0.9530786871910095
1565203828.92019,49,0.956157386302948
1565203831.487411,50,0.9456018805503845
1565203834.0536087,51,0.9454398155212402
1565203836.6372752,52,0.9643981456756592
1565203839.210345,53,0.9637963175773621
1565203841.783731,54,0.9663194417953491
1565203844.3537018,55,0.9585879445075989
1565203846.9471292,56,0.93770831823349
1565203849.5246172,57,0.9443055391311646
1565203852.0896666,58,0.9415740966796875
1565203854.6602192,59,0.9439583420753479
1565203857.23481,60,0.9679629802703857
1565203859.8063052,61,0.9669675827026367
1565203862.3608654,62,0.9525926113128662
1565203864.9542313,63,0.9610648155212402
1565203867.5285568,64,0.9574999809265137
1565203870.0973363,65,0.9630555510520935
1565203872.6623633,66,0.9707407355308533
1565203875.22392,67,0.9581481218338013
1565203877.7970743,68,0.9718286991119385
1565203880.3641548,69,0.9654397964477539
1565203882.9296918,70,0.9682638645172119
1565203885.4995463,71,0.9578009247779846
1565203888.0747218,72,0.9673148393630981
1565203890.6522782,73,0.9662731289863586
1565203893.2229414,74,0.9721296429634094
1565203895.8065507,75,0.9558101892471313
1565203898.3805711,76,0.9673148393630981
1565203900.949486,77,0.9614120125770569
1565203903.5292778,78,0.9777777791023254
1565203906.1156092,79,0.9770370125770569
1565203908.7108822,80,0.9711805582046509
1565203911.313445,81,0.9519907236099243
1565203913.9019616,82,0.9749537110328674
1565203916.4994912,83,0.9732176065444946
1565203919.0702422,84,0.9707870483398438
1565203921.6502614,85,0.9698610901832581
1565203924.2143216,86,0.9770370125770569
1565203926.7829144,87,0.9364120364189148
1565203929.374234,88,0.9735648036003113
1565203931.942912,89,0.9700925946235657
1565203934.5138493,90,0.9809027910232544
1565203937.0866158,91,0.9516898393630981
1565203939.653621,92,0.9711805582046509
1565203942.2295434,93,0.9759953618049622
1565203944.7958672,94,0.9829398393630981
1565203947.359723,95,0.9819444417953491
1565203949.919751,96,0.9753009080886841
1565203952.492494,97,0.9489583373069763
1565203955.054642,98,0.9798148274421692
1565203957.6208832,99,0.9833333492279053
1565203960.1866417,100,0.9776852130889893
1565203962.7542992,101,0.9725231528282166
1565203965.3194187,102,0.9760416746139526
1565203967.8873248,103,0.957453727722168
1565203970.45361,104,0.9762963056564331
1565203973.0041258,105,0.9773842692375183
1565203975.5840707,106,0.981249988079071
1565203978.14734,107,0.9684028029441833
1565203980.7026298,108,0.9620139002799988
1565203983.2678187,109,0.977731466293335
1565203985.8334494,110,0.9676620364189148
1565203988.400381,111,0.9722222089767456
1565203990.9565685,112,0.9836805462837219
1565203993.5193207,113,0.984375
1565203996.086547,114,0.9833333492279053
1565203998.6727977,115,0.9878472089767456
1565204001.2485223,116,0.9635416865348816
1565204003.8329117,117,0.962800920009613
1565204006.4029486,118,0.980555534362793
1565204008.9688594,119,0.9849768280982971
1565204011.5443013,120,0.9767361283302307
1565204014.1064808,121,0.9734722375869751
1565204016.673727,122,0.9835879802703857
1565204019.2528841,123,0.9557175636291504
1565204021.8197927,124,0.9857175946235657
1565204024.377434,125,0.9813657402992249
1565204026.9540246,126,0.95333331823349
1565204029.5241163,127,0.9818981289863586
1565204032.0927818,128,0.9819444417953491
1565204034.6564658,129,0.9683101773262024
1565204037.224218,130,0.9878472089767456
1565204039.8074436,131,0.977731466293335
1565204042.378572,132,0.9870601892471313
1565204044.9527264,133,0.9703935384750366
1565204047.514123,134,0.9864583611488342
1565204050.0776403,135,0.9867129921913147
1565204052.6371217,136,0.9836342334747314
1565204055.180749,137,0.9596296548843384
1565204057.7536962,138,0.9802083373069763
1565204060.3135934,139,0.9783796072006226
1565204062.8691232,140,0.9825925827026367
1565204065.4195354,141,0.9878472089767456
1565204067.9638515,142,0.9913194179534912
1565204070.5438967,143,0.9168286919593811
1565204073.0983534,144,0.9885416626930237
1565204075.6600401,145,0.9909722208976746
1565204078.2302508,146,0.987407386302948
1565204080.7977319,147,0.984375
1565204083.3423698,148,0.9740277528762817
1565204085.8979857,149,0.9847221970558167
1565204088.4482367,150,0.9909259080886841
1565204091.0059915,151,0.9822453856468201
1565204093.5728445,152,0.9840278029441833
1565204096.1336334,153,0.9898379445075989
1565204098.7036757,154,0.9746527671813965
1565204101.2528703,155,0.9930555820465088
1565204103.8124833,156,0.9836805462837219
1565204106.3774085,157,0.9753472208976746
1565204108.9472888,158,0.9906250238418579
1565204111.5027459,159,0.9888888597488403
1565204114.0594459,160,0.972569465637207
1565204116.632385,161,0.9913194179534912
1565204119.1667511,162,0.9902777671813965
1565204121.7224226,163,0.9773842692375183
1565204124.2791235,164,0.9923148155212402
1565204126.8479798,165,0.9867592453956604
1565204129.410116,166,0.9892361164093018
1565204131.9690642,167,0.9888888597488403
1565204134.52638,168,0.9888426065444946
1565204137.0959454,169,0.9937037229537964
1565204139.6627853,170,0.9937499761581421
1565204142.225324,171,0.9746527671813965
1565204144.7999933,172,0.9781249761581421
1565204147.3643398,173,0.9937499761581421
1565204149.9239912,174,0.9850231409072876
1565204152.484482,175,0.9923611283302307
1565204155.044191,176,0.9840278029441833
1565204157.5862448,177,0.9691203832626343
1565204160.1534398,178,0.9885416626930237
1565204162.7136862,179,0.9919213056564331
1565204165.2741976,180,0.991226851940155
1565204167.847622,181,0.9683564901351929
1565204170.4025917,182,0.9902777671813965
1565204172.962948,183,0.9805092811584473
1565204175.533746,184,0.9920138716697693
1565204178.0972214,185,0.9940972328186035
1565204180.6600845,186,0.9950925707817078
1565204183.2285807,187,0.9588888883590698
1565204185.7870495,188,0.9934027791023254
1565204188.3720171,189,0.9895833134651184
1565204190.9228427,190,0.9944444298744202
1565204193.4944758,191,0.9940972328186035
1565204196.0667794,192,0.9913194179534912
1565204198.6487565,193,0.9880555272102356
1565204201.2440543,194,0.9951388835906982
1565204203.8159835,195,0.9871065020561218
1565204206.4105186,196,0.9937499761581421
1565204209.0002284,197,0.9718286991119385
1565204211.5983012,198,0.969745397567749
1565204214.14421,199,0.9934027791023254
