Wall time,Step,Value
1565203703.0100458,0,0.6419130563735962
1565203705.4704077,1,0.6862679123878479
1565203707.927695,2,0.7290546298027039
1565203710.386607,3,0.7663530707359314
1565203712.8338778,4,0.7640008926391602
1565203715.273934,5,0.7802419066429138
1565203717.729628,6,0.7944668531417847
1565203720.1701732,7,0.803987443447113
1565203722.6261842,8,0.8173162937164307
1565203725.1149292,9,0.8046594858169556
1565203727.607477,10,0.8291890621185303
1565203730.0728393,11,0.8505824208259583
1565203732.5224571,12,0.8520385026931763
1565203734.9891756,13,0.8377016186714172
1565203737.4585323,14,0.8519265055656433
1565203739.9039838,15,0.8739919066429138
1565203742.352748,16,0.8776881694793701
1565203744.8255968,17,0.8790322542190552
1565203747.2929218,18,0.8732078671455383
1565203749.7466612,19,0.8876568078994751
1565203752.1992123,20,0.8844085931777954
1565203754.6433494,21,0.8876568078994751
1565203757.0882134,22,0.9036738276481628
1565203759.5192304,23,0.8939291834831238
1565203761.94686,24,0.8929211497306824
1565203764.3762617,25,0.9116263389587402
1565203766.815693,26,0.9129704236984253
1565203769.2490373,27,0.8997535705566406
1565203771.672374,28,0.8965053558349609
1565203774.1169395,29,0.9059139490127563
1565203776.5529046,30,0.8959453701972961
1565203778.9802165,31,0.9163306355476379
1565203781.415851,32,0.9134184718132019
1565203783.85345,33,0.8921371102333069
1565203786.2960176,34,0.9107303023338318
1565203788.7287557,35,0.9324596524238586
1565203791.1558397,36,0.9184587597846985
1565203793.5936396,37,0.9317876100540161
1565203796.0238035,38,0.9185708165168762
1565203798.4567065,39,0.9307795763015747
1565203800.8968055,40,0.9229390621185303
1565203803.3264883,41,0.9116263389587402
1565203805.7670424,42,0.9196908473968506
1565203808.2235937,43,0.9083781242370605
1565203810.6719525,44,0.9153226017951965
1565203813.1149518,45,0.9121863842010498
1565203815.541148,46,0.9274193644523621
1565203817.9794462,47,0.9303315281867981
1565203820.415364,48,0.930443525314331
1565203822.839437,49,0.9341397881507874
1565203825.2642446,50,0.9183467626571655
1565203827.7128718,51,0.9443324208259583
1565203830.1638553,52,0.9381720423698425
1565203832.5928903,53,0.9369399547576904
1565203835.0266724,54,0.9315636157989502
1565203837.4600618,55,0.9334677457809448
1565203839.894149,56,0.948924720287323
1565203842.3333013,57,0.9368279576301575
1565203844.763588,58,0.9409722089767456
1565203847.2028198,59,0.9358198642730713
1565203849.6202328,60,0.9251791834831238
1565203852.0616426,61,0.9467965960502625
1565203854.5025578,62,0.9255152344703674
1565203856.9237592,63,0.9453405141830444
1565203859.3499818,64,0.9455645084381104
1565203861.801031,65,0.9455645084381104
1565203864.2492518,66,0.9375
1565203866.6825402,67,0.9463485479354858
1565203869.123595,68,0.9506048560142517
1565203871.5592828,69,0.961693525314331
1565203873.9957051,70,0.9479166865348816
1565203876.431892,71,0.9450044631958008
1565203878.8627,72,0.9378360509872437
1565203881.3025875,73,0.9436603784561157
1565203883.7296972,74,0.9416442513465881
1565203886.1722703,75,0.934587836265564
1565203888.633185,76,0.9448924660682678
1565203891.07155,77,0.9463485479354858
1565203893.5125957,78,0.9560931921005249
1565203895.9471467,79,0.9590053558349609
1565203898.3809724,80,0.9338037371635437
1565203900.8324633,81,0.9604614973068237
1565203903.2565002,82,0.9601254463195801
1565203905.6872337,83,0.944556474685669
1565203908.121542,84,0.9530689716339111
1565203910.5757036,85,0.9680779576301575
1565203913.0198224,86,0.9623655676841736
1565203915.4552639,87,0.9502688050270081
1565203917.8997936,88,0.9475806355476379
1565203920.3423843,89,0.9577732682228088
1565203922.7772787,90,0.9512768983840942
1565203925.2129502,91,0.9549731016159058
1565203927.6526322,92,0.9653897881507874
1565203930.0792,93,0.9478046298027039
1565203932.5249324,94,0.945900559425354
1565203934.9540515,95,0.9265232682228088
1565203937.3927627,96,0.9522849321365356
1565203939.8195684,97,0.9600134491920471
1565203942.260386,98,0.9539650678634644
1565203944.6938393,99,0.9462365508079529
1565203947.1282456,100,0.9528449773788452
1565203949.5765545,101,0.9593414068222046
1565203952.0129492,102,0.9667338728904724
1565203954.4536192,103,0.9501568078994751
1565203956.8866506,104,0.9536290168762207
1565203959.3259716,105,0.9660618305206299
1565203961.7591221,106,0.9655017852783203
1565203964.2119403,107,0.9640457034111023
1565203966.6636927,108,0.9647177457809448
1565203969.096642,109,0.9515008926391602
1565203971.5295703,110,0.9419803023338318
1565203973.9785774,111,0.9700940847396851
1565203976.4134016,112,0.9623655676841736
1565203978.8589196,113,0.9714381694793701
1565203981.3218632,114,0.9711021780967712
1565203983.7592704,115,0.9621415734291077
1565203986.1990118,116,0.9630376100540161
1565203988.6295118,117,0.9575492739677429
1565203991.0750208,118,0.9774865508079529
1565203993.5136285,119,0.9443324208259583
1565203995.932237,120,0.9724462628364563
1565203998.3667092,121,0.9593414068222046
1565204000.814921,122,0.9624776244163513
1565204003.288849,123,0.967181921005249
1565204005.7485685,124,0.9712141752243042
1565204008.1969972,125,0.9721102118492126
1565204010.6573117,126,0.9731183052062988
1565204013.1067152,127,0.9769265055656433
1565204015.571667,128,0.9752464294433594
1565204018.0280414,129,0.9475806355476379
1565204020.4966784,130,0.9698700904846191
1565204022.956605,131,0.9633736610412598
1565204025.4088888,132,0.9768145084381104
1565204027.8626404,133,0.9613575339317322
1565204030.316664,134,0.9752464294433594
1565204032.7709363,135,0.9650537371635437
1565204035.2228827,136,0.9764785170555115
1565204037.6837122,137,0.9731183052062988
1565204040.141856,138,0.9805107712745667
1565204042.5823736,139,0.9784946441650391
1565204045.0251987,140,0.9790546298027039
1565204047.45829,141,0.9731183052062988
1565204049.9066632,142,0.9821908473968506
1565204052.3479073,143,0.9717742204666138
1565204054.7839425,144,0.9568772315979004
1565204057.22921,145,0.9667338728904724
1565204059.6555333,146,0.960237443447113
1565204062.0987842,147,0.9407482147216797
1565204064.5365195,148,0.9714381694793701
1565204066.9824743,149,0.9811828136444092
1565204069.4139915,150,0.9764785170555115
1565204071.841078,151,0.9821908473968506
1565204074.2764852,152,0.9815188050270081
1565204076.708879,153,0.9734542965888977
1565204079.1525471,154,0.9744623899459839
1565204081.6056674,155,0.9788306355476379
1565204084.0292192,156,0.9795026779174805
1565204086.4722261,157,0.9604614973068237
1565204088.9244142,158,0.9735662937164307
1565204091.3664784,159,0.9774865508079529
1565204093.8136811,160,0.9858871102333069
1565204096.2693763,161,0.9640457034111023
1565204098.7251801,162,0.9852150678634644
1565204101.1722586,163,0.970206081867218
1565204103.6238298,164,0.9805107712745667
1565204106.0719585,165,0.9858871102333069
1565204108.5160692,166,0.9828628897666931
1565204110.9526563,167,0.9845430254936218
1565204113.3960607,168,0.9835349321365356
1565204115.829018,169,0.9543010592460632
1565204118.2734828,170,0.9825268983840942
1565204120.705912,171,0.9845430254936218
1565204123.153793,172,0.9842069745063782
1565204125.597326,173,0.9782705903053284
1565204128.039961,174,0.9657257795333862
1565204130.4767535,175,0.9858871102333069
1565204132.9274485,176,0.9838709831237793
1565204135.3499308,177,0.9818548560142517
1565204137.7791865,178,0.9823028445243835
1565204140.2240655,179,0.9784946441650391
1565204142.6626143,180,0.9868951439857483
1565204145.0868266,181,0.9784946441650391
1565204147.5275443,182,0.9556451439857483
1565204149.9594915,183,0.9704301357269287
1565204152.3886895,184,0.9805107712745667
1565204154.8219643,185,0.9798387289047241
1565204157.262584,186,0.9865591526031494
1565204159.7057354,187,0.9852150678634644
1565204162.1558812,188,0.9858871102333069
1565204164.6040223,189,0.9833109378814697
1565204167.0468597,190,0.9889112710952759
1565204169.4828894,191,0.9764785170555115
1565204171.9288096,192,0.9842069745063782
1565204174.3610494,193,0.9855510592460632
1565204176.805942,194,0.9852150678634644
1565204179.256522,195,0.9826388955116272
1565204181.6972475,196,0.9783825874328613
1565204184.1524017,197,0.968861997127533
1565204186.5881083,198,0.9875671863555908
1565204189.033981,199,0.9858871102333069
