Wall time,Step,Value
1565203703.1397064,0,0.6827357411384583
1565203705.6721082,1,0.7680860757827759
1565203708.1945274,2,0.7710583209991455
1565203710.7129982,3,0.7937705516815186
1565203713.2339177,4,0.8281072378158569
1565203715.7536597,5,0.7920297980308533
1565203718.2800155,6,0.8316400051116943
1565203720.8007104,7,0.8254349827766418
1565203723.3167772,8,0.8539693355560303
1565203725.8348687,9,0.8385239243507385
1565203728.3556244,10,0.8694936633110046
1565203730.884931,11,0.8586783409118652
1565203733.423693,12,0.874182939529419
1565203735.9616666,13,0.8494221568107605
1565203738.4923587,14,0.8907256722450256
1565203741.0111501,15,0.8618124127388
1565203743.53025,16,0.8998673558235168
1565203746.057448,17,0.9045566320419312
1565203748.577735,18,0.8819865584373474
1565203751.0965905,19,0.8792550563812256
1565203753.6163623,20,0.8963543772697449
1565203756.1378868,21,0.8967727422714233
1565203758.6580079,22,0.881347119808197
1565203761.1772203,23,0.9194217920303345
1565203763.6951892,24,0.90248042345047
1565203766.2172782,25,0.87845379114151
1565203768.7385905,26,0.8978700637817383
1565203771.259796,27,0.920819103717804
1565203773.7792895,28,0.8982490301132202
1565203776.3019366,29,0.9194415211677551
1565203778.8258169,30,0.8996660709381104
1565203781.343519,31,0.9136747121810913
1565203783.8645215,32,0.900566041469574
1565203786.3835611,33,0.9083459377288818
1565203788.9027717,34,0.9248492121696472
1565203791.4243171,35,0.9259465336799622
1565203793.9508812,36,0.9071696996688843
1565203796.4698584,37,0.9270043969154358
1565203798.9894433,38,0.9059144854545593
1565203801.5105162,39,0.917306125164032
1565203804.0488796,40,0.936682939529419
1565203806.5857587,41,0.9101024866104126
1565203809.123296,42,0.9211980700492859
1565203811.6658952,43,0.9352658987045288
1565203814.1923473,44,0.9205783605575562
1565203816.719139,45,0.9344093203544617
1565203819.243314,46,0.9359645247459412
1565203821.7680135,47,0.9320725798606873
1565203824.2908628,48,0.9442654848098755
1565203826.8147385,49,0.9396196603775024
1565203829.3372812,50,0.9510113000869751
1565203831.860369,51,0.932033121585846
1565203834.3842359,52,0.9190428853034973
1565203836.9104862,53,0.9384591579437256
1565203839.433625,54,0.9305766224861145
1565203841.9551358,55,0.9353053569793701
1565203844.4788654,56,0.9312949776649475
1565203847.0014927,57,0.9393591284751892
1565203849.5230136,58,0.947458803653717
1565203852.0454466,59,0.9450036287307739
1565203854.5743864,60,0.9381788969039917
1565203857.0967488,61,0.9345277547836304
1565203859.6249309,62,0.9323331117630005
1565203862.1616135,63,0.9407327771186829
1565203864.6993067,64,0.9406735301017761
1565203867.2398498,65,0.9467601180076599
1565203869.7779107,66,0.9319542050361633
1565203872.3214583,67,0.9633225798606873
1565203874.8623683,68,0.9514889121055603
1565203877.3874063,69,0.9421300888061523
1565203879.9132073,70,0.9427300691604614
1565203882.4358532,71,0.9503718018531799
1565203884.9623134,72,0.9383999705314636
1565203887.4862978,73,0.9421103596687317
1565203890.0116408,74,0.9529059529304504
1565203892.5361102,75,0.9532454013824463
1565203895.0607388,76,0.9434878826141357
1565203897.5866344,77,0.925567626953125
1565203900.1114857,78,0.9568373560905457
1565203902.635916,79,0.9290608763694763
1565203905.1567738,80,0.955779492855072
1565203907.6855307,81,0.9693499803543091
1565203910.2086122,82,0.9503915905952454
1565203912.7322834,83,0.9675934910774231
1565203915.2533212,84,0.9575557112693787
1565203917.7805893,85,0.9687302708625793
1565203920.306935,86,0.9705262184143066
1565203922.8328776,87,0.9563794732093811
1565203925.3559344,88,0.9589530229568481
1565203927.8788593,89,0.9557400345802307
1565203930.404949,90,0.9603700637817383
1565203932.9263935,91,0.9625844955444336
1565203935.4503639,92,0.9744774103164673
1565203937.9723527,93,0.9560794830322266
1565203940.4963622,94,0.9640212655067444
1565203943.0182471,95,0.9603700637817383
1565203945.541577,96,0.9689315557479858
1565203948.0662594,97,0.9708459377288818
1565203950.588663,98,0.9762536287307739
1565203953.1113923,99,0.9744576811790466
1565203955.634241,100,0.959612250328064
1565203958.1607602,101,0.9417116641998291
1565203960.6819997,102,0.9579149484634399
1565203963.2132547,103,0.9773509502410889
1565203965.7359896,104,0.9780890941619873
1565203968.2592707,105,0.9730603694915771
1565203970.7820108,106,0.9748563170433044
1565203973.305442,107,0.9784482717514038
1565203975.8285112,108,0.9695907831192017
1565203978.355871,109,0.9751957654953003
1565203980.8770356,110,0.9769917726516724
1565203983.415043,111,0.9755747318267822
1565203985.9567573,112,0.9730603694915771
1565203988.4912806,113,0.9730011224746704
1565203991.0126941,114,0.9546624422073364
1565203993.5360425,115,0.9820204973220825
1565203996.0633426,116,0.9676132202148438
1565203998.5913901,117,0.9697486162185669
1565204001.1141107,118,0.9744378924369812
1565204003.635796,119,0.9787877202033997
1565204006.160333,120,0.9759339094161987
1565204008.6833024,121,0.9823599457740784
1565204011.2098145,122,0.9600503444671631
1565204013.733823,123,0.9791271686553955
1565204016.259234,124,0.9733800888061523
1565204018.784352,125,0.9852532744407654
1565204021.3116958,126,0.9808441996574402
1565204023.8349543,127,0.9730208516120911
1565204026.3588326,128,0.9784088134765625
1565204028.8832743,129,0.9805639982223511
1565204031.41353,130,0.9805837273597717
1565204033.936151,131,0.9859519004821777
1565204036.4591331,132,0.9827191233634949
1565204038.982418,133,0.9561583995819092
1565204041.5086868,134,0.9777101278305054
1565204044.0500302,135,0.9874083995819092
1565204046.590314,136,0.966835618019104
1565204049.1134021,137,0.9884859919548035
1565204051.6373575,138,0.9728037714958191
1565204054.175022,139,0.9823994040489197
1565204056.6978588,140,0.9877873659133911
1565204059.2199616,141,0.9820402264595032
1565204061.7452257,142,0.9838362336158752
1565204064.2675395,143,0.9891649484634399
1565204066.7957768,144,0.9870689511299133
1565204069.3168669,145,0.9801850318908691
1565204071.839247,146,0.9859716296195984
1565204074.3639371,147,0.9884662628173828
1565204076.8913786,148,0.9482364058494568
1565204079.4145482,149,0.9906609058380127
1565204081.9360802,150,0.9895833134651184
1565204084.4584374,151,0.958574116230011
1565204086.983311,152,0.988126814365387
1565204089.510016,153,0.9928160905838013
1565204092.0363863,154,0.9895438551902771
1565204094.5597804,155,0.988126814365387
1565204097.0867443,156,0.97942715883255
1565204099.6101427,157,0.9730208516120911
1565204102.1347861,158,0.9935147762298584
1565204104.6717815,159,0.9938936829566956
1565204107.2143288,160,0.981661319732666
1565204109.7532868,161,0.9924569129943848
1565204112.29459,162,0.9776706695556641
1565204114.8179667,163,0.9830191135406494
1565204117.3432798,164,0.991738498210907
1565204119.8740547,165,0.9830783605575562
1565204122.3979123,166,0.9949712753295898
1565204124.9237094,167,0.9766523241996765
1565204127.4479694,168,0.9927963614463806
1565204129.9822023,169,0.9867097735404968
1565204132.5143175,170,0.9953304529190063
1565204135.0370646,171,0.9938936829566956
1565204137.5642734,172,0.9956896305084229
1565204140.10263,173,0.991020143032074
1565204142.6255472,174,0.9920779466629028
1565204145.1480315,175,0.9888649582862854
1565204147.6739407,176,0.987029492855072
1565204150.1972132,177,0.9820007681846619
1565204152.721298,178,0.9938936829566956
1565204155.2442849,179,0.993534505367279
1565204157.7715733,180,0.9956896305084229
1565204160.2953017,181,0.9953304529190063
1565204162.8292944,182,0.9680118560791016
1565204165.3543706,183,0.9748365879058838
1565204167.8792682,184,0.9891649484634399
1565204170.4044116,185,0.993534505367279
1565204172.9306233,186,0.9956304430961609
1565204175.4726472,187,0.9884859919548035
1565204178.0843186,188,0.974058985710144
1565204180.690113,189,0.9949712753295898
1565204183.2548094,190,0.9788074493408203
1565204185.7789688,191,0.9953304529190063
1565204188.3050323,192,0.9855927228927612
1565204190.82955,193,0.9895833134651184
1565204193.3546515,194,0.9820402264595032
1565204195.8809073,195,0.9899425506591797
1565204198.4074066,196,0.9960488677024841
1565204200.936386,197,0.9931160807609558
1565204203.460559,198,0.9675145149230957
1565204205.984566,199,0.9931160807609558
