Wall time,Step,Value
1565203703.1147125,0,0.7266572117805481
1565203705.6767933,1,0.7687962651252747
1565203708.2433896,2,0.7777957916259766
1565203710.7995696,3,0.7904414534568787
1565203713.3609214,4,0.8042778968811035
1565203715.9197276,5,0.8052423000335693
1565203718.475861,6,0.8361724615097046
1565203721.0312135,7,0.8509929776191711
1565203723.5856876,8,0.8434498310089111
1565203726.1362126,9,0.8534876108169556
1565203728.685192,10,0.8565875291824341
1565203731.2551346,11,0.8764023184776306
1565203733.8234053,12,0.8835665583610535
1565203736.376677,13,0.8712407350540161
1565203738.956113,14,0.8833402395248413
1565203741.5124488,15,0.9033223390579224
1565203744.0629892,16,0.8786312937736511
1565203746.6159027,17,0.8956069946289062
1565203749.1674278,18,0.8990857601165771
1565203751.7284155,19,0.9148903489112854
1565203754.280308,20,0.9072340726852417
1565203756.8440125,21,0.9105062484741211
1565203759.4040437,22,0.8895203471183777
1565203761.9615128,23,0.8961580991744995
1565203764.5180597,24,0.9150232076644897
1565203767.0749211,25,0.9090497493743896
1565203769.62836,26,0.9253267049789429
1565203772.1882577,27,0.9057038426399231
1565203774.7396832,28,0.9257990717887878
1565203777.30205,29,0.9447035789489746
1565203779.8622646,30,0.9180296659469604
1565203782.4133909,31,0.8859283924102783
1565203784.9751256,32,0.9272752404212952
1565203787.5398543,33,0.9181231260299683
1565203790.091216,34,0.9439852237701416
1565203792.647194,35,0.9552531242370605
1565203795.204178,36,0.9333422183990479
1565203797.7596657,37,0.9352513551712036
1565203800.3472157,38,0.9436259865760803
1565203802.9115407,39,0.9250807166099548
1565203805.4598303,40,0.9379920363426208
1565203808.0108883,41,0.9261583089828491
1565203810.5848238,42,0.9407524466514587
1565203813.1434762,43,0.9292581677436829
1565203815.7104702,44,0.9206374883651733
1565203818.276936,45,0.9397880434989929
1565203820.845816,46,0.9336817264556885
1565203823.4097638,47,0.9409984350204468
1565203825.9690778,48,0.9402800798416138
1565203828.5240564,49,0.9361222386360168
1565203831.0742307,50,0.9546478986740112
1565203833.630157,51,0.947350800037384
1565203836.1835942,52,0.9391828179359436
1565203838.743625,53,0.9255186319351196
1565203841.3061032,54,0.9584858417510986
1565203843.8658686,55,0.9201454520225525
1565203846.430507,56,0.9551202654838562
1565203848.9826782,57,0.9304686188697815
1565203851.556051,58,0.9363092184066772
1565203854.1152117,59,0.9488810896873474
1565203856.6982954,60,0.9567833542823792
1565203859.2553835,61,0.9655172228813171
1565203861.81533,62,0.9251938462257385
1565203864.3767438,63,0.9526059031486511
1565203866.9389205,64,0.9616989493370056
1565203869.4921045,65,0.9492402672767639
1565203872.0455232,66,0.9575017690658569
1565203874.6084824,67,0.9594109058380127
1565203877.1637964,68,0.9376328587532043
1565203879.7148163,69,0.9566702246665955
1565203882.2689452,70,0.9317725300788879
1565203884.828583,71,0.950091540813446
1565203887.401645,72,0.9642133116722107
1565203889.9596674,73,0.9329633116722107
1565203892.5189579,74,0.9529847502708435
1565203895.076736,75,0.9539098143577576
1565203897.6301,76,0.9273490309715271
1565203900.184834,77,0.9449299573898315
1565203902.7394023,78,0.9306949973106384
1565203905.2920835,79,0.9518874883651733
1565203907.8698156,80,0.9600358009338379
1565203910.4413695,81,0.9455745220184326
1565203912.9889038,82,0.946007490158081
1565203915.539021,83,0.9716235399246216
1565203918.1033857,84,0.9376328587532043
1565203920.6745853,85,0.955612301826477
1565203923.23758,86,0.9554597735404968
1565203925.7918003,87,0.9630028605461121
1565203928.3606617,88,0.9649317264556885
1565203930.9235625,89,0.9537031650543213
1565203933.492719,90,0.9553662538528442
1565203936.0546205,91,0.9603753089904785
1565203938.6149242,92,0.9810954928398132
1565203941.178674,93,0.9632489085197449
1565203943.7381954,94,0.965290904045105
1565203946.2967734,95,0.9667276740074158
1565203948.8514538,96,0.9594305753707886
1565203951.4064424,97,0.9633817672729492
1565203953.9711454,98,0.9775035381317139
1565203956.5264091,99,0.9697340726852417
1565203959.08103,100,0.9565373659133911
1565203961.6501942,101,0.9606213569641113
1565203964.203268,102,0.9748563170433044
1565203966.7566304,103,0.9779955744743347
1565203969.3051803,104,0.9536834955215454
1565203971.8710182,105,0.9685630202293396
1565203974.4298267,106,0.9597898125648499
1565203976.9963665,107,0.9753483533859253
1565203979.5543563,108,0.9760667681694031
1565203982.1164286,109,0.9791666865348816
1565203984.6817334,110,0.9480495452880859
1565203987.259139,111,0.9759339094161987
1565203989.8202488,112,0.9717563986778259
1565203992.3880348,113,0.9322448968887329
1565203994.9504626,114,0.9693552255630493
1565203997.5124035,115,0.9849137663841248
1565204000.0720084,116,0.9808494448661804
1565204002.6298208,117,0.9669737219810486
1565204005.1899025,118,0.960488498210907
1565204007.7455745,119,0.9701867699623108
1565204010.302294,120,0.9784482717514038
1565204012.8605897,121,0.96875
1565204015.423999,122,0.9870886206626892
1565204017.9908419,123,0.9621909856796265
1565204020.5496438,124,0.9655369520187378
1565204023.111483,125,0.9823994040489197
1565204025.672957,126,0.9754615426063538
1565204028.2400527,127,0.9715104103088379
1565204030.789876,128,0.9865965843200684
1565204033.3497386,129,0.9679184556007385
1565204035.9135518,130,0.976539134979248
1565204038.4668388,131,0.9691091775894165
1565204041.025322,132,0.9688828587532043
1565204043.5927956,133,0.9623041749000549
1565204046.1534915,134,0.9664816856384277
1565204048.7374003,135,0.9596569538116455
1565204051.3094413,136,0.9767851233482361
1565204053.868696,137,0.9609805345535278
1565204056.4266384,138,0.974024772644043
1565204058.9826484,139,0.9734195470809937
1565204061.5449932,140,0.982758641242981
1565204064.1011512,141,0.9776167273521423
1565204066.6634367,142,0.9729471802711487
1565204069.230492,143,0.9868426322937012
1565204071.7996778,144,0.9802442789077759
1565204074.3720808,145,0.9788074493408203
1565204076.9414036,146,0.9891109466552734
1565204079.506494,147,0.9849137663841248
1565204082.0633674,148,0.9856321811676025
1565204084.6160254,149,0.9725880026817322
1565204087.1721106,150,0.9780890941619873
1565204089.7320092,151,0.9625304937362671
1565204092.2820115,152,0.9484087228775024
1565204094.8337657,153,0.9909069538116455
1565204097.3844528,154,0.9888649582862854
1565204099.943725,155,0.9840822219848633
1565204102.501574,156,0.9862374067306519
1565204105.0661294,157,0.9639672636985779
1565204107.6257725,158,0.9815678596496582
1565204110.1904247,159,0.9863505959510803
1565204112.743938,160,0.9849137663841248
1565204115.3139906,161,0.9724748134613037
1565204117.872124,162,0.9851598143577576
1565204120.4396536,163,0.9899425506591797
1565204123.0070436,164,0.9899425506591797
1565204125.569726,165,0.9686368107795715
1565204128.1298864,166,0.9928160905838013
1565204130.6845903,167,0.985991358757019
1565204133.2388704,168,0.9826454520225525
1565204135.7963257,169,0.9844413995742798
1565204138.3658335,170,0.9885057210922241
1565204140.9222236,171,0.9810954928398132
1565204143.4785469,172,0.9846874475479126
1565204146.043705,173,0.9874281883239746
1565204148.603984,174,0.9892241358757019
1565204151.164842,175,0.9874281883239746
1565204153.724301,176,0.968277633190155
1565204156.2813737,177,0.9815875291824341
1565204158.8504434,178,0.9837230443954468
1565204161.411399,179,0.9701867699623108
1565204163.9764638,180,0.9925897717475891
1565204166.5340838,181,0.9865965843200684
1565204169.0942323,182,0.9881465435028076
1565204171.6520355,183,0.9885057210922241
1565204174.2258604,184,0.9916253089904785
1565204176.7821596,185,0.9832506775856018
1565204179.3353286,186,0.990075409412384
1565204181.8971498,187,0.9942528605461121
1565204184.4444244,188,0.9855189919471741
1565204187.0060136,189,0.9931752681732178
1565204189.5615127,190,0.9845545887947083
1565204192.1177928,191,0.9785811305046082
1565204194.696595,192,0.9901885390281677
1565204197.2748199,193,0.9845545887947083
1565204199.8524208,194,0.991020143032074
1565204202.416553,195,0.9949712753295898
1565204204.9753163,196,0.9953304529190063
1565204207.6032917,197,0.9816810488700867
1565204210.2684798,198,0.9867097735404968
1565204212.857242,199,0.9906609058380127
