Wall time,Step,Value
1565203703.0648694,0,0.6081770658493042
1565203705.612553,1,0.7285416722297668
1565203708.1424797,2,0.7290104031562805
1565203710.652329,3,0.8125520944595337
1565203713.1577625,4,0.8103646039962769
1565203715.6694055,5,0.807604193687439
1565203718.1923542,6,0.8548437356948853
1565203720.7256355,7,0.8575521111488342
1565203723.2468886,8,0.8781771063804626
1565203725.7641375,9,0.8721874952316284
1565203728.279406,10,0.8624479174613953
1565203730.789556,11,0.8844270706176758
1565203733.3014605,12,0.8733333349227905
1565203735.8267517,13,0.8858854174613953
1565203738.3452556,14,0.8759375214576721
1565203740.8622952,15,0.9032812714576721
1565203743.3854349,16,0.9058853983879089
1565203745.890049,17,0.9064062237739563
1565203748.4000285,18,0.9138020873069763
1565203750.9188786,19,0.9057812690734863
1565203753.4364192,20,0.9000520706176758
1565203755.9458919,21,0.9182291626930237
1565203758.4723783,22,0.9125520586967468
1565203760.9825578,23,0.9104687571525574
1565203763.5012727,24,0.9215624928474426
1565203766.0159478,25,0.9091145992279053
1565203768.5292416,26,0.9005728960037231
1565203771.052707,27,0.9014062285423279
1565203773.5655892,28,0.9161458611488342
1565203776.0870976,29,0.9165624976158142
1565203778.6102614,30,0.891614556312561
1565203781.1302855,31,0.9260416626930237
1565203783.6570861,32,0.9314062595367432
1565203786.1671238,33,0.9380208253860474
1565203788.686943,34,0.9310416579246521
1565203791.1955566,35,0.9301041960716248
1565203793.7168992,36,0.9014583230018616
1565203796.2312791,37,0.9316666722297668
1565203798.7654953,38,0.9363541603088379
1565203801.2939994,39,0.9176562428474426
1565203803.8154373,40,0.928906261920929
1565203806.3354688,41,0.94119793176651
1565203808.8692398,42,0.9410416483879089
1565203811.4003189,43,0.9292187690734863
1565203813.9194179,44,0.9403645992279053
1565203816.4443223,45,0.8968229293823242
1565203818.9626722,46,0.9327083230018616
1565203821.4774182,47,0.93359375
1565203823.991226,48,0.9264583587646484
1565203826.527962,49,0.9454687237739563
1565203829.063674,50,0.9322395920753479
1565203831.5894756,51,0.9413541555404663
1565203834.1002789,52,0.9419270753860474
1565203836.6201413,53,0.9362499713897705
1565203839.1366794,54,0.9440624713897705
1565203841.6571295,55,0.9444270730018616
1565203844.173435,56,0.9488541483879089
1565203846.7100344,57,0.9364583492279053
1565203849.2285647,58,0.95333331823349
1565203851.7577286,59,0.9526041746139526
1565203854.2755902,60,0.9476562738418579
1565203856.7973678,61,0.9510416388511658
1565203859.3146875,62,0.9341145753860474
1565203861.8269844,63,0.9549478888511658
1565203864.3419108,64,0.9300000071525574
1565203866.8695552,65,0.9410416483879089
1565203869.3927562,66,0.9591146111488342
1565203871.9153771,67,0.9114583134651184
1565203874.4388576,68,0.9484896063804626
1565203876.963999,69,0.9186458587646484
1565203879.4870484,70,0.9533854126930237
1565203882.01277,71,0.9430208206176758
1565203884.5314493,72,0.9480729103088379
1565203887.0588384,73,0.9606770873069763
1565203889.58583,74,0.9489583373069763
1565203892.1057913,75,0.9446874856948853
1565203894.6258986,76,0.9584895968437195
1565203897.137155,77,0.949999988079071
1565203899.661101,78,0.9584895968437195
1565203902.1820455,79,0.9415624737739563
1565203904.7082186,80,0.949999988079071
1565203907.2254696,81,0.9502604007720947
1565203909.7355163,82,0.9398958086967468
1565203912.265469,83,0.9465625286102295
1565203914.7884715,84,0.9658854007720947
1565203917.321671,85,0.9559895992279053
1565203919.8495996,86,0.9449478983879089
1565203922.3654866,87,0.9310416579246521
1565203924.8797102,88,0.9502604007720947
1565203927.412276,89,0.9463541507720947
1565203929.9370992,90,0.9632812738418579
1565203932.4585736,91,0.9559895992279053
1565203934.9864404,92,0.9584895968437195
1565203937.5002217,93,0.9591146111488342
1565203940.0108635,94,0.9678645730018616
1565203942.5225396,95,0.9643229246139526
1565203945.0493796,96,0.9524999856948853
1565203947.5661476,97,0.9591146111488342
1565203950.0855374,98,0.9608333110809326
1565203952.612809,99,0.9691666960716248
1565203955.1357007,100,0.93359375
1565203957.65252,101,0.9645833373069763
1565203960.1690369,102,0.9633333086967468
1565203962.6870823,103,0.9613541960716248
1565203965.219433,104,0.9645312428474426
1565203967.7368822,105,0.9694271087646484
1565203970.2669718,106,0.9565104246139526
1565203972.7901318,107,0.9629166722297668
1565203975.3330762,108,0.9647395610809326
1565203977.8607287,109,0.9660416841506958
1565203980.3855536,110,0.9703124761581421
1565203982.9104984,111,0.9478124976158142
1565203985.4291894,112,0.9534375071525574
1565203987.9463913,113,0.9692708253860474
1565203990.4765625,114,0.9712499976158142
1565203992.9927647,115,0.9506770968437195
1565203995.5090642,116,0.9705728888511658
1565203998.025768,117,0.9590104222297668
1565204000.5470793,118,0.9716145992279053
1565204003.0643435,119,0.9700520634651184
1565204005.5926785,120,0.9385416507720947
1565204008.105452,121,0.9721354246139526
1565204010.6357946,122,0.9710937738418579
1565204013.1607974,123,0.9720312356948853
1565204015.6702166,124,0.9681249856948853
1565204018.187428,125,0.9332291483879089
1565204020.7098098,126,0.9603124856948853
1565204023.2286367,127,0.9651041626930237
1565204025.756459,128,0.9663020968437195
1565204028.2800684,129,0.964062511920929
1565204030.8074427,130,0.9750000238418579
1565204033.3266938,131,0.9584895968437195
1565204035.8647308,132,0.9731770753860474
1565204038.3872223,133,0.9772396087646484
1565204040.9076784,134,0.9726041555404663
1565204043.4419775,135,0.9664062261581421
1565204045.9631984,136,0.9781249761581421
1565204048.4824786,137,0.9768229126930237
1565204050.9908235,138,0.9738541841506958
1565204053.5075305,139,0.967760443687439
1565204056.0240982,140,0.9664062261581421
1565204058.557562,141,0.9807291626930237
1565204061.0825555,142,0.9807291626930237
1565204063.599368,143,0.9781770706176758
1565204066.1254432,144,0.9786458611488342
1565204068.6506078,145,0.9731770753860474
1565204071.1702101,146,0.9739583134651184
1565204073.6895084,147,0.9614583253860474
1565204076.215802,148,0.9598958492279053
1565204078.7303443,149,0.981249988079071
1565204081.2593076,150,0.9783853888511658
1565204083.7817008,151,0.9799479246139526
1565204086.3084934,152,0.9583854079246521
1565204088.8227615,153,0.973437488079071
1565204091.3491735,154,0.9631770849227905
1565204093.8713675,155,0.9768229126930237
1565204096.3979487,156,0.9798437356948853
1565204098.9155927,157,0.9403645992279053
1565204101.4368985,158,0.9833333492279053
1565204103.9494162,159,0.9830729365348816
1565204106.4658306,160,0.9514583349227905
1565204108.9904108,161,0.9786458611488342
1565204111.5091329,162,0.9651041626930237
1565204114.0359385,163,0.9799479246139526
1565204116.5493248,164,0.9828125238418579
1565204119.0733583,165,0.9765625
1565204121.592579,166,0.9828125238418579
1565204124.1004753,167,0.9468749761581421
1565204126.6323001,168,0.9636979103088379
1565204129.1427987,169,0.9807291626930237
1565204131.6606364,170,0.9789062738418579
1565204134.1859348,171,0.9799479246139526
1565204136.7012467,172,0.960156261920929
1565204139.2187922,173,0.9776041507720947
1565204141.729835,174,0.9848958253860474
1565204144.2558177,175,0.9803645610809326
1565204146.7859695,176,0.9785416722297668
1565204149.296204,177,0.981249988079071
1565204151.8191786,178,0.9815104007720947
1565204154.3392892,179,0.9716145992279053
1565204156.8694208,180,0.9867187738418579
1565204159.3906698,181,0.987500011920929
1565204161.9131405,182,0.9817708134651184
1565204164.4477077,183,0.9793229103088379
1565204166.985877,184,0.9717708230018616
1565204169.5342953,185,0.9799479246139526
1565204172.0474803,186,0.9815104007720947
1565204174.5627344,187,0.9802083373069763
1565204177.0902715,188,0.9828125238418579
1565204179.6159668,189,0.983593761920929
1565204182.136833,190,0.9854166507720947
1565204184.669384,191,0.9661458134651184
1565204187.1926305,192,0.977343738079071
1565204189.717398,193,0.9760937690734863
1565204192.235826,194,0.9825521111488342
1565204194.7569954,195,0.9825521111488342
1565204197.28749,196,0.9856770634651184
1565204199.809743,197,0.9815104007720947
1565204202.3230803,198,0.9778645634651184
1565204204.8362703,199,0.9820312261581421
