Wall time,Step,Value
1565203703.1668134,0,0.6457825303077698
1565203705.7066329,1,0.7664633989334106
1565203708.2294018,2,0.7769817113876343
1565203710.8012896,3,0.836229681968689
1565203713.4120746,4,0.84375
1565203715.9500775,5,0.8473069071769714
1565203718.4744256,6,0.8728150129318237
1565203721.0008712,7,0.8911585211753845
1565203723.5236638,8,0.8755589723587036
1565203726.0505645,9,0.9025406241416931
1565203728.5736923,10,0.9039126038551331
1565203731.0952585,11,0.9041666388511658
1565203733.6217403,12,0.9018800854682922
1565203736.149833,13,0.9229166507720947
1565203738.6767719,14,0.9218496084213257
1565203741.200713,15,0.9219512343406677
1565203743.763441,16,0.9299288392066956
1565203746.3123596,17,0.9272865653038025
1565203748.8451538,18,0.922662615776062
1565203751.449388,19,0.9121443033218384
1565203753.9833996,20,0.9340955018997192
1565203756.5058525,21,0.913770318031311
1565203759.031312,22,0.9265244007110596
1565203761.5555286,23,0.9419207572937012
1565203764.0792434,24,0.9409552812576294
1565203766.6002967,25,0.9438008069992065
1565203769.1226153,26,0.9463414549827576
1565203771.6445487,27,0.9549288749694824
1565203774.1667438,28,0.9459349513053894
1565203776.6884346,29,0.9544715285301208
1565203779.209896,30,0.9319613575935364
1565203781.730222,31,0.9384654760360718
1565203784.2501266,32,0.9536077380180359
1565203786.7695937,33,0.9580284357070923
1565203789.2957792,34,0.95243901014328
1565203791.8224323,35,0.9469512104988098
1565203794.3424664,36,0.9542174935340881
1565203796.8659368,37,0.9567581415176392
1565203799.388279,38,0.9608739614486694
1565203801.908563,39,0.9577235579490662
1565203804.462286,40,0.9456300735473633
1565203807.0629194,41,0.9453251957893372
1565203809.6652222,42,0.9572662711143494
1565203812.2555015,43,0.9493394494056702
1565203814.7821927,44,0.9582825303077698
1565203817.3092575,45,0.9585874080657959
1565203819.8357322,46,0.9565548896789551
1565203822.3605044,47,0.9568089246749878
1565203824.884238,48,0.9603658318519592
1565203827.412019,49,0.9669715166091919
1565203829.9394221,50,0.9674288630485535
1565203832.4666066,51,0.9388719797134399
1565203834.9929984,52,0.9669207334518433
1565203837.5224946,53,0.9590955376625061
1565203840.0502238,54,0.9735264182090759
1565203842.5803702,55,0.956453263759613
1565203845.1068263,56,0.9575711488723755
1565203847.6409826,57,0.9681910276412964
1565203850.167823,58,0.9633638262748718
1565203852.707466,59,0.9732723832130432
1565203855.2476525,60,0.9501524567604065
1565203857.7735147,61,0.970223605632782
1565203860.298186,62,0.9640752077102661
1565203862.8211234,63,0.964634120464325
1565203865.3845186,64,0.9770833253860474
1565203867.927643,65,0.9634146094322205
1565203870.4691646,66,0.9796748161315918
1565203873.0099192,67,0.9714431166648865
1565203875.551162,68,0.9720528721809387
1565203878.093483,69,0.9580792784690857
1565203880.6283941,70,0.9684959053993225
1565203883.1615906,71,0.9694105982780457
1565203885.6869402,72,0.9724593758583069
1565203888.2159524,73,0.9725610017776489
1565203890.741999,74,0.9638211131095886
1565203893.272395,75,0.9784044623374939
1565203895.7993505,76,0.977642297744751
1565203898.3275423,77,0.9778963327407837
1565203900.8560798,78,0.9578251838684082
1565203903.3813787,79,0.964634120464325
1565203905.9062438,80,0.9750508069992065
1565203908.4347339,81,0.9758130311965942
1565203910.964332,82,0.9539633989334106
1565203913.4886038,83,0.9760162830352783
1565203916.0205631,84,0.9793699383735657
1565203918.548318,85,0.9567581415176392
1565203921.0939553,86,0.9775406718254089
1565203923.6203814,87,0.9778455495834351
1565203926.1431468,88,0.983485758304596
1565203928.6678915,89,0.9789125919342041
1565203931.2446437,90,0.9791666865348816
1565203933.7729843,91,0.973831295967102
1565203936.2993262,92,0.9816564917564392
1565203938.8258436,93,0.9793699383735657
1565203941.3499925,94,0.9745935201644897
1565203943.8755345,95,0.9829776287078857
1565203946.4018247,96,0.9829776287078857
1565203948.935372,97,0.963871955871582
1565203951.4642267,98,0.9788618087768555
1565203953.9919705,99,0.982723593711853
1565203956.521916,100,0.9791158437728882
1565203959.046897,101,0.9541666507720947
1565203961.5707026,102,0.9649389982223511
1565203964.094275,103,0.9791666865348816
1565203966.6386404,104,0.9855182766914368
1565203969.1624134,105,0.9676828980445862
1565203971.6855304,106,0.9862805008888245
1565203974.2115035,107,0.9806910753250122
1565203976.7429547,108,0.9823170900344849
1565203979.2720768,109,0.9806910753250122
1565203981.8010566,110,0.9829776287078857
1565203984.328983,111,0.9832317233085632
1565203986.856779,112,0.985264241695404
1565203989.383979,113,0.98368901014328
1565203991.924637,114,0.9773882031440735
1565203994.4553401,115,0.9811992049217224
1565203997.0220208,116,0.9865345358848572
1565203999.5488033,117,0.978607714176178
1565204002.076207,118,0.9870426654815674
1565204004.603493,119,0.9870426654815674
1565204007.1349685,120,0.966209352016449
1565204009.6655273,121,0.9628048539161682
1565204012.1950686,122,0.9798780679702759
1565204014.7301435,123,0.9875507950782776
1565204017.2622316,124,0.9928861856460571
1565204019.7938035,125,0.9883130192756653
1565204022.3201942,126,0.957215428352356
1565204024.8459442,127,0.9798272252082825
1565204027.3768852,128,0.9895833134651184
1565204029.9047654,129,0.9893292784690857
1565204032.437938,130,0.9872459173202515
1565204034.9684439,131,0.9903455376625061
1565204037.4967625,132,0.985264241695404
1565204040.021895,133,0.985264241695404
1565204042.598743,134,0.9756097793579102
1565204045.2053387,135,0.9743394255638123
1565204047.809835,136,0.991107702255249
1565204050.4162881,137,0.9770833253860474
1565204053.0178716,138,0.9740853905677795
1565204055.6219635,139,0.9862805008888245
1565204058.2251391,140,0.9867886304855347
1565204060.8302817,141,0.9855182766914368
1565204063.4175496,142,0.9895833134651184
1565204065.959133,143,0.9887703061103821
1565204068.5112503,144,0.985264241695404
1565204071.047363,145,0.9887703061103821
1565204073.5903838,146,0.9920731782913208
1565204076.1157353,147,0.9778455495834351
1565204078.6412313,148,0.9761179089546204
1565204081.1669424,149,0.9902439117431641
1565204083.705003,150,0.9883130192756653
1565204086.2328095,151,0.9888211488723755
1565204088.760854,152,0.9898374080657959
1565204091.2907717,153,0.9798272252082825
1565204093.8146713,154,0.9895833134651184
1565204096.337913,155,0.9869918823242188
1565204098.8618927,156,0.9794207215309143
1565204101.3865273,157,0.9880589246749878
1565204103.9286592,158,0.985264241695404
1565204106.4685683,159,0.9885162711143494
1565204109.011933,160,0.9801321029663086
1565204111.5700395,161,0.9796748161315918
1565204114.0990026,162,0.9908536672592163
1565204116.623014,163,0.9900914430618286
1565204119.1534839,164,0.9905995726585388
1565204121.6929529,165,0.9944105744361877
1565204124.2170875,166,0.9939024448394775
1565204126.7438905,167,0.9862805008888245
1565204129.2689848,168,0.951473593711853
1565204131.7921772,169,0.9913617968559265
1565204134.3165467,170,0.9918699264526367
1565204136.8394234,171,0.9923780560493469
1565204139.3651233,172,0.991107702255249
1565204141.9000812,173,0.9910569190979004
1565204144.4257774,174,0.9921239614486694
1565204146.951017,175,0.9895833134651184
1565204149.478345,176,0.9784044623374939
1565204152.0044096,177,0.9862805008888245
1565204154.5320628,178,0.9936483502388
1565204157.0579624,179,0.9893292784690857
1565204159.589915,180,0.9755589365959167
1565204162.1170135,181,0.9918190836906433
1565204164.6488383,182,0.9862805008888245
1565204167.1785834,183,0.9933434724807739
1565204169.706176,184,0.9923780560493469
1565204172.2431104,185,0.9880589246749878
1565204174.769502,186,0.9806910753250122
1565204177.2952454,187,0.9943597316741943
1565204179.8932388,188,0.9900914430618286
1565204182.4775324,189,0.9946646094322205
1565204185.062091,190,0.9905995726585388
1565204187.5881042,191,0.9882621765136719
1565204190.1143715,192,0.9817073345184326
1565204192.6766837,193,0.9898374080657959
1565204195.2006443,194,0.9933943152427673
1565204197.7264028,195,0.9939024448394775
1565204200.2627873,196,0.9916158318519592
1565204202.7909338,197,0.9941564798355103
1565204205.3659482,198,0.9878048896789551
1565204207.8917713,199,0.9928861856460571
