Wall time,Step,Value
1565203703.2833536,0,0.6311983466148376
1565203705.9511864,1,0.7370007038116455
1565203708.6035757,2,0.7415633797645569
1565203711.2475579,3,0.8003902435302734
1565203713.9065354,4,0.7834022045135498
1565203716.5717344,5,0.806387722492218
1565203719.227702,6,0.8231175541877747
1565203721.8789413,7,0.8139348030090332
1565203724.5228841,8,0.8129304647445679
1565203727.1716404,9,0.8303202390670776
1565203729.8179708,10,0.8286558985710144
1565203732.4648654,11,0.8148530721664429
1565203735.1141362,12,0.829373300075531
1565203737.7574165,13,0.8447830677032471
1565203740.4005435,14,0.8360881805419922
1565203743.0485566,15,0.8496040105819702
1565203745.7101786,16,0.8383838534355164
1565203748.3736854,17,0.8448691368103027
1565203751.0363874,18,0.8281393647193909
1565203753.6886287,19,0.8472796082496643
1565203756.3346658,20,0.8542814254760742
1565203758.9809592,21,0.8567780256271362
1565203761.6271217,22,0.8599345684051514
1565203764.2805898,23,0.8628902435302734
1565203766.933821,24,0.8630624413490295
1565203769.6117067,25,0.8510962128639221
1565203772.2745051,26,0.8675103187561035
1565203774.9372,27,0.8628329038619995
1565203777.5978703,28,0.8769513368606567
1565203780.242883,29,0.8735365271568298
1565203782.888294,30,0.8711547255516052
1565203785.5339031,31,0.8684859871864319
1565203788.1776502,32,0.8754878044128418
1565203790.8210626,33,0.8851584196090698
1565203793.464356,34,0.8788739442825317
1565203796.1089718,35,0.8604511022567749
1565203798.754356,36,0.8725895285606384
1565203801.3974712,37,0.8966081142425537
1565203804.0433104,38,0.8750860691070557
1565203806.6926944,39,0.880480945110321
1565203809.3423133,40,0.8798496127128601
1565203811.9940608,41,0.8723312616348267
1565203814.6450906,42,0.8770087361335754
1565203817.300351,43,0.884928822517395
1565203819.950579,44,0.870351254940033
1565203822.603812,45,0.8791609406471252
1565203825.2565665,46,0.8841540217399597
1565203827.9068315,47,0.8864210247993469
1565203830.5581377,48,0.8735077977180481
1565203833.2048945,49,0.8920454382896423
1565203835.8584023,50,0.8738808631896973
1565203838.5090544,51,0.8889749646186829
1565203841.1589916,52,0.8764061331748962
1565203843.807453,53,0.8959481120109558
1565203846.4590144,54,0.882403552532196
1565203849.1083527,55,0.8912419676780701
1565203851.7575414,56,0.8883723616600037
1565203854.407225,57,0.8775826692581177
1565203857.054182,58,0.8881140947341919
1565203859.707604,59,0.8559170961380005
1565203862.3583283,60,0.8974977135658264
1565203865.0489285,61,0.8928202390670776
1565203867.7146013,62,0.8865070939064026
1565203870.3681471,63,0.8942837715148926
1565203873.0182693,64,0.8974977135658264
1565203875.6666725,65,0.8943411111831665
1565203878.3180387,66,0.9057621955871582
1565203880.9695654,67,0.889979362487793
1565203883.6245382,68,0.9009986519813538
1565203886.2733128,69,0.888286292552948
1565203888.9196138,70,0.8955176472663879
1565203891.5704272,71,0.8751434683799744
1565203894.2206292,72,0.9053604006767273
1565203896.8740394,73,0.8890036940574646
1565203899.5284605,74,0.8760904669761658
1565203902.1825306,75,0.9005681872367859
1565203904.8327336,76,0.9019455909729004
1565203907.4855654,77,0.9057047963142395
1565203910.1334739,78,0.9141700863838196
1565203912.781116,79,0.8968377113342285
1565203915.4297602,80,0.888515830039978
1565203918.081676,81,0.906278669834137
1565203920.730051,82,0.9123048782348633
1565203923.3817925,83,0.9092056751251221
1565203926.0436683,84,0.8403925895690918
1565203928.7152538,85,0.8896349668502808
1565203931.4663334,86,0.9220328330993652
1565203934.146247,87,0.900969922542572
1565203936.849428,88,0.9031795263290405
1565203939.5945542,89,0.9040691256523132
1565203942.3157792,90,0.912563145160675
1565203945.062777,91,0.9060491323471069
1565203947.7968888,92,0.8933367729187012
1565203950.5245981,93,0.907943069934845
1565203953.2779834,94,0.9189049601554871
1565203956.0348742,95,0.899104654788971
1565203958.7925603,96,0.921458899974823
1565203961.5279925,97,0.8977559804916382
1565203964.2618456,98,0.9024907946586609
1565203966.9936888,99,0.919564962387085
1565203969.7253711,100,0.9060204029083252
1565203972.455872,101,0.8996785879135132
1565203975.1837132,102,0.9164084196090698
1565203977.9194696,103,0.900969922542572
1565203980.65088,104,0.917039692401886
1565203983.3990788,105,0.9208275675773621
1565203986.150843,106,0.9133666157722473
1565203988.8898423,107,0.9205119609832764
1565203991.6178272,108,0.9267676472663879
1565203994.3701572,109,0.9176710247993469
1565203997.1033118,110,0.9083735346794128
1565203999.8365483,111,0.8943124413490295
1565204002.5653944,112,0.9051021337509155
1565204005.3125947,113,0.9283459782600403
1565204008.0072749,114,0.9293503165245056
1565204010.6602962,115,0.9057334661483765
1565204013.328712,116,0.9202249646186829
1565204015.9787736,117,0.9324495196342468
1565204018.632481,118,0.9189623594284058
1565204021.2835717,119,0.9139405488967896
1565204023.937836,120,0.9144570827484131
1565204026.5980868,121,0.8952307105064392
1565204029.2490041,122,0.9135674834251404
1565204031.9034598,123,0.8999942541122437
1565204034.55593,124,0.8994490504264832
1565204037.206269,125,0.9135674834251404
1565204039.8582234,126,0.9243859052658081
1565204042.5101573,127,0.9293216466903687
1565204045.170844,128,0.9279729127883911
1565204047.8243294,129,0.9290346503257751
1565204050.4780142,130,0.9264807105064392
1565204053.128921,131,0.941947877407074
1565204055.7869823,132,0.9249311089515686
1565204058.4382553,133,0.8918445706367493
1565204061.0947118,134,0.9224058985710144
1565204063.74726,135,0.9318468570709229
1565204066.397017,136,0.9207702279090881
1565204069.050081,137,0.9299242496490479
1565204071.7015254,138,0.9265955090522766
1565204074.3525562,139,0.9035812616348267
1565204077.0069056,140,0.9275137782096863
1565204079.6596434,141,0.9002812504768372
1565204082.3080428,142,0.90986567735672
1565204084.9610353,143,0.9351181983947754
1565204087.6094074,144,0.9410009384155273
1565204090.286911,145,0.941919207572937
1565204092.9531915,146,0.9397956728935242
1565204095.6161518,147,0.9085456728935242
1565204098.279144,148,0.9145718812942505
1565204100.9515567,149,0.9400539398193359
1565204103.6157944,150,0.9362373948097229
1565204106.2796955,151,0.9406852722167969
1565204108.9492528,152,0.9141988158226013
1565204111.60693,153,0.9357208609580994
1565204114.264388,154,0.9473427534103394
1565204116.929489,155,0.9249598383903503
1565204119.5897653,156,0.9315885901451111
1565204122.2366252,157,0.9214876294136047
1565204124.8849237,158,0.9416896104812622
1565204127.5460331,159,0.9432966113090515
1565204130.2020843,160,0.9340851902961731
1565204132.8556209,161,0.9234963059425354
1565204135.5039053,162,0.9271981120109558
1565204138.156326,163,0.925906777381897
1565204140.8037193,164,0.9375573992729187
1565204143.531703,165,0.9363521337509155
1565204146.2624245,166,0.9432105422019958
1565204148.9928203,167,0.9379017353057861
1565204151.7257764,168,0.9388487339019775
1565204154.4249964,169,0.9434974789619446
1565204157.0758865,170,0.9281451106071472
1565204159.7261164,171,0.9407426714897156
1565204162.3780115,172,0.9410296082496643
1565204165.0284004,173,0.9372704029083252
1565204167.6828947,174,0.9233241677284241
1565204170.3883939,175,0.9457931518554688
1565204173.0744293,176,0.9403982758522034
1565204175.7342606,177,0.9312155842781067
1565204178.3871193,178,0.9400539398193359
1565204181.0383828,179,0.9441861510276794
1565204183.6870308,180,0.9406565427780151
1565204186.3383226,181,0.9435261487960815
1565204188.9885156,182,0.9428948760032654
1565204191.6389942,183,0.9306129217147827
1565204194.2895749,184,0.9391356706619263
1565204196.940134,185,0.9491792917251587
1565204199.5911987,186,0.9287477135658264
1565204202.2435613,187,0.9304120540618896
1565204204.9175386,188,0.9416322112083435
1565204207.5704763,189,0.9469984173774719
1565204210.2211044,190,0.9365817308425903
1565204212.8717196,191,0.9312442541122437
1565204215.5233097,192,0.9511306285858154
1565204218.1762445,193,0.9451618194580078
1565204220.8275478,194,0.9195936918258667
1565204223.4783096,195,0.9491792917251587
1565204226.1282399,196,0.9359503984451294
1565204228.8448412,197,0.9182736277580261
1565204231.5362294,198,0.9221189022064209
1565204234.1863286,199,0.9442435503005981
