Wall time,Step,Value
1565203703.0765085,0,0.6284098029136658
1565203705.553976,1,0.7130939364433289
1565203708.0233138,2,0.7294449210166931
1565203710.4975412,3,0.7635482549667358
1565203712.966581,4,0.7613525986671448
1565203715.437104,5,0.79084712266922
1565203717.9112847,6,0.8144679665565491
1565203720.4406557,7,0.8034391403198242
1565203722.9687755,8,0.8198761343955994
1565203725.460484,9,0.8125657439231873
1565203727.9148622,10,0.8203011155128479
1565203730.3683655,11,0.8270195722579956
1565203732.8215964,12,0.8367583155632019
1565203735.2812426,13,0.831942081451416
1565203737.735158,14,0.8528158664703369
1565203740.19022,15,0.8635310530662537
1565203742.6695642,16,0.8590081930160522
1565203745.140235,17,0.8683675527572632
1565203747.6120229,18,0.8704164624214172
1565203750.083124,19,0.8747065663337708
1565203752.549668,20,0.8833272457122803
1565203755.0201046,21,0.8931519985198975
1565203757.4844127,22,0.8789966702461243
1565203759.938553,23,0.8937641382217407
1565203762.3942044,24,0.8999767303466797
1565203764.865871,25,0.9062297344207764
1565203767.3228784,26,0.9063360095024109
1565203769.776286,27,0.8809393644332886
1565203772.2300649,28,0.9014337658882141
1565203774.6803043,29,0.9085772037506104
1565203777.134037,30,0.9026175737380981
1565203779.5888338,31,0.9021521210670471
1565203782.0437863,32,0.8936174511909485
1565203784.4967854,33,0.9189078211784363
1565203786.955385,34,0.911364734172821
1565203789.4087625,35,0.9247612357139587
1565203791.8630948,36,0.9211692810058594
1565203794.3151414,37,0.9235773682594299
1565203796.768919,38,0.9307410717010498
1565203799.221886,39,0.9234104156494141
1565203801.6786926,40,0.9208100438117981
1565203804.1301486,41,0.9223732948303223
1565203806.583643,42,0.9203446507453918
1565203809.0391407,43,0.9377326965332031
1565203811.4985397,44,0.9298304319381714
1565203813.9573894,45,0.9311205148696899
1565203816.417696,46,0.9199652075767517
1565203818.8754582,47,0.939235270023346
1565203821.3335354,48,0.9368878602981567
1565203823.7943304,49,0.9229652285575867
1565203826.2530253,50,0.9339940547943115
1565203828.71136,51,0.9262840151786804
1565203831.1685033,52,0.9043073058128357
1565203833.6252944,53,0.9495659470558167
1565203836.0867891,54,0.9101404547691345
1565203838.5445395,55,0.9544681906700134
1565203841.0033681,56,0.9436720609664917
1565203843.459203,57,0.9428879022598267
1565203845.916642,58,0.9335083961486816
1565203848.3743148,59,0.946226954460144
1565203850.830126,60,0.9481291770935059
1565203853.2869935,61,0.9491004943847656
1565203855.748051,62,0.9348591566085815
1565203858.2071142,63,0.9330429434776306
1565203860.6657302,64,0.9445372223854065
1565203863.1400125,65,0.9422352910041809
1565203865.639026,66,0.9406923055648804
1565203868.1070118,67,0.9511089324951172
1565203870.564497,68,0.9476637244224548
1565203873.0566492,69,0.9497986435890198
1565203875.5153546,70,0.9533703923225403
1565203877.9730725,71,0.9548476338386536
1565203880.4329026,72,0.9495659470558167
1565203882.890801,73,0.9421290755271912
1565203885.3476882,74,0.9523130059242249
1565203887.8068385,75,0.9608274698257446
1565203890.2655208,76,0.9506435394287109
1565203892.7347615,77,0.9379249811172485
1565203895.2020485,78,0.9605947732925415
1565203897.6596355,79,0.9312469363212585
1565203900.1167028,80,0.9331086874008179
1565203902.5681427,81,0.9556924700737
1565203905.0254717,82,0.949226975440979
1565203907.4868393,83,0.9622642397880554
1565203909.9576936,84,0.9517211318016052
1565203912.4138277,85,0.9617987871170044
1565203914.8708825,86,0.9463331699371338
1565203917.3288784,87,0.94969242811203
1565203919.7866156,88,0.9466923475265503
1565203922.2730393,89,0.9599825739860535
1565203924.7476819,90,0.9654565453529358
1565203927.2211647,91,0.9638072848320007
1565203929.6960633,92,0.9662153720855713
1565203932.1629426,93,0.9489740133285522
1565203934.620067,94,0.9664481282234192
1565203937.082656,95,0.9662153720855713
1565203939.5398765,96,0.9625172019004822
1565203941.997129,97,0.9671867489814758
1565203944.4554522,98,0.9557987451553345
1565203946.9129548,99,0.9689624905586243
1565203949.3765216,100,0.9758074283599854
1565203951.8342917,101,0.97339928150177
1565203954.2913477,102,0.9700602889060974
1565203956.7502406,103,0.9714768528938293
1565203959.2071242,104,0.9766320586204529
1565203961.666547,105,0.9748361110687256
1565203964.1244001,106,0.9624767303466797
1565203966.5905068,107,0.9620112776756287
1565203969.0466683,108,0.9732930660247803
1565203971.503646,109,0.9634480476379395
1565203973.9654808,110,0.9582726359367371
1565203976.428849,111,0.969933807849884
1565203978.8869374,112,0.9738849997520447
1565203981.351861,113,0.978195309638977
1565203983.8214166,114,0.9670602679252625
1565203986.2965438,115,0.9636808037757874
1565203988.7747536,116,0.9677786827087402
1565203991.250393,117,0.9725746512413025
1565203993.7100577,118,0.9646319150924683
1565203996.1698673,119,0.9790402054786682
1565203998.6272593,120,0.9732930660247803
1565204001.0931785,121,0.9742441773414612
1565204003.549139,122,0.9673132300376892
1565204006.0059872,123,0.9777096509933472
1565204008.4625218,124,0.9533045887947083
1565204010.9184222,125,0.9811953902244568
1565204013.3766582,126,0.9750688076019287
1565204015.8345773,127,0.9728074073791504
1565204018.3021975,128,0.9762930870056152
1565204020.760037,129,0.983476996421814
1565204023.2183068,130,0.9832240343093872
1565204025.6773734,131,0.9714768528938293
1565204028.1359723,132,0.9786809682846069
1565204030.594819,133,0.9779626131057739
1565204033.0595403,134,0.9717298150062561
1565204035.5150006,135,0.9677382111549377
1565204037.972217,136,0.9846608638763428
1565204040.4313223,137,0.9823791980743408
1565204042.9163163,138,0.9731665849685669
1565204045.4497018,139,0.9788074493408203
1565204047.999779,140,0.9783217906951904
1565204050.531477,141,0.9666808247566223
1565204053.066417,142,0.9772239923477173
1565204055.6096883,143,0.988738477230072
1565204058.1422555,144,0.9830975532531738
1565204060.6754215,145,0.9847873449325562
1565204063.208743,146,0.9865832924842834
1565204065.7110846,147,0.9833505153656006
1565204068.168914,148,0.9785544872283936
1565204070.6309364,149,0.9811953902244568
1565204073.0884116,150,0.9803504943847656
1565204075.5453067,151,0.9773504734039307
1565204078.0068748,152,0.9806894659996033
1565204080.4635482,153,0.9888649582862854
1565204082.9278593,154,0.9841954112052917
1565204085.385423,155,0.9795055985450745
1565204087.843505,156,0.976146399974823
1565204090.3033178,157,0.9840689301490784
1565204092.7652013,158,0.9729136228561401
1565204095.2320933,159,0.9870689511299133
1565204097.7014368,160,0.9899425506591797
1565204100.1623774,161,0.9840486645698547
1565204102.6255856,162,0.9792526960372925
1565204105.1005745,163,0.9888649582862854
1565204107.574003,164,0.9822729229927063
1565204110.0483596,165,0.989456832408905
1565204112.523618,166,0.9583131074905396
1565204114.998821,167,0.9873017072677612
1565204117.4741526,168,0.9899425506591797
1565204119.9481428,169,0.9808361530303955
1565204122.4231617,170,0.9864568114280701
1565204124.898764,171,0.9865832924842834
1565204127.3741024,172,0.9823994040489197
1565204129.8481574,173,0.9881465435028076
1565204132.3215022,174,0.9797383546829224
1565204134.7954588,175,0.9908936619758606
1565204137.2670472,176,0.9898160696029663
1565204139.7271972,177,0.9690889716148376
1565204142.1857128,178,0.9904079437255859
1565204144.6523106,179,0.985991358757019
1565204147.1109738,180,0.9831178188323975
1565204149.5749319,181,0.9888649582862854
1565204152.0353367,182,0.9905344247817993
1565204154.4931252,183,0.9856321811676025
1565204156.94919,184,0.9901752471923828
1565204159.410178,185,0.989456832408905
1565204161.8700347,186,0.983942449092865
1565204164.3283606,187,0.9798648357391357
1565204166.7888658,188,0.9890976548194885
1565204169.2499995,189,0.9912528395652771
1565204171.708576,190,0.9860976338386536
1565204174.1679864,191,0.9881465435028076
1565204176.6283984,192,0.989456832408905
1565204179.1106324,193,0.9777096509933472
1565204181.6497996,194,0.9799913167953491
1565204184.1812687,195,0.9911263585090637
1565204186.7140653,196,0.9808361530303955
1565204189.2418656,197,0.9832240343093872
1565204191.7728193,198,0.989456832408905
1565204194.30361,199,0.990873396396637
