Wall time,Step,Value
1565203702.969545,0,0.6723484992980957
1565203705.3055687,1,0.7629734873771667
1565203707.6404188,2,0.8112689256668091
1565203709.9817512,3,0.7988636493682861
1565203712.3325338,4,0.8289772868156433
1565203714.6698263,5,0.8011363744735718
1565203717.0043163,6,0.835037887096405
1565203719.3293574,7,0.848768949508667
1565203721.6550252,8,0.8614583611488342
1565203723.979314,9,0.875
1565203726.304485,10,0.8771780133247375
1565203728.6308906,11,0.8930871486663818
1565203730.9558904,12,0.9036931991577148
1565203733.281571,13,0.8758522868156433
1565203735.608836,14,0.8911932110786438
1565203737.936993,15,0.9016098380088806
1565203740.2615526,16,0.8930871486663818
1565203742.600758,17,0.893750011920929
1565203744.9292,18,0.909375011920929
1565203747.2552655,19,0.9166666865348816
1565203749.580095,20,0.9267045259475708
1565203751.9041805,21,0.930018961429596
1565203754.2300997,22,0.8863636255264282
1565203756.5539467,23,0.913162887096405
1565203758.8776224,24,0.9306818246841431
1565203761.2018995,25,0.9178977012634277
1565203763.5266018,26,0.9060605764389038
1565203765.8514304,27,0.9292613863945007
1565203768.177293,28,0.9328598380088806
1565203770.501642,29,0.9314393997192383
1565203772.8274517,30,0.9321022629737854
1565203775.1543927,31,0.9297348260879517
1565203777.480717,32,0.9392045736312866
1565203779.8050153,33,0.9429924488067627
1565203782.1306555,34,0.9507575631141663
1565203784.4565575,35,0.9279356002807617
1565203786.78094,36,0.8970643877983093
1565203789.1061478,37,0.9526515007019043
1565203791.4307292,38,0.9399621486663818
1565203793.7563105,39,0.9513257741928101
1565203796.0848951,40,0.9448863863945007
1565203798.4156976,41,0.9573863744735718
1565203800.7472339,42,0.9482007622718811
1565203803.0800512,43,0.9429924488067627
1565203805.410787,44,0.9455492496490479
1565203807.7407842,45,0.9529355764389038
1565203810.069652,46,0.9508522748947144
1565203812.406609,47,0.9322916865348816
1565203814.7473612,48,0.9394886493682861
1565203817.077551,49,0.9483901262283325
1565203819.407497,50,0.9725378751754761
1565203821.7391636,51,0.9409090876579285
1565203824.067782,52,0.9663825631141663
1565203826.3971164,53,0.9625946879386902
1565203828.7278662,54,0.9625946879386902
1565203831.057319,55,0.9758522510528564
1565203833.3862808,56,0.9289772510528564
1565203835.7150073,57,0.9678030014038086
1565203838.0442584,58,0.9586174488067627
1565203840.3724823,59,0.9446969628334045
1565203842.7026653,60,0.9810606241226196
1565203845.0329976,61,0.9709280133247375
1565203847.3632767,62,0.9791666865348816
1565203849.6929607,63,0.9595643877983093
1565203852.022245,64,0.9696969985961914
1565203854.3507383,65,0.9753788113594055
1565203856.679461,66,0.9744318127632141
1565203859.0099041,67,0.9450757503509521
1565203861.3395889,68,0.9690340757369995
1565203863.6734376,69,0.9590908885002136
1565203866.0034885,70,0.9505681991577148
1565203868.3340023,71,0.9322916865348816
1565203870.6644924,72,0.8910984992980957
1565203872.993091,73,0.9529355764389038
1565203875.3231094,74,0.9801136255264282
1565203877.65224,75,0.9649621248245239
1565203879.98073,76,0.9867424368858337
1565203882.3108435,77,0.9808712005615234
1565203884.642208,78,0.984375
1565203886.972966,79,0.9714015126228333
1565203889.3103962,80,0.9857954382896423
1565203891.6405652,81,0.9664772748947144
1565203893.9730406,82,0.9782196879386902
1565203896.3027015,83,0.984375
1565203898.6321414,84,0.9829545617103577
1565203900.9610965,85,0.9808712005615234
1565203903.2901392,86,0.9785037636756897
1565203905.6197762,87,0.9872159361839294
1565203907.9512045,88,0.9649621248245239
1565203910.2814043,89,0.926893949508667
1565203912.6125436,90,0.9498106241226196
1565203914.9434164,91,0.9657196998596191
1565203917.274267,92,0.9782196879386902
1565203919.605862,93,0.984375
1565203921.9419641,94,0.9881628751754761
1565203924.288375,95,0.9486742615699768
1565203926.6360674,96,0.9753788113594055
1565203928.9716768,97,0.9905303120613098
1565203931.3015723,98,0.9914772510528564
1565203933.6329484,99,0.9924242496490479
1565203935.9649742,100,0.9810606241226196
1565203938.294085,101,0.9758522510528564
1565203940.6253905,102,0.9723485112190247
1565203942.9609723,103,0.9505681991577148
1565203945.2897983,104,0.9829545617103577
1565203947.6188838,105,0.9933711886405945
1565203949.9472969,106,0.984375
1565203952.2772028,107,0.9865530133247375
1565203954.6076252,108,0.9952651262283325
1565203956.9372132,109,0.9919507503509521
1565203959.2663326,110,0.9919507503509521
1565203961.5946693,111,0.9895833134651184
1565203963.9249158,112,0.989393949508667
1565203966.254033,113,0.9952651262283325
1565203968.5875347,114,0.9867424368858337
1565203970.917148,115,0.9839015007019043
1565203973.2534122,116,0.9709280133247375
1565203975.5839777,117,0.9910038113594055
1565203977.9189491,118,0.9971590638160706
1565203980.2499154,119,0.9905303120613098
1565203982.579281,120,0.9839962124824524
1565203984.9073045,121,0.9924242496490479
1565203987.2375057,122,0.9815340638160706
1565203989.5678723,123,0.9856060743331909
1565203991.897092,124,0.9938446879386902
1565203994.2262485,125,0.9905303120613098
1565203996.5547738,126,0.9938446879386902
1565203998.883605,127,0.9957386255264282
1565204001.211987,128,0.9985795617103577
1565204003.541278,129,0.9962121248245239
1565204005.8695033,130,0.9317234754562378
1565204008.1985877,131,0.9957386255264282
1565204010.5270038,132,0.9962121248245239
1565204012.8549478,133,0.9990530014038086
1565204015.1853282,134,0.9886363744735718
1565204017.5146558,135,0.9398674368858337
1565204019.8453631,136,0.9832386374473572
1565204022.1753094,137,0.9971590638160706
1565204024.5054848,138,0.9985795617103577
1565204026.836221,139,0.9962121248245239
1565204029.1649392,140,0.998106062412262
1565204031.4944532,141,0.998106062412262
1565204033.8240614,142,0.9971590638160706
1565204036.1556604,143,0.998106062412262
1565204038.4869955,144,0.998106062412262
1565204040.817439,145,0.9922348260879517
1565204043.1589491,146,0.9509469866752625
1565204045.4978302,147,0.9962121248245239
1565204047.83452,148,0.998106062412262
1565204050.1643367,149,0.9985795617103577
1565204052.493743,150,0.9966856241226196
1565204054.8241,151,0.998106062412262
1565204057.1545863,152,0.987594723701477
1565204059.4839616,153,0.9943181872367859
1565204061.814195,154,0.9971590638160706
1565204064.15154,155,0.9962121248245239
1565204066.4818892,156,0.9924242496490479
1565204068.8122654,157,0.9966856241226196
1565204071.1427913,158,0.9971590638160706
1565204073.4730222,159,0.998106062412262
1565204075.8032863,160,0.9952651262283325
1565204078.1330535,161,0.998106062412262
1565204080.4630196,162,0.9985795617103577
1565204082.7959874,163,0.9780303239822388
1565204085.126009,164,0.9990530014038086
1565204087.4569166,165,0.9971590638160706
1565204089.7848794,166,0.9821022748947144
1565204092.1128993,167,0.9962121248245239
1565204094.4422016,168,0.9962121248245239
1565204096.7724895,169,0.9971590638160706
1565204099.101368,170,0.998106062412262
1565204101.4297903,171,0.9943181872367859
1565204103.7650588,172,0.998106062412262
1565204106.1095707,173,0.9770833253860474
1565204108.446813,174,0.9990530014038086
1565204110.7754586,175,0.9990530014038086
1565204113.108385,176,0.9947916865348816
1565204115.4367354,177,0.9976325631141663
1565204117.7667215,178,0.9928977489471436
1565204120.0955486,179,0.9781249761581421
1565204122.425298,180,0.9976325631141663
1565204124.7565851,181,0.9990530014038086
1565204127.0857313,182,0.9985795617103577
1565204129.4157946,183,0.9995265007019043
1565204131.7442079,184,0.9990530014038086
1565204134.0735753,185,0.9964962005615234
1565204136.4042552,186,0.9849432110786438
1565204138.7330892,187,0.9966856241226196
1565204141.0635202,188,0.9995265007019043
1565204143.3997738,189,0.9976325631141663
1565204145.7814617,190,0.9990530014038086
1565204148.1144097,191,0.9966856241226196
1565204150.4783301,192,0.9990530014038086
1565204152.8800733,193,0.9990530014038086
1565204155.2815256,194,0.9872159361839294
1565204157.6769536,195,0.9966856241226196
1565204160.009276,196,0.9924242496490479
1565204162.3425813,197,0.9933711886405945
1565204164.6778214,198,0.9995265007019043
1565204167.0117254,199,0.9995265007019043
