Wall time,Step,Value
1565203703.0212052,0,0.741295337677002
1565203705.3976579,1,0.8351975083351135
1565203707.7641773,2,0.8463522791862488
1565203710.13123,3,0.8720172643661499
1565203712.4989789,4,0.8758522272109985
1565203714.8652487,5,0.8616082072257996
1565203717.2330055,6,0.8770315647125244
1565203719.6001375,7,0.879397988319397
1565203721.9665031,8,0.8922951817512512
1565203724.3331006,9,0.9151524901390076
1565203726.6996064,10,0.9115458130836487
1565203729.0659335,11,0.8980323076248169
1565203731.44667,12,0.9140796065330505
1565203733.8285196,13,0.8979790806770325
1565203736.2037091,14,0.9110969305038452
1565203738.571013,15,0.919375479221344
1565203740.9375167,16,0.9217418432235718
1565203743.3027682,17,0.9203341603279114
1565203745.6692405,18,0.9143078923225403
1565203748.0351741,19,0.9323791861534119
1565203750.4051247,20,0.9386870265007019
1565203752.771917,21,0.9319911003112793
1565203755.1388538,22,0.9413349032402039
1565203757.507697,23,0.9336194396018982
1565203759.874696,24,0.9406044483184814
1565203762.2420924,25,0.9346314072608948
1565203764.6090813,26,0.9405435919761658
1565203766.9762373,27,0.94380784034729
1565203769.343758,28,0.9383445978164673
1565203771.7106037,29,0.9446524381637573
1565203774.0782819,30,0.9283235669136047
1565203776.4506571,31,0.9396457076072693
1565203778.818613,32,0.9537755846977234
1565203781.1838229,33,0.9476351141929626
1565203783.549927,34,0.9469046592712402
1565203785.9160285,35,0.9475818872451782
1565203788.282391,36,0.9301801919937134
1565203790.6478274,37,0.9395315647125244
1565203793.0136392,38,0.9609812498092651
1565203795.379929,39,0.9416697025299072
1565203797.7491057,40,0.9485406279563904
1565203800.118854,41,0.9474753737449646
1565203802.4986355,42,0.9533266425132751
1565203804.885836,43,0.9532124996185303
1565203807.2744741,44,0.9540038108825684
1565203809.6612592,45,0.9611486196517944
1565203812.0381289,46,0.9625563025474548
1565203814.4094446,47,0.9667792916297913
1565203816.7802992,48,0.9671749472618103
1565203819.1517832,49,0.9402620792388916
1565203821.5227046,50,0.9489895105361938
1565203823.89614,51,0.9647552967071533
1565203826.2669184,52,0.9679054021835327
1565203828.6367376,53,0.9629519581794739
1565203831.007636,54,0.9514091610908508
1565203833.377887,55,0.9584474563598633
1565203835.7489629,56,0.96109539270401
1565203838.1202166,57,0.9542853832244873
1565203840.4903135,58,0.9384587407112122
1565203842.8637779,59,0.9556321501731873
1565203845.2407494,60,0.9592388272285461
1565203847.6123033,61,0.9676238894462585
1565203849.9826748,62,0.9689782857894897
1565203852.3524117,63,0.9552973508834839
1565203854.7246153,64,0.9636824131011963
1565203857.0948665,65,0.9640248417854309
1565203859.4660764,66,0.9633476138114929
1565203861.8414092,67,0.9693130850791931
1565203864.2248492,68,0.9792275428771973
1565203866.6138108,69,0.9704391956329346
1565203868.9994822,70,0.9787177443504333
1565203871.3859267,71,0.9674564599990845
1565203873.7753427,72,0.9578844308853149
1565203876.1467934,73,0.9682478308677673
1565203878.5194826,74,0.9597409963607788
1565203880.8900518,75,0.9672890901565552
1565203883.2602823,76,0.9766328930854797
1565203885.63025,77,0.9704391956329346
1565203888.0014791,78,0.9591246843338013
1565203890.3756356,79,0.9805743098258972
1565203892.7461076,80,0.9615443348884583
1565203895.118371,81,0.9690391421318054
1565203897.4888973,82,0.977477490901947
1565203899.860183,83,0.9750045537948608
1565203902.2308483,84,0.9260713458061218
1565203904.6003885,85,0.967007577419281
1565203906.9712207,86,0.9793949127197266
1565203909.342178,87,0.9640780687332153
1565203911.719656,88,0.9693130850791931
1565203914.0967422,89,0.9540570974349976
1565203916.4673197,90,0.9755067825317383
1565203918.8392282,91,0.9793949127197266
1565203921.2096636,92,0.9728055596351624
1565203923.5800729,93,0.9747762680053711
1565203925.951237,94,0.9851929545402527
1565203928.3211925,95,0.9848581552505493
1565203930.6909423,96,0.9805743098258972
1565203933.0652194,97,0.9686434864997864
1565203935.4357486,98,0.9732545018196106
1565203937.8076615,99,0.9720751047134399
1565203940.1787088,100,0.9828265905380249
1565203942.5494702,101,0.9673423171043396
1565203944.9187229,102,0.9808558821678162
1565203947.289816,103,0.974662184715271
1565203949.6605864,104,0.9839527010917664
1565203952.030539,105,0.9804069399833679
1565203954.402281,106,0.9867680072784424
1565203956.7736254,107,0.9667792916297913
1565203959.1446176,108,0.9701043963432312
1565203961.5150669,109,0.9793949127197266
1565203963.8950615,110,0.9813656806945801
1565203966.2661607,111,0.9686967134475708
1565203968.6367981,112,0.9677988886833191
1565203971.0091136,113,0.9887387156486511
1565203973.3796175,114,0.9792808294296265
1565203975.7483082,115,0.9850788116455078
1565203978.1201396,116,0.9828265905380249
1565203980.4923446,117,0.957602858543396
1565203982.8758707,118,0.9794481992721558
1565203985.2631354,119,0.988457202911377
1565203987.6520035,120,0.9725240468978882
1565203990.0221593,121,0.9448806643486023
1565203992.393239,122,0.9842342138290405
1565203994.7667744,123,0.9805743098258972
1565203997.1377723,124,0.9876126050949097
1565203999.5223932,125,0.9842342138290405
1565204001.8924582,126,0.9811373949050903
1565204004.2622583,127,0.9921171069145203
1565204006.6335752,128,0.9818145632743835
1565204009.0059016,129,0.9811373949050903
1565204011.376614,130,0.9723566174507141
1565204013.748186,131,0.9815330505371094
1565204016.1190286,132,0.9857560396194458
1565204018.490841,133,0.9759024381637573
1565204020.8611364,134,0.9887387156486511
1565204023.2439737,135,0.988852858543396
1565204025.6145055,136,0.9744947552680969
1565204027.9877918,137,0.9782688021659851
1565204030.3586245,138,0.9833896160125732
1565204032.728178,139,0.980125367641449
1565204035.0986934,140,0.9816471934318542
1565204037.4687083,141,0.9784362316131592
1565204039.8400953,142,0.9811373949050903
1565204042.2187858,143,0.9858701825141907
1565204044.6058075,144,0.9902605414390564
1565204046.9872127,145,0.9873310923576355
1565204049.3580196,146,0.9848581552505493
1565204051.7279773,147,0.9819287061691284
1565204054.0984828,148,0.991272509098053
1565204056.4694796,149,0.9774242043495178
1565204058.8415656,150,0.9895833134651184
1565204061.210764,151,0.9856418967247009
1565204063.5957706,152,0.9898648858070374
1565204065.9672747,153,0.9911051392555237
1565204068.3379328,154,0.9895833134651184
1565204070.7157586,155,0.9907094836235046
1565204073.088255,156,0.9845157861709595
1565204075.4596293,157,0.9843483567237854
1565204077.8299108,158,0.9929617047309875
1565204080.2022343,159,0.9864864945411682
1565204082.5805366,160,0.9835037589073181
1565204084.9516847,161,0.9672890901565552
1565204087.3227873,162,0.9812515377998352
1565204089.6941266,163,0.98603755235672
1565204092.0666904,164,0.9870495200157166
1565204094.4365041,165,0.9878941178321838
1565204096.8073313,166,0.9932432174682617
1565204099.1775682,167,0.9833896160125732
1565204101.5488636,168,0.9893018007278442
1565204103.9298816,169,0.9874452352523804
1565204106.3164742,170,0.9856418967247009
1565204108.7035909,171,0.9921171069145203
1565204111.089925,172,0.9746697545051575
1565204113.4673026,173,0.9923986196517944
1565204115.8390565,174,0.9783220887184143
1565204118.2092698,175,0.9803536534309387
1565204120.5784998,176,0.9926801919937134
1565204122.949083,177,0.9838994145393372
1565204125.3229942,178,0.9780405163764954
1565204127.6929932,179,0.9929617047309875
1565204130.0636053,180,0.9815330505371094
1565204132.4340289,181,0.9867680072784424
1565204134.805838,182,0.9769144058227539
1565204137.178231,183,0.991272509098053
1565204139.5544217,184,0.9898115992546082
1565204141.9260457,185,0.986204981803894
1565204144.2968137,186,0.9874452352523804
1565204146.668729,187,0.9881756901741028
1565204149.0397332,188,0.9932432174682617
1565204151.4106977,189,0.9679054021835327
1565204153.780585,190,0.9915540814399719
1565204156.1519554,191,0.9814189076423645
1565204158.5215898,192,0.9871636629104614
1565204160.8918238,193,0.980292797088623
1565204163.2620702,194,0.9839527010917664
1565204165.6336026,195,0.9890202879905701
1565204168.0075042,196,0.9878941178321838
1565204170.3820856,197,0.9935247898101807
1565204172.753485,198,0.9926801919937134
1565204175.127705,199,0.9893018007278442
