Wall time,Step,Value
1565203702.9852316,0,0.7367802858352661
1565203705.3824053,1,0.7597222328186035
1565203707.7693527,2,0.8123358488082886
1565203710.1845202,3,0.7954419255256653
1565203712.6485894,4,0.8042802810668945
1565203715.076822,5,0.8243308067321777
1565203717.465485,6,0.8400126099586487
1565203719.8523366,7,0.8295833468437195
1565203722.2410216,8,0.8498989939689636
1565203724.629704,9,0.8501009941101074
1565203727.0234334,10,0.862525224685669
1565203729.4120975,11,0.8552651405334473
1565203731.8004353,12,0.8470580577850342
1565203734.1901476,13,0.8566287755966187
1565203736.5778325,14,0.87619948387146
1565203738.9647753,15,0.8824115991592407
1565203741.3524687,16,0.8887247443199158
1565203743.7804227,17,0.8508459329605103
1565203746.1882622,18,0.8922979831695557
1565203748.5844421,19,0.8837247490882874
1565203751.043837,20,0.8826767802238464
1565203753.4585264,21,0.9050378799438477
1565203755.8465466,22,0.8852019906044006
1565203758.235117,23,0.8880429267883301
1565203760.6247969,24,0.8792045712471008
1565203763.013765,25,0.8949873447418213
1565203765.4056597,26,0.8835732340812683
1565203767.794327,27,0.9040908813476562
1565203770.188004,28,0.9091414213180542
1565203772.5770996,29,0.9067171812057495
1565203774.9717143,30,0.9114015102386475
1565203777.3572168,31,0.9032449722290039
1565203779.7420344,32,0.9016666412353516
1565203782.1306477,33,0.915505051612854
1565203784.5183167,34,0.8936742544174194
1565203786.9037201,35,0.9280303120613098
1565203789.2911217,36,0.8921464681625366
1565203791.6917875,37,0.9258207082748413
1565203794.0805278,38,0.9189772605895996
1565203796.4678652,39,0.9208711981773376
1565203798.8577247,40,0.89083331823349
1565203801.251133,41,0.9088762402534485
1565203803.6506085,42,0.9287121295928955
1565203806.1187022,43,0.9289772510528564
1565203808.5839298,44,0.9032954573631287
1565203811.045489,45,0.9013004899024963
1565203813.4626656,46,0.9104545712471008
1565203815.8548744,47,0.9265530109405518
1565203818.2527819,48,0.9096086025238037
1565203820.6481502,49,0.9173485040664673
1565203823.037563,50,0.9149242639541626
1565203825.432037,51,0.9321843385696411
1565203827.822439,52,0.912979781627655
1565203830.215059,53,0.9359722137451172
1565203832.6050885,54,0.9131818413734436
1565203834.9976728,55,0.9316540360450745
1565203837.390239,56,0.9343939423561096
1565203839.786635,57,0.9389141201972961
1565203842.1828105,58,0.9343939423561096
1565203844.5776231,59,0.9319697022438049
1565203846.9693332,60,0.9401262402534485
1565203849.3613768,61,0.9438636302947998
1565203851.7519057,62,0.9468055367469788
1565203854.1433687,63,0.9390151500701904
1565203856.5339298,64,0.9161237478256226
1565203858.9283245,65,0.9419696927070618
1565203861.3190248,66,0.9378661513328552
1565203863.7108278,67,0.9372348189353943
1565203866.1444275,68,0.9441288113594055
1565203868.5528455,69,0.9444444179534912
1565203870.9635553,70,0.937651515007019
1565203873.370805,71,0.9527525305747986
1565203875.777565,72,0.9414393901824951
1565203878.1880343,73,0.9069823026657104
1565203880.5884416,74,0.9366035461425781
1565203882.9821277,75,0.9485985040664673
1565203885.3756096,76,0.9403914213180542
1565203887.76785,77,0.9441288113594055
1565203890.158889,78,0.9321843385696411
1565203892.5525153,79,0.9501767754554749
1565203894.9436562,80,0.9511237144470215
1565203897.3365061,81,0.9542803168296814
1565203899.7281132,82,0.9688004851341248
1565203902.12342,83,0.9611742496490479
1565203904.5175626,84,0.9479166865348816
1565203906.9075704,85,0.9520202279090881
1565203909.3050303,86,0.9710100889205933
1565203911.696866,87,0.9499621391296387
1565203914.0876257,88,0.9691161513328552
1565203916.4800222,89,0.9681186676025391
1565203918.8739274,90,0.9385985136032104
1565203921.2741523,91,0.9467045664787292
1565203923.6653776,92,0.9671717286109924
1565203926.055666,93,0.9545959830284119
1565203928.453902,94,0.9665403962135315
1565203930.8457305,95,0.966856062412262
1565203933.2383976,96,0.9445454478263855
1565203935.6350174,97,0.9653787612915039
1565203938.0273843,98,0.9653282761573792
1565203940.4221168,99,0.9772727489471436
1565203942.8147843,100,0.9600631594657898
1565203945.207864,101,0.9691161513328552
1565203947.5967765,102,0.9608585834503174
1565203950.0118458,103,0.9583838582038879
1565203952.4055705,104,0.9706944227218628
1565203954.7997112,105,0.9725378751754761
1565203957.1942995,106,0.9649621248245239
1565203959.5901086,107,0.9848484992980957
1565203961.9820218,108,0.9627525210380554
1565203964.3724453,109,0.975063145160675
1565203966.764217,110,0.9671717286109924
1565203969.1540227,111,0.9466540217399597
1565203971.5474563,112,0.9318181872367859
1565203973.9392514,113,0.9797979593276978
1565203976.3302903,114,0.9861111044883728
1565203978.720246,115,0.9751136302947998
1565203981.112223,116,0.9772727489471436
1565203983.5055811,117,0.9517550468444824
1565203985.894451,118,0.9788510203361511
1565203988.2872436,119,0.9848989844322205
1565203990.6808405,120,0.9694318175315857
1565203993.0741322,121,0.9811111092567444
1565203995.487373,122,0.9706944227218628
1565203997.885209,123,0.9741161465644836
1565204000.2778165,124,0.9482323527336121
1565204002.6736634,125,0.9848484992980957
1565204005.0673778,126,0.9855303168296814
1565204007.4620337,127,0.9864267706871033
1565204009.8549402,128,0.9807449579238892
1565204012.2444992,129,0.9886363744735718
1565204014.632218,130,0.9751136302947998
1565204017.0269396,131,0.9826388955116272
1565204019.4169934,132,0.986477255821228
1565204021.809633,133,0.9876893758773804
1565204024.2064755,134,0.9507575631141663
1565204026.6035016,135,0.9892676472663879
1565204028.9969094,136,0.9775883555412292
1565204031.3894649,137,0.9858964681625366
1565204033.784222,138,0.9874242544174194
1565204036.1780825,139,0.9912121295928955
1565204038.5706987,140,0.9674873948097229
1565204040.9659858,141,0.9867929220199585
1565204043.4277318,142,0.9911616444587708
1565204045.8937595,143,0.9595959782600403
1565204048.3627565,144,0.9745328426361084
1565204050.8276782,145,0.9908459782600403
1565204053.2942846,146,0.9902146458625793
1565204055.7614453,147,0.9729040265083313
1565204058.2246573,148,0.9696969985961914
1565204060.6898386,149,0.9892676472663879
1565204063.1452217,150,0.9905303120613098
1565204065.5560274,151,0.9832702279090881
1565204067.9613922,152,0.9902146458625793
1565204070.3668559,153,0.9665403962135315
1565204072.7582595,154,0.9949495196342468
1565204075.1500278,155,0.9895833134651184
1565204077.5422375,156,0.9940025210380554
1565204079.9344466,157,0.9946338534355164
1565204082.3244343,158,0.9870581030845642
1565204084.7180684,159,0.9792171716690063
1565204087.1129262,160,0.9914772510528564
1565204089.505073,161,0.9943181872367859
1565204091.8964822,162,0.9902146458625793
1565204094.291057,163,0.9946338534355164
1565204096.685544,164,0.9946338534355164
1565204099.0758166,165,0.9898989796638489
1565204101.468368,166,0.9924242496490479
1565204103.8740733,167,0.9861111044883728
1565204106.2843869,168,0.9946843385696411
1565204108.6903803,169,0.9760100841522217
1565204111.0993495,170,0.9820075631141663
1565204113.5098662,171,0.9883207082748413
1565204115.9061399,172,0.9889520406723022
1565204118.2986155,173,0.995580792427063
1565204120.6922307,174,0.9892676472663879
1565204123.0821004,175,0.9870581030845642
1565204125.4774675,176,0.9959469437599182
1565204127.8686638,177,0.9927904009819031
1565204130.2568045,178,0.9943181872367859
1565204132.6505625,179,0.9835858345031738
1565204135.0397763,180,0.986477255821228
1565204137.42958,181,0.9917929172515869
1565204139.8514724,182,0.997474730014801
1565204142.245003,183,0.9971590638160706
1565204144.637242,184,0.9917929172515869
1565204147.0310502,185,0.9949495196342468
1565204149.4238756,186,0.9952651262283325
1565204151.8290064,187,0.9509090781211853
1565204154.2194333,188,0.9984217286109924
1565204156.6126444,189,0.9902146458625793
1565204159.008999,190,0.9933711886405945
1565204161.402874,191,0.998106062412262
1565204163.7982154,192,0.9984217286109924
1565204166.1941898,193,0.9984217286109924
1565204168.5920749,194,0.9968434572219849
1565204170.9838047,195,0.9984217286109924
1565204173.3788714,196,0.9867929220199585
1565204175.773363,197,0.9962121248245239
1565204178.1676662,198,0.9905303120613098
1565204180.5617423,199,0.9977903962135315
