Wall time,Step,Value
1565203703.0733836,0,0.6076268553733826
1565203705.6256332,1,0.6978265643119812
1565203708.1603444,2,0.7730500102043152
1565203710.6905537,3,0.7827277779579163
1565203713.2261817,4,0.7963523864746094
1565203715.7567112,5,0.7975778579711914
1565203718.2835248,6,0.8090938329696655
1565203720.821968,7,0.8021013736724854
1565203723.3541305,8,0.8282511830329895
1565203725.8841772,9,0.8513191938400269
1565203728.4098175,10,0.862654983997345
1565203730.9383638,11,0.864745557308197
1565203733.4701757,12,0.8742971420288086
1565203735.9966211,13,0.8574466705322266
1565203738.5216906,14,0.8706567287445068
1565203741.0596352,15,0.8948240876197815
1565203743.587235,16,0.87215256690979
1565203746.1197715,17,0.9070069193840027
1565203748.646216,18,0.8959774971008301
1565203751.1795819,19,0.8842452168464661
1565203753.706226,20,0.9153150320053101
1565203756.2408621,21,0.9000324606895447
1565203758.7676358,22,0.911188006401062
1565203761.3014135,23,0.8922650218009949
1565203763.8284817,24,0.9106833934783936
1565203766.3555992,25,0.9234789609909058
1565203768.884037,26,0.9202890992164612
1565203771.4131746,27,0.8936346769332886
1565203773.9475482,28,0.8774329423904419
1565203776.4716697,29,0.915278971195221
1565203779.0063045,30,0.9300569295883179
1565203781.5401518,31,0.9139453768730164
1565203784.0662296,32,0.9326701164245605
1565203786.5963356,33,0.9107194542884827
1565203789.129975,34,0.9140174388885498
1565203791.6602347,35,0.9241277575492859
1565203794.1975079,36,0.9180002808570862
1565203796.7285776,37,0.9217848777770996
1565203799.258353,38,0.9232446551322937
1565203801.8002257,39,0.9378424286842346
1565203804.331416,40,0.9210279583930969
1565203806.8641365,41,0.9406718611717224
1565203809.3937538,42,0.931318461894989
1565203811.9300265,43,0.9284169673919678
1565203814.4577117,44,0.9344723224639893
1565203816.9966397,45,0.9137831330299377
1565203819.526096,46,0.9287233352661133
1565203822.065714,47,0.9238213896751404
1565203824.599261,48,0.9425100684165955
1565203827.1375587,49,0.9348147511482239
1565203829.6702826,50,0.9296424388885498
1565203832.1981385,51,0.932129442691803
1565203834.73298,52,0.9260740876197815
1565203837.271075,53,0.9414287805557251
1565203839.8063543,54,0.9213343262672424
1565203842.3402104,55,0.9277681708335876
1565203844.872039,56,0.9474120736122131
1565203847.40352,57,0.9467992782592773
1565203849.9378655,58,0.9397527575492859
1565203852.4677105,59,0.9396446347236633
1565203854.9955425,60,0.9528906941413879
1565203857.5330982,61,0.9299127459526062
1565203860.0679421,62,0.9161620736122131
1565203862.5984669,63,0.9387975931167603
1565203865.130566,64,0.9547650218009949
1565203867.6599352,65,0.9130983352661133
1565203870.1926541,66,0.9464569091796875
1565203872.7329378,67,0.9123233556747437
1565203875.260532,68,0.936076283454895
1565203877.7822518,69,0.952512264251709
1565203880.31709,70,0.947754442691803
1565203882.853195,71,0.9330486059188843
1565203885.3840218,72,0.9176939129829407
1565203887.916274,73,0.9519715905189514
1565203890.447914,74,0.951701283454895
1565203892.9769216,75,0.9467992782592773
1565203895.5105546,76,0.9566752910614014
1565203898.046432,77,0.9590181708335876
1565203900.5766256,78,0.9493224024772644
1565203903.1103578,79,0.9375360608100891
1565203905.6384468,80,0.9596669673919678
1565203908.1963866,81,0.9584774971008301
1565203910.7330065,82,0.9341298937797546
1565203913.2701848,83,0.9584774971008301
1565203915.8032322,84,0.958063006401062
1565203918.3363314,85,0.9499351382255554
1565203920.8720183,86,0.9482590556144714
1565203923.4069157,87,0.9510164260864258
1565203925.9415245,88,0.9519715905189514
1565203928.4641583,89,0.9528186321258545
1565203931.0162914,90,0.9439698457717896
1565203933.5605392,91,0.9635416865348816
1565203936.094054,92,0.95683753490448
1565203938.626436,93,0.9524582028388977
1565203941.160985,94,0.9482951164245605
1565203943.7002552,95,0.9627307057380676
1565203946.2301455,96,0.9659926295280457
1565203948.7586346,97,0.9531970620155334
1565203951.2893898,98,0.9563329219818115
1565203953.8250055,99,0.9149365425109863
1565203956.3566365,100,0.9702818393707275
1565203958.896208,101,0.9715433716773987
1565203961.4326346,102,0.966911792755127
1565203963.9627542,103,0.9660286903381348
1565203966.4937625,104,0.9523500800132751
1565203969.023312,105,0.9565671682357788
1565203971.556374,106,0.9599372744560242
1565203974.085249,107,0.9562608003616333
1565203976.630204,108,0.9703539609909058
1565203979.1627688,109,0.9682453870773315
1565203981.700147,110,0.9736519455909729
1565203984.2373853,111,0.9684436321258545
1565203986.7710855,112,0.9201809167861938
1565203989.3037615,113,0.9676687121391296
1565203991.8331466,114,0.9648032188415527
1565203994.3618689,115,0.9461144804954529
1565203996.8919764,116,0.9742646813392639
1565203999.4219856,117,0.957450270652771
1565204001.9533074,118,0.9731113314628601
1565204004.4900062,119,0.9765534996986389
1565204007.0252125,120,0.9589821100234985
1565204009.554138,121,0.9712370038032532
1565204012.0878732,122,0.9183066487312317
1565204014.616733,123,0.9317870736122131
1565204017.1517081,124,0.9783196449279785
1565204019.6878557,125,0.95683753490448
1565204022.2213829,126,0.9656862616539001
1565204024.748971,127,0.9672541618347168
1565204027.291528,128,0.9666414260864258
1565204029.825157,129,0.9606581330299377
1565204032.3617523,130,0.9724264740943909
1565204034.896619,131,0.9635776877403259
1565204037.429411,132,0.9773284196853638
1565204039.9667258,133,0.96875
1565204042.5064268,134,0.9733455777168274
1565204045.0353186,135,0.9476103186607361
1565204047.5740633,136,0.9739583134651184
1565204050.1066973,137,0.9669477939605713
1565204052.6381934,138,0.9690924286842346
1565204055.168119,139,0.9776347875595093
1565204057.709381,140,0.9468353390693665
1565204060.242316,141,0.9822664260864258
1565204062.7713852,142,0.9795811772346497
1565204065.2981737,143,0.9700475931167603
1565204067.8325403,144,0.974913477897644
1565204070.376351,145,0.9780492782592773
1565204072.9121065,146,0.9631451964378357
1565204075.44035,147,0.9785899519920349
1565204077.9870715,148,0.9623522162437439
1565204080.5274174,149,0.9682093262672424
1565204083.0580106,150,0.9804282188415527
1565204085.5884316,151,0.9751838445663452
1565204088.1198077,152,0.9761750102043152
1565204090.656622,153,0.9755622744560242
1565204093.181731,154,0.9614331126213074
1565204095.718188,155,0.982536792755127
1565204098.2600598,156,0.9746071100234985
1565204100.7916214,157,0.9656862616539001
1565204103.3313427,158,0.9770581126213074
1565204105.8634853,159,0.9859429001808167
1565204108.4000025,160,0.9654159545898438
1565204110.9302595,161,0.9743368029594421
1565204113.45539,162,0.9819600582122803
1565204115.9829671,163,0.9745710492134094
1565204118.5121021,164,0.9770220518112183
1565204121.044277,165,0.9791666865348816
1565204123.5731094,166,0.9730392098426819
1565204126.1080105,167,0.9794730544090271
1565204128.6422195,168,0.970588207244873
1565204131.176869,169,0.9859429001808167
1565204133.707997,170,0.9874387383460999
1565204136.2404985,171,0.9852941036224365
1565204138.7759628,172,0.9688220620155334
1565204141.3065271,173,0.984375
1565204143.8301225,174,0.9877451062202454
1565204146.3614523,175,0.9871323704719543
1565204148.8932629,176,0.9810770153999329
1565204151.4169903,177,0.986213207244873
1565204153.9428418,178,0.984987735748291
1565204156.478625,179,0.986213207244873
1565204159.014719,180,0.9690563678741455
1565204161.5511503,181,0.9874387383460999
1565204164.0741022,182,0.984987735748291
1565204166.6068716,183,0.9589821100234985
1565204169.14027,184,0.9874387383460999
1565204171.668385,185,0.9761390089988708
1565204174.2015338,186,0.9794730544090271
1565204176.7379875,187,0.9755262136459351
1565204179.2701643,188,0.9803921580314636
1565204181.8179917,189,0.9859429001808167
1565204184.3567693,190,0.9896193742752075
1565204186.8905375,191,0.9880514740943909
1565204189.4254663,192,0.9555760025978088
1565204191.9602776,193,0.9875108003616333
1565204194.5110807,194,0.9819239974021912
1565204197.0519495,195,0.9834918975830078
1565204199.596746,196,0.9801218509674072
1565204202.1284745,197,0.9908088445663452
1565204204.6563077,198,0.9868260025978088
1565204207.2209263,199,0.9685878157615662
