Wall time,Step,Value
1565203702.9586694,0,0.6342120170593262
1565203705.302855,1,0.7225874066352844
1565203707.6188328,2,0.7308891415596008
1565203709.9285107,3,0.7650553584098816
1565203712.2441733,4,0.7832940816879272
1565203714.5589917,5,0.7888594269752502
1565203716.8715265,6,0.7843297719955444
1565203719.1877265,7,0.795504093170166
1565203721.5014813,8,0.8197987675666809
1565203723.8166127,9,0.8235598802566528
1565203726.128559,10,0.8280677795410156
1565203728.4449918,11,0.8203002214431763
1565203730.7617939,12,0.7859650254249573
1565203733.077927,13,0.8104177713394165
1565203735.4082232,14,0.8344452977180481
1565203737.7203887,15,0.8323957920074463
1565203740.0328941,16,0.8469987511634827
1565203742.3473415,17,0.8379502296447754
1565203744.659815,18,0.8254295587539673
1565203746.9719355,19,0.8587617874145508
1565203749.2848108,20,0.8593177795410156
1565203751.6006224,21,0.8286346793174744
1565203753.9291167,22,0.8400542736053467
1565203756.2571847,23,0.840343177318573
1565203758.5862875,24,0.8534089922904968
1565203760.9158494,25,0.856924831867218
1565203763.2580214,26,0.862811803817749
1565203765.5859077,27,0.8529292941093445
1565203767.916078,28,0.8600972294807434
1565203770.243607,29,0.8571919202804565
1565203772.5758877,30,0.8713479042053223
1565203774.9133859,31,0.8673087954521179
1565203777.242409,32,0.8470423221588135
1565203779.5643902,33,0.8790282011032104
1565203781.8837466,34,0.8710808157920837
1565203784.1961956,35,0.8312729001045227
1565203786.5089974,36,0.8708791136741638
1565203788.8224123,37,0.8747547268867493
1565203791.1339781,38,0.8744985461235046
1565203793.4454176,39,0.8892213702201843
1565203795.7585363,40,0.8646378517150879
1565203798.1015942,41,0.8638365864753723
1565203800.4237273,42,0.8686878681182861
1565203802.7450094,43,0.8644143342971802
1565203805.061102,44,0.8739861249923706
1565203807.3789344,45,0.8777690529823303
1565203809.6962264,46,0.8886545300483704
1565203812.0157578,47,0.8838359117507935
1565203814.332609,48,0.8766461610794067
1565203816.6498632,49,0.8630461692810059
1565203818.9683225,50,0.8769568800926208
1565203821.2852304,51,0.8935058116912842
1565203823.6035538,52,0.8716149926185608
1565203825.9224868,53,0.8841466307640076
1565203828.241861,54,0.8718820810317993
1565203830.5638673,55,0.8750872015953064
1565203832.8825498,56,0.885716438293457
1565203835.2008348,57,0.8779598474502563
1565203837.5179093,58,0.8916143178939819
1565203839.8343854,59,0.8934839963912964
1565203842.1518853,60,0.8862942457199097
1565203844.46875,61,0.8897337913513184
1565203846.7855022,62,0.8777472376823425
1565203849.1065114,63,0.897468626499176
1565203851.4233496,64,0.8822442293167114
1565203853.742933,65,0.8929498195648193
1565203856.0645332,66,0.888398289680481
1565203858.3855524,67,0.8910583257675171
1565203860.7011151,68,0.8857491612434387
1565203863.02029,69,0.8990820646286011
1565203865.339016,70,0.8934949040412903
1565203867.655794,71,0.895331859588623
1565203869.9805872,72,0.8937183618545532
1565203872.301161,73,0.8884091973304749
1565203874.617509,74,0.9006519317626953
1565203876.9341028,75,0.8980246186256409
1565203879.249833,76,0.9049581289291382
1565203881.5661254,77,0.8948412537574768
1565203883.8828354,78,0.8900444507598877
1565203886.200032,79,0.8870628476142883
1565203888.5181103,80,0.8932605385780334
1565203890.8381343,81,0.8985806107521057
1565203893.1674192,82,0.9087192416191101
1565203895.5058424,83,0.9097440242767334
1565203897.837165,84,0.8985697031021118
1565203900.1696172,85,0.9041459560394287
1565203902.4947715,86,0.8979918956756592
1565203904.811546,87,0.9156200885772705
1565203907.1297214,88,0.8804290890693665
1565203909.4483318,89,0.9071058034896851
1565203911.763044,90,0.9153857231140137
1565203914.0807858,91,0.8988258838653564
1565203916.399961,92,0.9084194302558899
1565203918.72341,93,0.9133034348487854
1565203921.0449119,94,0.8793389201164246
1565203923.3609467,95,0.9020200967788696
1565203925.6781533,96,0.8913690447807312
1565203927.9965003,97,0.9148406386375427
1565203930.312666,98,0.9183128476142883
1565203932.6310098,99,0.9185799360275269
1565203934.9483438,100,0.9052361249923706
1565203937.265973,101,0.8865722417831421
1565203939.5831935,102,0.8915707468986511
1565203941.9045482,103,0.9132271409034729
1565203944.2202957,104,0.9217632412910461
1565203946.5384395,105,0.9108015298843384
1565203948.8580618,106,0.923910915851593
1565203951.1752677,107,0.9127038717269897
1565203953.4907765,108,0.9118807911872864
1565203955.806716,109,0.8990384340286255
1565203958.124724,110,0.9129818677902222
1565203960.4461575,111,0.9076617956161499
1565203962.7684977,112,0.8956098556518555
1565203965.0891614,113,0.8900553584098816
1565203967.4084508,114,0.9194139242172241
1565203969.7249744,115,0.92177414894104
1565203972.0444984,116,0.903900682926178
1565203974.3628683,117,0.9249792695045471
1565203976.6784344,118,0.9225754141807556
1565203978.9959328,119,0.9114120006561279
1565203981.3124888,120,0.91834557056427
1565203983.628413,121,0.9175224304199219
1565203985.9446564,122,0.9175006747245789
1565203988.2609026,123,0.9225863218307495
1565203990.5845525,124,0.9126929640769958
1565203992.9049046,125,0.9180348515510559
1565203995.2228785,126,0.9244232773780823
1565203997.5437822,127,0.9207167029380798
1565203999.8620312,128,0.9249683618545532
1565204002.180801,129,0.9158762693405151
1565204004.496457,130,0.9174679517745972
1565204006.816353,131,0.90070641040802
1565204009.1530485,132,0.9284406304359436
1565204011.4844182,133,0.9132489562034607
1565204013.8349273,134,0.918569028377533
1565204016.1676207,135,0.9148188233375549
1565204018.502431,136,0.9348508715629578
1565204020.8346076,137,0.9300540685653687
1565204023.1657424,138,0.9214961528778076
1565204025.495186,139,0.8975231051445007
1565204027.829561,140,0.9223301410675049
1565204030.1607301,141,0.9279063940048218
1565204032.480707,142,0.9231314063072205
1565204034.7990472,143,0.924456000328064
1565204037.1168394,144,0.9343166947364807
1565204039.4449782,145,0.9327468276023865
1565204041.7629173,146,0.9263147711753845
1565204044.0845075,147,0.9127147793769836
1565204046.4037604,148,0.9300540685653687
1565204048.7199373,149,0.9252790808677673
1565204051.0394585,150,0.9239545464515686
1565204053.3609676,151,0.9409940242767334
1565204055.6758308,152,0.9079070687294006
1565204057.9928188,153,0.924990177154541
1565204060.3102045,154,0.9297760725021362
1565204062.6282818,155,0.9335153698921204
1565204064.9442475,156,0.9289857149124146
1565204067.2630978,157,0.9297651648521423
1565204069.5793037,158,0.9265927672386169
1565204071.8941925,159,0.923376739025116
1565204074.2100701,160,0.9249683618545532
1565204076.5258846,161,0.9287512898445129
1565204078.8425343,162,0.9263038635253906
1565204081.162865,163,0.9279173016548157
1565204083.482157,164,0.932468831539154
1565204085.7995472,165,0.9252572655677795
1565204088.1213531,166,0.9388463497161865
1565204090.439811,167,0.935908317565918
1565204092.7558649,168,0.9300649762153625
1565204095.0745256,169,0.9214961528778076
1565204097.391506,170,0.9399692416191101
1565204099.7088583,171,0.9340277910232544
1565204102.0272095,172,0.9348399639129639
1565204104.3482206,173,0.9308553338050842
1565204106.6665976,174,0.9092207551002502
1565204108.9904356,175,0.9297869801521301
1565204111.3075113,176,0.928718626499176
1565204113.6286643,177,0.9338042736053467
1565204115.9464173,178,0.9292963743209839
1565204118.2664313,179,0.932479739189148
1565204120.5864973,180,0.9295307993888855
1565204122.907933,181,0.9444771409034729
1565204125.2256062,182,0.940716028213501
1565204127.544409,183,0.9118916988372803
1565204129.8628836,184,0.9354177713394165
1565204132.1811676,185,0.9313677549362183
1565204134.4991367,186,0.938579261302948
1565204136.8276427,187,0.9364752173423767
1565204139.1454024,188,0.9385901689529419
1565204141.467231,189,0.9474260807037354
1565204143.7854452,190,0.9359192252159119
1565204146.106808,191,0.9329811930656433
1565204148.4246495,192,0.9335153698921204
1565204150.7396185,193,0.9393805861473083
1565204153.0546737,194,0.9418280124664307
1565204155.3708918,195,0.9399583339691162
1565204157.6957698,196,0.9305882453918457
1565204160.014522,197,0.9420841932296753
1565204162.3336568,198,0.9377889037132263
1565204164.6523402,199,0.9338042736053467
