Wall time,Step,Value
1565203702.9971814,0,0.7558234333992004
1565203705.3920207,1,0.7629067301750183
1565203707.7862935,2,0.8071428537368774
1565203710.1804035,3,0.8280456066131592
1565203712.5747483,4,0.8315178751945496
1565203714.9692287,5,0.8554762005805969
1565203717.3638082,6,0.8497916460037231
1565203719.7939463,7,0.8609920740127563
1565203722.2425315,8,0.8686805367469788
1565203724.6762145,9,0.8814781904220581
1565203727.0552962,10,0.8799206614494324
1565203729.4357774,11,0.9168948531150818
1565203731.813459,12,0.906557559967041
1565203734.1916878,13,0.89640873670578
1565203736.5698435,14,0.8838194608688354
1565203738.9466038,15,0.9228373169898987
1565203741.325073,16,0.9300397038459778
1565203743.7269287,17,0.9175000190734863
1565203746.1207688,18,0.9266964197158813
1565203748.5138087,19,0.9519543647766113
1565203750.9141877,20,0.9415873289108276
1565203753.3085785,21,0.9124603271484375
1565203755.705128,22,0.9229662418365479
1565203758.0859392,23,0.9416269659996033
1565203760.4634376,24,0.9388889074325562
1565203762.8398848,25,0.9530853033065796
1565203765.2173002,26,0.9501785635948181
1565203767.5953472,27,0.9304265975952148
1565203769.9732523,28,0.9571626782417297
1565203772.354601,29,0.9453174471855164
1565203774.7317398,30,0.9481348991394043
1565203777.1140068,31,0.9689285755157471
1565203779.4933984,32,0.9448809623718262
1565203781.8706522,33,0.9647619128227234
1565203784.2480202,34,0.9658432602882385
1565203786.6264284,35,0.958730161190033
1565203789.0038757,36,0.9653670787811279
1565203791.3813097,37,0.9588987827301025
1565203793.766597,38,0.9639781713485718
1565203796.145627,39,0.9511309266090393
1565203798.52907,40,0.946617066860199
1565203800.9112701,41,0.9480158686637878
1565203803.30429,42,0.9680158495903015
1565203805.6874506,43,0.9587698578834534
1565203808.071107,44,0.977043628692627
1565203810.4560122,45,0.9597222208976746
1565203812.8389118,46,0.9535218477249146
1565203815.2222664,47,0.9735714197158813
1565203817.6064422,48,0.9605952501296997
1565203819.9920306,49,0.9769543409347534
1565203822.3773015,50,0.9666270017623901
1565203824.760048,51,0.9579464197158813
1565203827.1464636,52,0.9707936644554138
1565203829.5356522,53,0.9745237827301025
1565203831.9214764,54,0.9577281475067139
1565203834.303474,55,0.9641964435577393
1565203836.6859758,56,0.96875
1565203839.0689726,57,0.9756944179534912
1565203841.451774,58,0.9627182483673096
1565203843.8341997,59,0.9749603271484375
1565203846.2206113,60,0.9738293886184692
1565203848.6031256,61,0.9704067707061768
1565203850.9861476,62,0.9787797331809998
1565203853.3673835,63,0.9752182364463806
1565203855.749183,64,0.9555555582046509
1565203858.1321836,65,0.983551561832428
1565203860.5153937,66,0.9776487946510315
1565203862.907125,67,0.984375
1565203865.2978427,68,0.9834226369857788
1565203867.6840153,69,0.9585118889808655
1565203870.0685117,70,0.9820337295532227
1565203872.4541216,71,0.9807738065719604
1565203874.8390296,72,0.969057559967041
1565203877.223,73,0.9862003922462463
1565203879.6057618,74,0.984246015548706
1565203881.9880936,75,0.9768254160881042
1565203884.3726938,76,0.9721825122833252
1565203886.7563517,77,0.9850297570228577
1565203889.1417475,78,0.9810813665390015
1565203891.5270445,79,0.9781249761581421
1565203893.9091616,80,0.9826388955116272
1565203896.29155,81,0.986547589302063
1565203898.6754177,82,0.9795138835906982
1565203901.0579796,83,0.9833333492279053
1565203903.4407582,84,0.9680555462837219
1565203905.8237152,85,0.9814682602882385
1565203908.2116904,86,0.9923611283302307
1565203910.5982664,87,0.9929265975952148
1565203912.9803357,88,0.9740476012229919
1565203915.3729744,89,0.9684523940086365
1565203917.7571094,90,0.9850694537162781
1565203920.139085,91,0.9930158853530884
1565203922.5362601,92,0.9829860925674438
1565203924.9345284,93,0.9704563617706299
1565203927.3334355,94,0.9522619247436523
1565203929.7310007,95,0.9886309504508972
1565203932.119922,96,0.9783432483673096
1565203934.5014234,97,0.9763888716697693
1565203936.8834975,98,0.9834722280502319
1565203939.2650952,99,0.9838988184928894
1565203941.6476717,100,0.9826388955116272
1565203944.0289667,101,0.9796031713485718
1565203946.4109511,102,0.9940972328186035
1565203948.7991407,103,0.9915376901626587
1565203951.1835842,104,0.988194465637207
1565203953.565895,105,0.9703174829483032
1565203955.9480066,106,0.9902777671813965
1565203958.3308837,107,0.9891071319580078
1565203960.7129462,108,0.9628472328186035
1565203963.0947046,109,0.99036705493927
1565203965.476693,110,0.9898908734321594
1565203967.8584037,111,0.9967460036277771
1565203970.2408996,112,0.980039656162262
1565203972.624706,113,0.9947916865348816
1565203975.0073621,114,0.977867066860199
1565203977.3897512,115,0.9912797808647156
1565203979.7729335,116,0.9957043528556824
1565203982.1594825,117,0.9920138716697693
1565203984.563117,118,0.996180534362793
1565203986.9634297,119,0.9855059385299683
1565203989.3631036,120,0.9932737946510315
1565203991.7529292,121,0.9908432364463806
1565203994.1350143,122,0.9664087295532227
1565203996.5173585,123,0.9947916865348816
1565203998.90043,124,0.9954861402511597
1565204001.283986,125,0.9940972328186035
1565204003.6669698,126,0.9972222447395325
1565204006.0481718,127,0.9934027791023254
1565204008.4306889,128,0.9929265975952148
1565204010.8126059,129,0.9884126782417297
1565204013.1958702,130,0.9716170430183411
1565204015.5794969,131,0.9967460036277771
1565204017.9634109,132,0.9947916865348816
1565204020.3460538,133,0.9972222447395325
1565204022.7333043,134,0.9565575122833252
1565204025.1182253,135,0.996180534362793
1565204027.5060627,136,0.9851587414741516
1565204029.8919978,137,0.9922321438789368
1565204032.2789311,138,0.9900198578834534
1565204034.661779,139,0.9950991868972778
1565204037.0458274,140,0.9701389074325562
1565204039.428877,141,0.9894543886184692
1565204041.811944,142,0.9963988065719604
1565204044.261141,143,0.9883730411529541
1565204046.7272575,144,0.9965277910232544
1565204049.1816123,145,0.9934027791023254
1565204051.6367464,146,0.9952281713485718
1565204054.1060972,147,0.9891071319580078
1565204056.5605977,148,0.9958333373069763
1565204059.0162978,149,0.9818154573440552
1565204061.4710882,150,0.9960516095161438
1565204063.925978,151,0.9963988065719604
1565204066.3244452,152,0.9951388835906982
1565204068.7077637,153,0.9910615086555481
1565204071.0894806,154,0.9974404573440552
1565204073.4757638,155,0.9932737946510315
1565204075.8575912,156,0.9965277910232544
1565204078.2402904,157,0.996874988079071
1565204080.6220696,158,0.9947519898414612
1565204083.0040398,159,0.9986110925674438
1565204085.385951,160,0.9952281713485718
1565204087.7686715,161,0.9917559623718262
1565204090.150009,162,0.996874988079071
1565204092.5330732,163,0.984246015548706
1565204094.9155722,164,0.9981349110603333
1565204097.3045683,165,0.977867066860199
1565204099.6874657,166,0.9970932602882385
1565204102.072362,167,0.9890674352645874
1565204104.4712975,168,0.9989583492279053
1565204106.8695369,169,0.9936210513114929
1565204109.2685783,170,0.9982638955116272
1565204111.667784,171,0.9989583492279053
1565204114.0670514,172,0.9940972328186035
1565204116.4663785,173,0.9953571557998657
1565204118.8657644,174,0.9336408972740173
1565204121.2644584,175,0.996180534362793
1565204123.6651506,176,0.988194465637207
1565204126.0638824,177,0.9909722208976746
1565204128.4625068,178,0.9979166388511658
1565204130.871857,179,0.9982638955116272
1565204133.2707837,180,0.9950991868972778
1565204135.6687222,181,0.9986110925674438
1565204138.0594041,182,0.996874988079071
1565204140.4417439,183,0.9951388835906982
1565204142.8245924,184,0.996180534362793
1565204145.2103522,185,0.984682559967041
1565204147.5927036,186,0.9993055462837219
1565204149.9746253,187,0.9993055462837219
1565204152.3569329,188,0.9951388835906982
1565204154.7405322,189,0.9906250238418579
1565204157.1237233,190,0.9993055462837219
1565204159.507031,191,0.9979166388511658
1565204161.8917377,192,0.9940972328186035
1565204164.2756875,193,0.9899305701255798
1565204166.6636047,194,0.9993055462837219
1565204169.047857,195,0.9950098991394043
1565204171.4328878,196,0.9996528029441833
1565204173.817465,197,0.9202777743339539
1565204176.2015007,198,0.9979166388511658
1565204178.5865479,199,0.9979166388511658
