Wall time,Step,Value
1565203702.8683338,0,0.6565940976142883
1565203705.0647972,1,0.6652902960777283
1565203707.252671,2,0.7273836135864258
1565203709.4379516,3,0.7670795917510986
1565203711.6266148,4,0.7779029011726379
1565203713.8117664,5,0.803772509098053
1565203715.9990509,6,0.8169419169425964
1565203718.186431,7,0.8449699878692627
1565203720.3728592,8,0.8283596038818359
1565203722.5587897,9,0.8533846139907837
1565203724.746302,10,0.83940190076828
1565203726.929858,11,0.8574824929237366
1565203729.1190877,12,0.8579204082489014
1565203731.3034773,13,0.8731856942176819
1565203733.4899936,14,0.8727790117263794
1565203735.675547,15,0.891422688961029
1565203737.8626168,16,0.8742492198944092
1565203740.0518298,17,0.8879817128181458
1565203742.2381396,18,0.8891391158103943
1565203744.4235032,19,0.8904842138290405
1565203746.6193793,20,0.9110673069953918
1565203748.8056107,21,0.9133195877075195
1565203750.9923542,22,0.9068443179130554
1565203753.17863,23,0.9112550020217896
1565203755.3630764,24,0.9048110842704773
1565203757.5516267,25,0.8909221887588501
1565203759.7350872,26,0.9169169068336487
1565203761.923491,27,0.9145082831382751
1565203764.1145084,28,0.9199512004852295
1565203766.317762,29,0.9136011004447937
1565203768.537101,30,0.9340277910232544
1565203770.7300422,31,0.9169794917106628
1565203772.9160564,32,0.9253003001213074
1565203775.1017325,33,0.9196696877479553
1565203777.2911098,34,0.9323385953903198
1565203779.4778824,35,0.9407219886779785
1565203781.6628659,36,0.9352790117263794
1565203783.8495107,37,0.9365615844726562
1565203786.0373013,38,0.9486674070358276
1565203788.2205489,39,0.9433808922767639
1565203790.405282,40,0.9352790117263794
1565203792.593974,41,0.9425675868988037
1565203794.782863,42,0.9174174070358276
1565203796.9725237,43,0.9454454183578491
1565203799.16615,44,0.9438813924789429
1565203801.358915,45,0.941879391670227
1565203803.5641983,46,0.9373123049736023
1565203805.7667878,47,0.9206393957138062
1565203807.9748344,48,0.9377502799034119
1565203810.1772015,49,0.9402214884757996
1565203812.3813534,50,0.9520457983016968
1565203814.5849981,51,0.9573323130607605
1565203816.7898226,52,0.9217029809951782
1565203818.9927015,53,0.9569882154464722
1565203821.1961474,54,0.956206202507019
1565203823.4007926,55,0.9578328132629395
1565203825.6013722,56,0.9602102041244507
1565203827.7907848,57,0.9419732093811035
1565203829.9821272,58,0.9597409963607788
1565203832.170713,59,0.9567692875862122
1565203834.3606248,60,0.9526088833808899
1565203836.5503833,61,0.9599912166595459
1565203838.7444956,62,0.9583958983421326
1565203840.9355383,63,0.9496371150016785
1565203843.1242328,64,0.9414414167404175
1565203845.3160303,65,0.96668541431427
1565203847.505876,66,0.9631819128990173
1565203849.7001119,67,0.965434193611145
1565203851.8880582,68,0.956706702709198
1565203854.0769465,69,0.9591466188430786
1565203856.2692997,70,0.9685935974121094
1565203858.4564834,71,0.9624624848365784
1565203860.6459303,72,0.9602102041244507
1565203862.835105,73,0.9527652859687805
1565203865.0249128,74,0.9301488995552063
1565203867.218219,75,0.9507007002830505
1565203869.4091706,76,0.9543918967247009
1565203871.598671,77,0.9744431972503662
1565203873.7933545,78,0.9707832932472229
1565203875.98613,79,0.96668541431427
1565203878.1766238,80,0.9589589834213257
1565203880.36613,81,0.965434193611145
1565203882.55749,82,0.9747247099876404
1565203884.744519,83,0.9707832932472229
1565203886.9357898,84,0.9620558023452759
1565203889.1251595,85,0.9749436974525452
1565203891.3130143,86,0.9645270109176636
1565203893.5020182,87,0.9566754102706909
1565203895.6906211,88,0.9576138854026794
1565203897.8795817,89,0.9513888955116272
1565203900.0671566,90,0.9430367946624756
1565203902.2561216,91,0.9697197079658508
1565203904.442861,92,0.9619932174682617
1565203906.6370027,93,0.9774461984634399
1565203908.824891,94,0.9668418169021606
1565203911.0206172,95,0.9683120846748352
1565203913.223779,96,0.9649336934089661
1565203915.4152935,97,0.9711899161338806
1565203917.6039674,98,0.9691566824913025
1565203919.7931013,99,0.9726601839065552
1565203921.9801426,100,0.9746934175491333
1565203924.1691303,101,0.9478853940963745
1565203926.3593004,102,0.9404404163360596
1565203928.5511818,103,0.9685310125350952
1565203930.7462444,104,0.9635260105133057
1565203932.9516373,105,0.9702202081680298
1565203935.169648,106,0.9806368947029114
1565203937.3997633,107,0.9719094038009644
1565203939.5860155,108,0.9707520008087158
1565203941.7720585,109,0.9677489995956421
1565203943.9627063,110,0.9811999201774597
1565203946.15121,111,0.9823886156082153
1565203948.339545,112,0.9564877152442932
1565203950.5259087,113,0.9739426970481873
1565203952.7168086,114,0.9756318926811218
1565203954.906935,115,0.9803553819656372
1565203957.0977838,116,0.9698761105537415
1565203959.2850287,117,0.9794481992721558
1565203961.472965,118,0.9421921968460083
1565203963.659416,119,0.983577311038971
1565203965.8466835,120,0.9800738096237183
1565203968.0326412,121,0.9808558821678162
1565203970.219608,122,0.9797297120094299
1565203972.407861,123,0.9473223090171814
1565203974.5954237,124,0.9814189076423645
1565203976.7887075,125,0.9483858942985535
1565203978.9790967,126,0.9752877950668335
1565203981.1665568,127,0.9700012803077698
1565203983.357129,128,0.9718468189239502
1565203985.5459318,129,0.9670608043670654
1565203987.7318099,130,0.9727540016174316
1565203989.9211106,131,0.9833896160125732
1565203992.1137402,132,0.9752252101898193
1565203994.3058586,133,0.9814814925193787
1565203996.4974773,134,0.9712837934494019
1565203998.6872556,135,0.9706268906593323
1565204000.8776703,136,0.9755693078041077
1565204003.0662272,137,0.9795733094215393
1565204005.2539132,138,0.9839214086532593
1565204007.4440603,139,0.9807620048522949
1565204009.6331074,140,0.9833896160125732
1565204011.8211675,141,0.9753503799438477
1565204014.0119548,142,0.9646521806716919
1565204016.200089,143,0.977477490901947
1565204018.3902693,144,0.9733170866966248
1565204020.5789597,145,0.9829517006874084
1565204022.7712107,146,0.9600850939750671
1565204024.961674,147,0.9800112843513489
1565204027.1523166,148,0.9794481992721558
1565204029.3401248,149,0.9778841137886047
1565204031.5303497,150,0.9831706881523132
1565204033.7234676,151,0.9733170866966248
1565204035.914267,152,0.9828891158103943
1565204038.1024292,153,0.9461961984634399
1565204040.2913,154,0.9870495200157166
1565204042.4796953,155,0.9845783114433289
1565204044.6785152,156,0.9794481992721558
1565204046.869132,157,0.9845157861709595
1565204049.0587153,158,0.9766954183578491
1565204051.2468793,159,0.9845157861709595
1565204053.4347148,160,0.9794481992721558
1565204055.6242595,161,0.9847972989082336
1565204057.8161354,162,0.9788851141929626
1565204060.006141,163,0.9806994199752808
1565204062.1938193,164,0.9828891158103943
1565204064.3867826,165,0.9893018007278442
1565204066.5793078,166,0.9871121048927307
1565204068.7692006,167,0.97309809923172
1565204070.9582074,168,0.953390896320343
1565204073.1497366,169,0.9783220887184143
1565204075.3389206,170,0.96211838722229
1565204077.526734,171,0.9895833134651184
1565204079.7153077,172,0.9862675070762634
1565204081.9020948,173,0.9828891158103943
1565204084.0931442,174,0.9870495200157166
1565204086.280896,175,0.991053581237793
1565204088.469481,176,0.9826701879501343
1565204090.6600804,177,0.9864864945411682
1565204092.8571246,178,0.9842342138290405
1565204095.0471778,179,0.9907094836235046
1565204097.2409146,180,0.9720970988273621
1565204099.4314604,181,0.9904279112815857
1565204101.6276135,182,0.9777590036392212
1565204103.8246498,183,0.9885197877883911
1565204106.0144405,184,0.9890202879905701
1565204108.2049556,185,0.9671233892440796
1565204110.3940916,186,0.9831706881523132
1565204112.5853732,187,0.986204981803894
1565204114.774229,188,0.9901463985443115
1565204116.9680777,189,0.9809184074401855
1565204119.159574,190,0.9890828132629395
1565204121.3480554,191,0.9681869149208069
1565204123.535209,192,0.9725350141525269
1565204125.7337763,193,0.9828265905380249
1565204127.925093,194,0.991272509098053
1565204130.1142037,195,0.9923986196517944
1565204132.3049622,196,0.9838588833808899
1565204134.4955604,197,0.9890202879905701
1565204136.6839728,198,0.9740990996360779
1565204138.877687,199,0.9888638854026794
