Wall time,Step,Value
1565203703.3340793,0,0.6130120158195496
1565203706.1209204,1,0.7016419768333435
1565203708.890806,2,0.7667490839958191
1565203711.6420138,3,0.7872351408004761
1565203714.3980198,4,0.7933086156845093
1565203717.1694474,5,0.8300729990005493
1565203719.9796388,6,0.8307673931121826
1565203722.7488456,7,0.8546375036239624
1565203725.5980012,8,0.852595329284668
1565203728.4174974,9,0.8648363947868347
1565203731.2122407,10,0.8593279123306274
1565203733.9820104,11,0.8770362734794617
1565203736.7654903,12,0.8552495241165161
1565203739.5531173,13,0.8955273032188416
1565203742.3306108,14,0.8928731083869934
1565203745.1000402,15,0.8939206600189209
1565203747.8773425,16,0.8808968663215637
1565203750.6625295,17,0.9128472208976746
1565203753.4433336,18,0.9077212810516357
1565203756.2239323,19,0.9136240482330322
1565203759.0020368,20,0.920180082321167
1565203761.7982545,21,0.9198328852653503
1565203764.577362,22,0.9001706838607788
1565203767.3656943,23,0.9081979990005493
1565203770.155864,24,0.9362818002700806
1565203772.9358077,25,0.9056732654571533
1565203775.7227633,26,0.9402777552604675
1565203778.5158548,27,0.9383180141448975
1565203781.298778,28,0.941319465637207
1565203784.0886848,29,0.9192678928375244
1565203786.878937,30,0.9427024722099304
1565203789.669344,31,0.9469162225723267
1565203792.4491103,32,0.9517772793769836
1565203795.2505758,33,0.9442678689956665
1565203798.0321302,34,0.9541195631027222
1565203800.8225968,35,0.9424434900283813
1565203803.6119258,36,0.9363700747489929
1565203806.3908405,37,0.9367172718048096
1565203809.187203,38,0.9323740601539612
1565203811.9968088,39,0.9501294493675232
1565203814.7744114,40,0.9531661868095398
1565203817.5723052,41,0.9434439539909363
1565203820.3578258,42,0.9538194537162781
1565203823.1371837,43,0.9602813124656677
1565203825.9322355,44,0.9392772912979126
1565203828.7204309,45,0.9567679166793823
1565203831.4902704,46,0.9500824213027954
1565203834.2751427,47,0.9501294493675232
1565203837.0679872,48,0.962629497051239
1565203839.868182,49,0.9440972208976746
1565203842.6408646,50,0.9648422598838806
1565203845.4472487,51,0.965189516544342
1565203848.2540562,52,0.9591984748840332
1565203851.0345566,53,0.9647127985954285
1565203853.8318503,54,0.9374117255210876
1565203856.6207736,55,0.9655367136001587
1565203859.420104,56,0.9618467688560486
1565203862.209901,57,0.9652718901634216
1565203865.0033174,58,0.9661428928375244
1565203867.795526,59,0.9711805582046509
1565203870.588619,60,0.9619762301445007
1565203873.3894126,61,0.9750412106513977
1565203876.17528,62,0.9636711478233337
1565203878.9710476,63,0.9720044732093811
1565203881.7631311,64,0.9610228538513184
1565203884.5482762,65,0.9620174169540405
1565203887.3317583,66,0.9758239388465881
1565203890.119341,67,0.9694856405258179
1565203892.9073298,68,0.9536017179489136
1565203895.6974187,69,0.9622822403907776
1565203898.4812639,70,0.9840278029441833
1565203901.2689571,71,0.9549022912979126
1565203904.0577106,72,0.972740113735199
1565203906.8655403,73,0.9679672718048096
1565203909.6938236,74,0.9796433448791504
1565203912.5039809,75,0.9724811911582947
1565203915.2952907,76,0.9737405776977539
1565203918.0896854,77,0.9775600433349609
1565203920.876257,78,0.9699211120605469
1565203923.6562805,79,0.9810322523117065
1565203926.4467788,80,0.9781249761581421
1565203929.231386,81,0.9712217450141907
1565203932.0347183,82,0.9834628105163574
1565203934.8201058,83,0.9733933806419373
1565203937.6476793,84,0.9822916388511658
1565203940.4403276,85,0.9856756329536438
1565203943.2286134,86,0.9797728061676025
1565203946.011469,87,0.9790784120559692
1565203948.798937,88,0.963665246963501
1565203951.5972366,89,0.962629497051239
1565203954.3731205,90,0.984375
1565203957.1607838,91,0.9724811911582947
1565203959.9525373,92,0.9511711597442627
1565203962.7328274,93,0.9621056914329529
1565203965.5178044,94,0.9883239269256592
1565203968.3034627,95,0.9850694537162781
1565203971.0884757,96,0.965189516544342
1565203973.8877802,97,0.9888888597488403
1565203976.670868,98,0.9838100075721741
1565203979.4616485,99,0.9895833134651184
1565203982.2471228,100,0.9752118587493896
1565203985.0298507,101,0.9657956957817078
1565203987.8091345,102,0.9815089702606201
1565203990.5923543,103,0.9916666746139526
1565203993.3812304,104,0.957115113735199
1565203996.1824808,105,0.9883239269256592
1565203998.9892592,106,0.9898422956466675
1565204001.7719202,107,0.9893655776977539
1565204004.5632942,108,0.9916666746139526
1565204007.349325,109,0.9895833134651184
1565204010.1371903,110,0.9833333492279053
1565204012.9282038,111,0.9745644927024841
1565204015.7264347,112,0.9693561792373657
1565204018.5274692,113,0.9691384434700012
1565204021.3193142,114,0.9927083253860474
1565204024.0929081,115,0.9861522912979126
1565204026.8966434,116,0.983939528465271
1565204029.688438,117,0.9788194298744202
1565204032.4759881,118,0.9902777671813965
1565204035.2451925,119,0.9891478419303894
1565204038.0329716,120,0.9803789854049683
1565204040.830741,121,0.9944444298744202
1565204043.6170228,122,0.9798611402511597
1565204046.4112883,123,0.9930555820465088
1565204049.2080154,124,0.9940972328186035
1565204051.9977317,125,0.9836805462837219
1565204054.7821894,126,0.9927083253860474
1565204057.5620232,127,0.9937499761581421
1565204060.3506591,128,0.9886711239814758
1565204063.1310844,129,0.9917961359024048
1565204065.9051921,130,0.9513006210327148
1565204068.687097,131,0.9937499761581421
1565204071.452618,132,0.9927083253860474
1565204074.2330525,133,0.9937499761581421
1565204077.0192869,134,0.9606755971908569
1565204079.7823582,135,0.996180534362793
1565204082.5708208,136,0.9947916865348816
1565204085.3506696,137,0.988194465637207
1565204088.1418548,138,0.9937499761581421
1565204090.921033,139,0.9647539854049683
1565204093.706303,140,0.9965277910232544
1565204096.4822686,141,0.9928377866744995
1565204099.2649634,142,0.9760416746139526
1565204102.050356,143,0.9930555820465088
1565204104.8316355,144,0.9916666746139526
1565204107.626986,145,0.990060031414032
1565204110.421394,146,0.9890183806419373
1565204113.1972427,147,0.9861111044883728
1565204115.960694,148,0.9930555820465088
1565204118.7426429,149,0.9944444298744202
1565204121.520622,150,0.9818561673164368
1565204124.294653,151,0.9947916865348816
1565204127.0822377,152,0.9934027791023254
1565204129.869729,153,0.9934027791023254
1565204132.646048,154,0.9966572523117065
1565204135.4467123,155,0.996874988079071
1565204138.2383342,156,0.9965277910232544
1565204141.0231955,157,0.996874988079071
1565204143.8092575,158,0.9958333373069763
1565204146.5961306,159,0.9753884077072144
1565204149.3744986,160,0.9857639074325562
1565204152.152479,161,0.9958333373069763
1565204154.9454503,162,0.9951388835906982
1565204157.7219658,163,0.9944444298744202
1565204160.506583,164,0.9954861402511597
1565204163.2901237,165,0.9914489388465881
1565204166.0712461,166,0.9951388835906982
1565204168.857316,167,0.996180534362793
1565204171.6445155,168,0.9897128343582153
1565204174.4358504,169,0.9975694417953491
1565204177.2208362,170,0.9934027791023254
1565204180.121944,171,0.9947916865348816
1565204182.903037,172,0.9913194179534912
1565204185.6823146,173,0.9944444298744202
1565204188.4778626,174,0.9960922598838806
1565204191.248704,175,0.978254497051239
1565204194.0280008,176,0.9973517060279846
1565204196.8571403,177,0.9879766702651978
1565204199.6514182,178,0.9956156015396118
1565204202.4500024,179,0.9951388835906982
1565204205.2635689,180,0.988194465637207
1565204208.0988634,181,0.9940972328186035
1565204210.9150062,182,0.9940972328186035
1565204213.6918259,183,0.9954861402511597
1565204216.4980242,184,0.9975694417953491
1565204219.2441974,185,0.9979166388511658
1565204221.99921,186,0.9795138835906982
1565204224.7445796,187,0.987500011920929
1565204227.502192,188,0.9909722208976746
1565204230.2572274,189,0.9986110925674438
1565204233.0108128,190,0.9989583492279053
1565204235.7634206,191,0.9986110925674438
1565204238.5096788,192,0.9976989030838013
1565204241.2699816,193,0.9857580065727234
1565204244.0279322,194,0.9980461597442627
1565204246.7768488,195,0.9979166388511658
1565204249.5326266,196,0.9986110925674438
1565204252.290658,197,0.9986110925674438
1565204255.042534,198,0.9982638955116272
1565204257.809481,199,0.9982638955116272
