Wall time,Step,Value
1565203702.8462696,0,0.7076221108436584
1565203705.0951726,1,0.7584015130996704
1565203707.3030372,2,0.7808647751808167
1565203709.5293002,3,0.7982752323150635
1565203711.7404795,4,0.8098328709602356
1565203713.9738312,5,0.8332889080047607
1565203716.192245,6,0.8361783027648926
1565203718.4515843,7,0.8305476307868958
1565203720.6636996,8,0.8400456309318542
1565203722.872856,9,0.85773766040802
1565203725.0810134,10,0.8603159189224243
1565203727.2892482,11,0.8703917860984802
1565203729.4958334,12,0.8590416312217712
1565203731.7029276,13,0.8729255795478821
1565203733.9134688,14,0.8630719780921936
1565203736.1213553,15,0.8727921843528748
1565203738.3344297,16,0.8616791367530823
1565203740.545776,17,0.8923512101173401
1565203742.7580595,18,0.8843349814414978
1565203744.9698362,19,0.896159291267395
1565203747.1785872,20,0.8767929077148438
1565203749.38541,21,0.8750296235084534
1565203751.5943928,22,0.8891062140464783
1565203753.8016768,23,0.8765261769294739
1565203756.0098727,24,0.8940997123718262
1565203758.2194452,25,0.9033309817314148
1565203760.4318419,26,0.9062055349349976
1565203762.6398966,27,0.9022196531295776
1565203764.848074,28,0.9075687527656555
1565203767.0588858,29,0.9012417197227478
1565203769.266815,30,0.89961177110672
1565203771.4742954,31,0.9015083909034729
1565203773.6971567,32,0.8948405385017395
1565203775.9237812,33,0.9057313799858093
1565203778.1480877,34,0.8957296013832092
1565203780.372352,35,0.9112286567687988
1565203782.581686,36,0.9121325016021729
1565203784.79315,37,0.923704981803894
1565203787.0043576,38,0.9134068489074707
1565203789.2163873,39,0.9058647751808167
1565203791.4230676,40,0.9233196973800659
1565203793.6339533,41,0.9313507676124573
1565203795.8452358,42,0.921423077583313
1565203798.0585232,43,0.9127548336982727
1565203800.2745013,44,0.9007971882820129
1565203802.4886022,45,0.9168444871902466
1565203804.7065866,46,0.9293059706687927
1565203806.920421,47,0.9288318157196045
1565203809.1399217,48,0.9211563467979431
1565203811.3565598,49,0.9024863839149475
1565203813.573436,50,0.9150219559669495
1565203815.787833,51,0.926149845123291
1565203818.0037587,52,0.9292615056037903
1565203820.2158785,53,0.9367146492004395
1565203822.433328,54,0.9169926643371582
1565203824.6450167,55,0.9279872179031372
1565203826.8601308,56,0.9246680736541748
1565203829.0758598,57,0.9243273138999939
1565203831.2885232,58,0.9373518228530884
1565203833.50664,59,0.944316029548645
1565203835.729297,60,0.9322546124458313
1565203837.9431536,61,0.9030494093894958
1565203840.159036,62,0.9323583245277405
1565203842.3719242,63,0.9375444650650024
1565203844.586064,64,0.9374851584434509
1565203846.802458,65,0.9260164499282837
1565203849.0170128,66,0.9341512322425842
1565203851.2286055,67,0.9309951663017273
1565203853.4453046,68,0.9334844946861267
1565203855.6584897,69,0.928046464920044
1565203857.8748474,70,0.9138957858085632
1565203860.0873973,71,0.9354403614997864
1565203862.3056412,72,0.9393225312232971
1565203864.521228,73,0.9316471219062805
1565203866.735438,74,0.9436047673225403
1565203868.948254,75,0.923052966594696
1565203871.163547,76,0.9153923392295837
1565203873.3785431,77,0.9391002655029297
1565203875.5908585,78,0.94121915102005
1565203877.8067563,79,0.9372184872627258
1565203880.0240107,80,0.9326398968696594
1565203882.2382927,81,0.9325658082962036
1565203884.4513943,82,0.9181928634643555
1565203886.6664565,83,0.9317063689231873
1565203888.8792462,84,0.9456644058227539
1565203891.0976963,85,0.9190374612808228
1565203893.3161602,86,0.926505446434021
1565203895.5283914,87,0.9443901181221008
1565203897.7456357,88,0.9254534244537354
1565203899.9620147,89,0.9380630850791931
1565203902.1750169,90,0.9386113286018372
1565203904.3883553,91,0.9296615719795227
1565203906.6050217,92,0.9364331364631653
1565203908.8213787,93,0.9463608264923096
1565203911.0340812,94,0.9150960445404053
1565203913.2525403,95,0.9488946199417114
1565203915.4683578,96,0.9400189518928528
1565203917.6877925,97,0.9434714317321777
1565203919.905858,98,0.9401523470878601
1565203922.1250129,99,0.953399121761322
1565203924.3407009,100,0.9334104061126709
1565203926.555588,101,0.9379149079322815
1565203928.77387,102,0.9267573356628418
1565203930.9958224,103,0.9430417418479919
1565203933.225518,104,0.9367887377738953
1565203935.4485562,105,0.9441826939582825
1565203937.6633513,106,0.9404338598251343
1565203939.8743856,107,0.9554439187049866
1565203942.0891283,108,0.9403005242347717
1565203944.3038955,109,0.9444493651390076
1565203946.5186365,110,0.9545252323150635
1565203948.7324429,111,0.9405820369720459
1565203950.949804,112,0.9388187527656555
1565203953.168284,113,0.9467016458511353
1565203955.384032,114,0.9457978010177612
1565203957.5988047,115,0.9333363175392151
1565203959.8104584,116,0.9573405385017395
1565203962.0230002,117,0.9362998008728027
1565203964.2365108,118,0.9316322803497314
1565203966.454213,119,0.9354403614997864
1565203968.6651838,120,0.932417631149292
1565203970.8779588,121,0.9529694318771362
1565203973.0898895,122,0.9363590478897095
1565203975.3036015,123,0.9413673281669617
1565203977.5155656,124,0.944316029548645
1565203979.7260835,125,0.9428935647010803
1565203981.9478767,126,0.9238383173942566
1565203984.1604333,127,0.9469239115715027
1565203986.3745887,128,0.9503615498542786
1565203988.5896146,129,0.9391743540763855
1565203990.802041,130,0.9459459185600281
1565203993.0160239,131,0.9337511658668518
1565203995.233666,132,0.9351588487625122
1565203997.446905,133,0.9484056234359741
1565203999.6610768,134,0.9436047673225403
1565204001.8753657,135,0.9557847380638123
1565204004.0890045,136,0.9369369149208069
1565204006.3067589,137,0.9434714317321777
1565204008.5210283,138,0.9319878816604614
1565204010.7336967,139,0.9567775130271912
1565204012.9467828,140,0.932773232460022
1565204015.1586864,141,0.9438863396644592
1565204017.3704545,142,0.95148766040802
1565204019.5845156,143,0.9545252323150635
1565204021.8043256,144,0.962482213973999
1565204024.0191314,145,0.9497392177581787
1565204026.2336931,146,0.9353070259094238
1565204028.4464793,147,0.9381964206695557
1565204030.6620145,148,0.9526878595352173
1565204032.876436,149,0.9607189297676086
1565204035.0876703,150,0.955295741558075
1565204037.3023818,151,0.9598002433776855
1565204039.5170934,152,0.9512802362442017
1565204041.7312717,153,0.9517099261283875
1565204043.948774,154,0.9603633284568787
1565204046.1652715,155,0.9562885165214539
1565204048.3790622,156,0.9453680515289307
1565204050.5917532,157,0.9464349150657654
1565204052.8077307,158,0.9497984647750854
1565204055.0238109,159,0.9622599482536316
1565204057.240104,160,0.9101914167404175
1565204059.4523487,161,0.9594446420669556
1565204061.6802232,162,0.9500207304954529
1565204063.895694,163,0.9501689076423645
1565204066.1091776,164,0.9461534023284912
1565204068.3225746,165,0.9633119702339172
1565204070.5407674,166,0.9603633284568787
1565204072.756674,167,0.9581703543663025
1565204074.9705198,168,0.9651493430137634
1565204077.1879714,169,0.9439011216163635
1565204079.400054,170,0.9740842580795288
1565204081.612957,171,0.94121915102005
1565204083.8269143,172,0.9562885165214539
1565204086.0426,173,0.9511468410491943
1565204088.259164,174,0.9463460445404053
1565204090.4799502,175,0.9560810923576355
1565204092.6919599,176,0.9652234315872192
1565204094.920417,177,0.9564959406852722
1565204097.1387804,178,0.9304469227790833
1565204099.353714,179,0.9499466419219971
1565204101.5660076,180,0.9688092470169067
1565204103.7813237,181,0.9553698301315308
1565204105.9943547,182,0.9595928192138672
1565204108.2099078,183,0.9595779776573181
1565204110.422265,184,0.9553698301315308
1565204112.6342099,185,0.9657124280929565
1565204114.847924,186,0.9637417197227478
1565204117.0641053,187,0.967194139957428
1565204119.2796547,188,0.963667631149292
1565204121.493493,189,0.9387595057487488
1565204123.704609,190,0.9453088045120239
1565204125.9208333,191,0.9524804353713989
1565204128.1341245,192,0.9546734094619751
1565204130.3477936,193,0.955843985080719
1565204132.5600688,194,0.9694464206695557
1565204134.772133,195,0.9652234315872192
1565204136.9906476,196,0.9578887820243835
1565204139.2038958,197,0.9519173502922058
1565204141.4215252,198,0.9592223763465881
1565204143.6407847,199,0.957755446434021
