Wall time,Step,Value
1565203703.4120486,0,0.7050732970237732
1565203706.1589682,1,0.7861400246620178
1565203708.9110818,2,0.8014660477638245
1565203711.6632726,3,0.8170331716537476
1565203714.4286246,4,0.8568094372749329
1565203717.1607754,5,0.8457754850387573
1565203719.9390795,6,0.8703028559684753
1565203722.6826825,7,0.8825424313545227
1565203725.4187071,8,0.8939525485038757
1565203728.1524925,9,0.883873462677002
1565203730.8861048,10,0.901060938835144
1565203733.6250274,11,0.8951678276062012
1565203736.3668993,12,0.9060763716697693
1565203739.1026146,13,0.9082561731338501
1565203741.8429153,14,0.9111014604568481
1565203744.589502,15,0.9174672365188599
1565203747.324923,16,0.9085841178894043
1565203750.0589256,17,0.913840651512146
1565203752.7920187,18,0.9129918813705444
1565203755.5273998,19,0.9235725402832031
1565203758.2643516,20,0.927006185054779
1565203760.999114,21,0.9284240007400513
1565203763.7314491,22,0.9171585440635681
1565203766.4671185,23,0.9283082485198975
1565203769.2007515,24,0.9300636649131775
1565203771.9329548,25,0.9226755499839783
1565203774.6703494,26,0.9025559425354004
1565203777.4064145,27,0.9266300201416016
1565203780.1440523,28,0.935435950756073
1565203782.883738,29,0.9342496395111084
1565203785.6192124,30,0.9409529566764832
1565203788.3561916,31,0.9405960440635681
1565203791.0947735,32,0.9333526492118835
1565203793.8292708,33,0.9413098096847534
1565203796.5616238,34,0.9453800320625305
1565203799.3014061,35,0.9433448910713196
1565203802.039353,36,0.9472511410713196
1565203804.7720864,37,0.943248450756073
1565203807.508319,38,0.9147666096687317
1565203810.243925,39,0.946846067905426
1565203812.9936507,40,0.9493345022201538
1565203815.7395494,41,0.9507812261581421
1565203818.479748,42,0.9444058537483215
1565203821.2205205,43,0.9183159470558167
1565203823.961692,44,0.9408564567565918
1565203826.6993732,45,0.9521026015281677
1565203829.4442687,46,0.9513213634490967
1565203832.190165,47,0.9403838515281677
1565203834.9312034,48,0.9506076574325562
1565203837.6723738,49,0.9597994089126587
1565203840.4122987,50,0.9480806589126587
1565203843.1596155,51,0.9485532641410828
1565203845.8997111,52,0.9437692761421204
1565203848.6402082,53,0.9546103477478027
1565203851.3822508,54,0.9567418694496155
1565203854.1244884,55,0.9425154328346252
1565203856.8634818,56,0.9622395634651184
1565203859.6019864,57,0.9593750238418579
1565203862.3419974,58,0.9584972858428955
1565203865.099662,59,0.9459008574485779
1565203867.8417346,60,0.9581404328346252
1565203870.5839238,61,0.956057071685791
1565203873.3239877,62,0.961998462677002
1565203876.0616937,63,0.9613329768180847
1565203878.8125558,64,0.9650077223777771
1565203881.5541186,65,0.9590181112289429
1565203884.2966998,66,0.972038984298706
1565203887.0367932,67,0.9626157283782959
1565203889.7731833,68,0.9706886410713196
1565203892.510991,69,0.9566261768341064
1565203895.2555869,70,0.9673514366149902
1565203897.9950569,71,0.9691743850708008
1565203900.7345374,72,0.9685571193695068
1565203903.4770699,73,0.9623070955276489
1565203906.219926,74,0.9550636410713196
1565203908.960632,75,0.9680845141410828
1565203911.7017002,76,0.9691743850708008
1565203914.4486232,77,0.9624035358428955
1565203917.1927826,78,0.9645061492919922
1565203919.9327304,79,0.9729166626930237
1565203922.6859288,80,0.9689815044403076
1565203925.4470649,81,0.9654803276062012
1565203928.2045,82,0.9679880142211914
1565203930.9476242,83,0.9494309425354004
1565203933.6887646,84,0.9577160477638245
1565203936.4287033,85,0.9646990895271301
1565203939.167536,86,0.9753761291503906
1565203941.9080625,87,0.9762056469917297
1565203944.648213,88,0.9772472977638245
1565203947.3877065,89,0.9600598216056824
1565203950.133803,90,0.9743826985359192
1565203952.8730235,91,0.9749035239219666
1565203955.6131516,92,0.9677276015281677
1565203958.3560207,93,0.9798997044563293
1565203961.096702,94,0.9741705060005188
1565203963.8352952,95,0.956722617149353
1565203966.576117,96,0.9508969783782959
1565203969.3157535,97,0.9756848216056824
1565203972.056168,98,0.971566379070282
1565203974.795353,99,0.9668306112289429
1565203977.53931,100,0.9663580060005188
1565203980.2780683,101,0.9825038313865662
1565203983.015925,102,0.9792341589927673
1565203985.754074,103,0.9820312261581421
1565203988.496951,104,0.9798997044563293
1565203991.2367647,105,0.9706886410713196
1565203993.9756627,106,0.959847629070282
1565203996.71421,107,0.9729359745979309
1565203999.4531345,108,0.9743826985359192
1565204002.1954305,109,0.9808931350708008
1565204004.933524,110,0.9814814925193787
1565204007.6768172,111,0.9818865656852722
1565204010.4172614,112,0.9828125238418579
1565204013.1615152,113,0.972038984298706
1565204015.903353,114,0.9803240895271301
1565204018.6455889,115,0.9825038313865662
1565204021.3848157,116,0.9798997044563293
1565204024.1262655,117,0.9782889485359192
1565204026.874193,118,0.9822434186935425
1565204029.6131253,119,0.9794463515281677
1565204032.3531008,120,0.985156238079071
1565204035.096746,121,0.9843267798423767
1565204037.8362322,122,0.9821951985359192
1565204040.5768857,123,0.9830247163772583
1565204043.3305414,124,0.9851080179214478
1565204046.0789535,125,0.9730806350708008
1565204048.820889,126,0.9859374761581421
1565204051.567573,127,0.9861496686935425
1565204054.3113441,128,0.9856288433074951
1565204057.051457,129,0.9754244089126587
1565204059.7946734,130,0.9838541746139526
1565204062.5356622,131,0.9722993969917297
1565204065.281102,132,0.9746913313865662
1565204068.0374525,133,0.9798032641410828
1565204070.7820654,134,0.989062488079071
1565204073.5249891,135,0.9803723096847534
1565204076.2641716,136,0.9879243969917297
1565204079.0056567,137,0.9880208373069763
1565204081.7469497,138,0.98828125
1565204084.4882267,139,0.9824556112289429
1565204087.231963,140,0.9919270873069763
1565204089.9813194,141,0.9859374761581421
1565204092.724901,142,0.9844425320625305
1565204095.4721045,143,0.9897955060005188
1565204098.213702,144,0.9908854365348816
1565204100.9586957,145,0.9889660477638245
1565204103.7037003,146,0.9486497044563293
1565204106.46658,147,0.9843267798423767
1565204109.2133083,148,0.9702160358428955
1565204111.9555533,149,0.9902681112289429
1565204114.696323,150,0.987663984298706
1565204117.4376261,151,0.9867187738418579
1565204120.1854706,152,0.9916666746139526
1565204122.9287996,153,0.9597511291503906
1565204125.6733947,154,0.9916666746139526
1565204128.4156675,155,0.9908854365348816
1565204131.156336,156,0.9926601052284241
1565204133.8956487,157,0.9881848096847534
1565204136.6423323,158,0.9809895753860474
1565204139.382293,159,0.9923996925354004
1565204142.1231859,160,0.9848476052284241
1565204144.9075563,161,0.9908854365348816
1565204147.675781,162,0.9910494089126587
1565204150.4538474,163,0.9869309663772583
1565204153.2828858,164,0.991406261920929
1565204156.1107397,165,0.9903646111488342
1565204158.899443,166,0.9940103888511658
1565204161.6426728,167,0.9867187738418579
1565204164.3896184,168,0.98046875
1565204167.1346622,169,0.9888020753860474
1565204169.9457943,170,0.9919270873069763
1565204172.7679484,171,0.991097629070282
1565204175.6020398,172,0.9859374761581421
1565204178.424275,173,0.9880208373069763
1565204181.2449493,174,0.991097629070282
1565204184.0271409,175,0.979378879070282
1565204186.7745883,176,0.9929205179214478
1565204189.5119517,177,0.9901041388511658
1565204192.2568707,178,0.9921392798423767
1565204195.0002804,179,0.9893229007720947
1565204197.7427669,180,0.9884452223777771
1565204200.4903584,181,0.9919270873069763
1565204203.2311525,182,0.9927083253860474
1565204205.97522,183,0.9898437261581421
1565204208.7209175,184,0.9923996925354004
1565204211.4658387,185,0.9908854365348816
1565204214.2075493,186,0.991878867149353
1565204216.950809,187,0.9728684425354004
1565204219.6935818,188,0.9929205179214478
1565204222.472565,189,0.992968738079071
1565204225.2940643,190,0.9926601052284241
1565204228.0727944,191,0.9878472089767456
1565204230.8125484,192,0.991406261920929
1565204233.616863,193,0.9905768036842346
1565204236.4415,194,0.9934895634651184
1565204239.2651036,195,0.9916666746139526
1565204242.0863442,196,0.9905768036842346
1565204244.8668804,197,0.9958333373069763
1565204247.6089387,198,0.9923996925354004
1565204250.3508196,199,0.9931327104568481
