Wall time,Step,Value
1565203702.9259336,0,0.6825042366981506
1565203705.2474625,1,0.774394154548645
1565203707.5453715,2,0.803730845451355
1565203709.853237,3,0.8266900777816772
1565203712.2023323,4,0.8227040767669678
1565203714.5365155,5,0.796290397644043
1565203716.8350766,6,0.868728756904602
1565203719.1317647,7,0.882227897644043
1565203721.4292827,8,0.8798894286155701
1565203723.7242074,9,0.8660714030265808
1565203726.0188909,10,0.896258533000946
1565203728.3153062,11,0.8907312750816345
1565203730.6108482,12,0.9103953838348389
1565203732.9049475,13,0.913690447807312
1565203735.202413,14,0.9097045063972473
1565203737.4995918,15,0.894345223903656
1565203739.7959821,16,0.9200148582458496
1565203742.0928097,17,0.9289434552192688
1565203744.4328856,18,0.9289966225624084
1565203746.7339642,19,0.9334608912467957
1565203749.0501812,20,0.9204931855201721
1565203751.3975682,21,0.9461097121238708
1565203753.7015622,22,0.9212372303009033
1565203755.9957411,23,0.949032723903656
1565203758.291719,24,0.9364370703697205
1565203760.5858228,25,0.933779776096344
1565203762.8820193,26,0.9397321343421936
1565203765.1617184,27,0.9498299360275269
1565203767.4415207,28,0.9412733912467957
1565203769.7208948,29,0.937872052192688
1565203772.0120647,30,0.9242665767669678
1565203774.3071275,31,0.9516900777816772
1565203776.6132522,32,0.9535501599311829
1565203778.9047844,33,0.9635947942733765
1565203781.184734,34,0.949032723903656
1565203783.4646866,35,0.9434523582458496
1565203785.7441669,36,0.9579613208770752
1565203788.0261986,37,0.964657723903656
1565203790.3060815,38,0.965029776096344
1565203792.588836,39,0.9584927558898926
1565203794.8700547,40,0.9389880895614624
1565203797.1509662,41,0.9513180255889893
1565203799.436841,42,0.9606186151504517
1565203801.7236204,43,0.9397853016853333
1565203804.0367715,44,0.9624255895614624
1565203806.3911154,45,0.9650828838348389
1565203808.7484148,46,0.9441964030265808
1565203811.1021192,47,0.9631696343421936
1565203813.414587,48,0.9627976417541504
1565203815.7133222,49,0.9654017686843872
1565203818.013626,50,0.9591305255889893
1565203820.3094454,51,0.9535501599311829
1565203822.594799,52,0.9512648582458496
1565203824.8788755,53,0.9575892686843872
1565203827.1649969,54,0.9453125
1565203829.450047,55,0.9647108912467957
1565203831.7385058,56,0.9628507494926453
1565203834.0384674,57,0.9568983912467957
1565203836.341111,58,0.9739583134651184
1565203838.6403198,59,0.9754995703697205
1565203840.9405427,60,0.9688562750816345
1565203843.2396934,61,0.9542410969734192
1565203845.5404828,62,0.9639668464660645
1565203847.841452,63,0.96875
1565203850.1405559,64,0.9423363208770752
1565203852.439342,65,0.968377947807312
1565203854.7381606,66,0.9579613208770752
1565203857.0376167,67,0.9688031673431396
1565203859.3388073,68,0.9516900777816772
1565203861.6370032,69,0.9698660969734192
1565203863.9359891,70,0.962478756904602
1565203866.2647312,71,0.9583864808082581
1565203868.551778,72,0.9632228016853333
1565203870.8413997,73,0.9486607313156128
1565203873.127816,74,0.9632228016853333
1565203875.4174263,75,0.9776785969734192
1565203877.702226,76,0.9732674360275269
1565203879.9873078,77,0.9694940447807312
1565203882.2721148,78,0.9795386791229248
1565203884.5565944,79,0.980282723903656
1565203886.8409092,80,0.9754464030265808
1565203889.1237328,81,0.976934552192688
1565203891.408074,82,0.9698660969734192
1565203893.6916711,83,0.9573767185211182
1565203895.9773886,84,0.961309552192688
1565203898.261788,85,0.9691751599311829
1565203900.5488765,86,0.9747023582458496
1565203902.8345425,87,0.9367559552192688
1565203905.1181276,88,0.9795386791229248
1565203907.4028084,89,0.945684552192688
1565203909.6863918,90,0.9773065447807312
1565203911.9691122,91,0.9720982313156128
1565203914.2522955,92,0.9520620703697205
1565203916.5375478,93,0.9758716225624084
1565203918.8234305,94,0.9758184552192688
1565203921.1119063,95,0.9821428656578064
1565203923.3948784,96,0.9725233912467957
1565203925.679544,97,0.9694940447807312
1565203927.9631834,98,0.9627976417541504
1565203930.2446275,99,0.9694940447807312
1565203932.527992,100,0.9822491407394409
1565203934.8114178,101,0.9572703838348389
1565203937.0965397,102,0.9672619104385376
1565203939.3817804,103,0.9580144286155701
1565203941.664311,104,0.9784757494926453
1565203943.9499023,105,0.9851722121238708
1565203946.2369668,106,0.980654776096344
1565203948.5229306,107,0.9817708134651184
1565203950.8072147,108,0.9862351417541504
1565203953.1051083,109,0.961309552192688
1565203955.4066541,110,0.9851190447807312
1565203957.7026432,111,0.9791666865348816
1565203959.9949162,112,0.980282723903656
1565203962.2786362,113,0.9828869104385376
1565203964.5646787,114,0.9855442047119141
1565203966.8502395,115,0.9895833134651184
1565203969.1342854,116,0.9933035969734192
1565203971.4212577,117,0.9791666865348816
1565203973.7073305,118,0.9866071343421936
1565203975.9913015,119,0.9907525777816772
1565203978.275268,120,0.9743303656578064
1565203980.5595884,121,0.9888392686843872
1565203982.8573265,122,0.9654549360275269
1565203985.1553977,123,0.980654776096344
1565203987.4544034,124,0.9821428656578064
1565203989.7605803,125,0.9851190447807312
1565203992.0603065,126,0.9851190447807312
1565203994.3606339,127,0.9866071343421936
1565203996.6776335,128,0.9787946343421936
1565203998.976065,129,0.9828869104385376
1565204001.2771156,130,0.9776785969734192
1565204003.5818849,131,0.9862882494926453
1565204005.8818092,132,0.991815447807312
1565204008.1817605,133,0.9899553656578064
1565204010.4829578,134,0.984375
1565204012.784331,135,0.9944196343421936
1565204015.08534,136,0.9714072942733765
1565204017.3846998,137,0.9944196343421936
1565204019.6868496,138,0.976190447807312
1565204021.9868708,139,0.9906994104385376
1565204024.2879045,140,0.984002947807312
1565204026.5878153,141,0.991815447807312
1565204028.8883367,142,0.9910714030265808
1565204031.1868227,143,0.9933035969734192
1565204033.4864354,144,0.9743303656578064
1565204035.7839608,145,0.9892113208770752
1565204038.0849593,146,0.9929315447807312
1565204040.3860364,147,0.978103756904602
1565204042.7294354,148,0.9810267686843872
1565204045.0833566,149,0.9713541865348816
1565204047.43781,150,0.9929847121238708
1565204049.792892,151,0.9862351417541504
1565204052.1456757,152,0.992559552192688
1565204054.4979577,153,0.980282723903656
1565204056.8523598,154,0.995907723903656
1565204059.2062736,155,0.9787946343421936
1565204061.5564752,156,0.9907525777816772
1565204063.8828845,157,0.9784226417541504
1565204066.1666944,158,0.9951636791229248
1565204068.4520466,159,0.9851190447807312
1565204070.7393246,160,0.9914434552192688
1565204073.039988,161,0.9895833134651184
1565204075.3376586,162,0.9732142686843872
1565204077.6411033,163,0.995907723903656
1565204079.9426148,164,0.9899553656578064
1565204082.2261362,165,0.996279776096344
1565204084.5117862,166,0.984747052192688
1565204086.7967334,167,0.9881483912467957
1565204089.0870163,168,0.992559552192688
1565204091.3696148,169,0.9936755895614624
1565204093.6561618,170,0.996279776096344
1565204095.9442925,171,0.9921875
1565204098.2287683,172,0.9439306855201721
1565204100.5172524,173,0.9922406673431396
1565204102.8086407,174,0.9970238208770752
1565204105.0962033,175,0.9985119104385376
1565204107.3830888,176,0.9940476417541504
1565204109.6787653,177,0.9899553656578064
1565204111.9667447,178,0.976190447807312
1565204114.269131,179,0.9977678656578064
1565204116.5546317,180,0.9933035969734192
1565204118.8420389,181,0.9955357313156128
1565204121.1259432,182,0.9955357313156128
1565204123.407811,183,0.9936755895614624
1565204125.6908047,184,0.9888392686843872
1565204127.9730783,185,0.992559552192688
1565204130.2584362,186,0.9631696343421936
1565204132.543282,187,0.9936755895614624
1565204134.8283343,188,0.9673150777816772
1565204137.115849,189,0.9981398582458496
1565204139.3998685,190,0.9966517686843872
1565204141.6852837,191,0.9966517686843872
1565204143.9692562,192,0.9970238208770752
1565204146.2566712,193,0.995907723903656
1565204148.5431576,194,0.9791666865348816
1565204150.8297846,195,0.9929315447807312
1565204153.113481,196,0.9947916865348816
1565204155.398777,197,0.9800170063972473
1565204157.6812804,198,0.949032723903656
1565204159.9653592,199,0.9951636791229248
