Wall time,Step,Value
1569841709.3705049,0,0.10532407462596893
1569841709.8259819,1,0.16550925374031067
1569841710.2642975,2,0.21875
1569841710.700247,3,0.27662035822868347
1569841711.1272864,4,0.2638888955116272
1569841711.553835,5,0.3020833432674408
1569841711.98301,6,0.31018519401550293
1569841712.41155,7,0.32407405972480774
1569841712.8493748,8,0.33449074625968933
1569841713.285809,9,0.30671295523643494
1569841713.720531,10,0.3333333432674408
1569841714.1564188,11,0.34490740299224854
1569841714.59022,12,0.33796295523643494
1569841715.0683558,13,0.3298611044883728
1569841715.497609,14,0.30671295523643494
1569841715.9382565,15,0.33217594027519226
1569841716.3757453,16,0.3020833432674408
1569841716.8141186,17,0.2673611044883728
1569841717.2528603,18,0.30092594027519226
1569841717.6925776,19,0.31018519401550293
1569841718.1289613,20,0.29976850748062134
1569841718.574245,21,0.3090277910232544
1569841719.013789,22,0.29282405972480774
1569841719.4583142,23,0.27199074625968933
1569841719.89568,24,0.2673611044883728
1569841720.323877,25,0.26504629850387573
1569841720.7537763,26,0.27662035822868347
1569841721.182676,27,0.3090277910232544
1569841721.6092968,28,0.31134259700775146
1569841722.033613,29,0.2847222089767456
1569841722.4622161,30,0.2743055522441864
1569841722.9055123,31,0.29282405972480774
1569841723.3436937,32,0.28356480598449707
1569841723.7803807,33,0.30671295523643494
1569841724.2439322,34,0.27546295523643494
1569841724.6856716,35,0.26967594027519226
1569841725.125917,36,0.2881944477558136
1569841725.5622752,37,0.31712964177131653
1569841726.003745,38,0.3055555522441864
1569841726.4405107,39,0.26620370149612427
1569841726.8808382,40,0.29745370149612427
1569841727.3327186,41,0.28935185074806213
1569841727.774113,42,0.32060185074806213
1569841728.2140841,43,0.2777777910232544
1569841728.6537795,44,0.2916666567325592
1569841729.0958002,45,0.31712964177131653
1569841729.5340369,46,0.2743055522441864
1569841729.9717805,47,0.29976850748062134
1569841730.4088373,48,0.31134259700775146
1569841730.846205,49,0.26157405972480774
1569841731.2865682,50,0.2847222089767456
1569841731.7241166,51,0.29282405972480774
1569841732.1642632,52,0.30324074625968933
1569841732.6028497,53,0.29745370149612427
1569841733.0449076,54,0.28125
1569841733.4833188,55,0.28125
1569841733.9256043,56,0.2916666567325592
1569841734.3639762,57,0.2777777910232544
1569841734.8006923,58,0.30092594027519226
1569841735.2440307,59,0.25115740299224854
1569841735.6888323,60,0.3125
1569841736.125826,61,0.30787035822868347
1569841736.5703068,62,0.2638888955116272
1569841737.008429,63,0.2986111044883728
1569841737.4556718,64,0.30787035822868347
1569841737.8984811,65,0.30324074625968933
1569841738.333841,66,0.27893519401550293
1569841738.7743237,67,0.29976850748062134
1569841739.2099526,68,0.27199074625968933
1569841739.645895,69,0.3090277910232544
1569841740.0805624,70,0.32060185074806213
1569841740.5186386,71,0.2673611044883728
1569841740.9539135,72,0.29282405972480774
1569841741.394085,73,0.24768517911434174
1569841741.8329298,74,0.28935185074806213
1569841742.2742007,75,0.24537037312984467
1569841742.7158132,76,0.3159722089767456
1569841743.1643527,77,0.2465277761220932
1569841743.59903,78,0.27199074625968933
1569841744.0377162,79,0.28935185074806213
1569841744.4903882,80,0.26504629850387573
1569841744.9304101,81,0.2743055522441864
1569841745.3665106,82,0.29398149251937866
1569841745.801608,83,0.28009259700775146
1569841746.2354014,84,0.31712964177131653
1569841746.6689963,85,0.30787035822868347
1569841747.1066327,86,0.2986111044883728
1569841747.5503147,87,0.35648149251937866
1569841747.9848244,88,0.35532405972480774
1569841748.4202693,89,0.3541666567325592
1569841748.864274,90,0.45254629850387573
1569841749.303986,91,0.42939814925193787
1569841749.7429094,92,0.45370370149612427
1569841750.183864,93,0.44212964177131653
1569841750.6260288,94,0.46643519401550293
1569841751.064027,95,0.4479166567325592
1569841751.516081,96,0.47800925374031067
1569841751.9556756,97,0.46643519401550293
1569841752.3985536,98,0.47106480598449707
1569841752.8633409,99,0.47106480598449707
1569841753.3040125,100,0.45601850748062134
1569841753.7517214,101,0.47800925374031067
1569841754.1987877,102,0.49074074625968933
1569841754.6468875,103,0.5104166865348816
1569841755.08579,104,0.53125
1569841755.5237005,105,0.4895833432674408
1569841755.9604666,106,0.47685185074806213
1569841756.3983443,107,0.5289351940155029
1569841756.841649,108,0.5127314925193787
1569841757.2781837,109,0.5324074029922485
1569841757.7138667,110,0.5208333134651184
1569841758.1556864,111,0.5034722089767456
1569841758.589672,112,0.4965277910232544
1569841759.0257025,113,0.5497685074806213
1569841759.4617972,114,0.5185185074806213
1569841759.9133663,115,0.5092592835426331
1569841760.3469882,116,0.5416666865348816
1569841760.7818198,117,0.5289351940155029
1569841761.2122424,118,0.49537035822868347
1569841761.6533961,119,0.5115740895271301
1569841762.0845294,120,0.5497685074806213
1569841762.5215998,121,0.5104166865348816
1569841762.966708,122,0.5520833134651184
1569841763.403858,123,0.5219907164573669
1569841763.8404047,124,0.5324074029922485
1569841764.2796428,125,0.5300925970077515
1569841764.71562,126,0.5416666865348816
1569841765.154318,127,0.5266203880310059
1569841765.5851274,128,0.5474537014961243
1569841766.0145895,129,0.49537035822868347
1569841766.4400792,130,0.5243055820465088
1569841766.880582,131,0.5497685074806213
1569841767.321474,132,0.5567129850387573
1569841767.7595625,133,0.5428240895271301
1569841768.2002585,134,0.5358796119689941
1569841768.6318161,135,0.5185185074806213
1569841769.067347,136,0.5497685074806213
1569841769.4967792,137,0.5682870149612427
1569841769.9295933,138,0.5509259104728699
1569841770.3736908,139,0.5798611044883728
1569841770.8145037,140,0.5914351940155029
1569841771.2561767,141,0.6111111044883728
1569841771.6938066,142,0.5856481194496155
1569841772.134037,143,0.6122685074806213
1569841772.5705743,144,0.5902777910232544
1569841773.0242288,145,0.5914351940155029
1569841773.466068,146,0.6041666865348816
1569841773.9085581,147,0.6064814925193787
1569841774.345888,148,0.5682870149612427
1569841774.7841938,149,0.6053240895271301
1569841775.224078,150,0.5891203880310059
1569841775.6647444,151,0.5925925970077515
1569841776.1038587,152,0.5879629850387573
1569841776.5404043,153,0.6076388955116272
1569841776.98436,154,0.5925925970077515
1569841777.4263577,155,0.6099537014961243
1569841777.8655758,156,0.6053240895271301
1569841778.3045683,157,0.6157407164573669
1569841778.7439866,158,0.59375
1569841779.1845405,159,0.6053240895271301
1569841779.6239042,160,0.5972222089767456
1569841780.066016,161,0.6018518805503845
1569841780.4986465,162,0.6597222089767456
1569841780.927209,163,0.5879629850387573
1569841781.3547406,164,0.5810185074806213
1569841781.7836149,165,0.5949074029922485
1569841782.2168117,166,0.5798611044883728
1569841782.6535115,167,0.6064814925193787
1569841783.0985906,168,0.5694444179534912
1569841783.5294445,169,0.5879629850387573
1569841783.9592404,170,0.5960648059844971
1569841784.3892143,171,0.5856481194496155
1569841784.815994,172,0.5833333134651184
1569841785.2394373,173,0.5810185074806213
1569841785.6647046,174,0.5844907164573669
1569841786.0951073,175,0.5625
1569841786.523178,176,0.5914351940155029
1569841786.9603722,177,0.5787037014961243
1569841787.3964846,178,0.6018518805503845
1569841787.8337157,179,0.5891203880310059
1569841788.2739952,180,0.5995370149612427
1569841788.7227306,181,0.6087962985038757
1569841789.162149,182,0.5648148059844971
1569841789.6044302,183,0.5694444179534912
1569841790.0423095,184,0.5613425970077515
1569841790.4805584,185,0.6041666865348816
1569841790.915725,186,0.5833333134651184
1569841791.3476179,187,0.5925925970077515
1569841791.7736382,188,0.5891203880310059
1569841792.2072344,189,0.5902777910232544
1569841792.6388834,190,0.5625
1569841793.0793405,191,0.6111111044883728
1569841793.51893,192,0.5879629850387573
1569841793.9586322,193,0.5891203880310059
1569841794.3965292,194,0.5752314925193787
1569841794.8340783,195,0.5810185074806213
1569841795.2778106,196,0.6099537014961243
1569841795.7218442,197,0.5694444179534912
1569841796.1497765,198,0.5960648059844971
1569841796.573608,199,0.5902777910232544
