Wall time,Step,Value
1569841712.7042665,0,0.11486486345529556
1569841713.1524105,1,0.19538287818431854
1569841713.5797536,2,0.25497370958328247
1569841714.046012,3,0.2442755252122879
1569841714.4749398,4,0.2328265756368637
1569841714.8967586,5,0.26191815733909607
1569841715.3246975,6,0.2775900959968567
1569841715.747366,7,0.2911036014556885
1569841716.1751149,8,0.2925112545490265
1569841716.6011517,9,0.2751501500606537
1569841717.0458949,10,0.28519144654273987
1569841717.472443,11,0.2838776409626007
1569841717.901019,12,0.30424174666404724
1569841718.3295872,13,0.2616366446018219
1569841718.7564135,14,0.3003941476345062
1569841719.186881,15,0.2702702581882477
1569841719.611535,16,0.31052929162979126
1569841720.0388992,17,0.27580705285072327
1569841720.4658644,18,0.2755255401134491
1569841720.8917773,19,0.29767265915870667
1569841721.3256714,20,0.2800300419330597
1569841721.7518897,21,0.2810623049736023
1569841722.1791122,22,0.2765578031539917
1569841722.6051025,23,0.29664039611816406
1569841723.0322716,24,0.28763139247894287
1569841723.45698,25,0.2800300419330597
1569841723.8862443,26,0.2581644058227539
1569841724.3103633,27,0.2622935473918915
1569841724.7371151,28,0.27824699878692627
1569841725.1606255,29,0.2467154711484909
1569841725.5924413,30,0.2651088535785675
1569841726.016341,31,0.2667980492115021
1569841726.4475386,32,0.2796546518802643
1569841726.874778,33,0.2741178572177887
1569841727.3027775,34,0.2730855941772461
1569841727.728965,35,0.3119369447231293
1569841728.1591265,36,0.34281155467033386
1569841728.5857632,37,0.3386824429035187
1569841729.0346234,38,0.35670045018196106
1569841729.4615486,39,0.3629879951477051
1569841729.889628,40,0.4007132053375244
1569841730.3267326,41,0.39245495200157166
1569841730.7678726,42,0.42192190885543823
1569841731.2003715,43,0.4344031512737274
1569841731.6260061,44,0.43656155467033386
1569841732.05536,45,0.4329954981803894
1569841732.4826858,46,0.47250375151634216
1569841732.90541,47,0.43825075030326843
1569841733.332522,48,0.45213964581489563
1569841733.7567189,49,0.473629891872406
1569841734.1879148,50,0.4864864945411682
1569841734.6161892,51,0.4930555522441864
1569841735.0440814,52,0.5190503001213074
1569841735.4722726,53,0.498967707157135
1569841735.9016578,54,0.522522509098053
1569841736.3511736,55,0.504879891872406
1569841736.780246,56,0.5177364945411682
1569841737.206919,57,0.5090090036392212
1569841737.6361265,58,0.5104166865348816
1569841738.062339,59,0.525619387626648
1569841738.4957287,60,0.5204579830169678
1569841738.9218235,61,0.52918541431427
1569841739.3891015,62,0.53331458568573
1569841739.8257806,63,0.5177364945411682
1569841740.2506752,64,0.5319069027900696
1569841740.6733022,65,0.5437312126159668
1569841741.1017861,66,0.5228978991508484
1569841741.526704,67,0.5579954981803894
1569841741.952326,68,0.5212087035179138
1569841742.376861,69,0.5396021008491516
1569841742.8062465,70,0.506662905216217
1569841743.2298558,71,0.5226163864135742
1569841743.656594,72,0.532282292842865
1569841744.0812938,73,0.5905593037605286
1569841744.5104854,74,0.5593093037605286
1569841744.9449196,75,0.5451388955116272
1569841745.3718755,76,0.5270270109176636
1569841745.79777,77,0.56456458568573
1569841746.2293344,78,0.5506756901741028
1569841746.6588695,79,0.5402590036392212
1569841747.0832553,80,0.5690690875053406
1569841747.51135,81,0.6013513803482056
1569841747.9363942,82,0.5711336135864258
1569841748.361352,83,0.56456458568573
1569841748.787856,84,0.5523648858070374
1569841749.2117624,85,0.583990216255188
1569841749.6361048,86,0.5621246099472046
1569841750.060758,87,0.581174910068512
1569841750.4909627,88,0.5846471190452576
1569841750.9148886,89,0.5717905163764954
1569841751.3374918,90,0.5864301919937134
1569841751.7647595,91,0.556587815284729
1569841752.1890745,92,0.6234984993934631
1569841752.6123285,93,0.5905593037605286
1569841753.0407076,94,0.5926238894462585
1569841753.4633067,95,0.5475788116455078
1569841753.8890474,96,0.5960960984230042
1569841754.3150587,97,0.5832394957542419
1569841754.7414174,98,0.5905593037605286
1569841755.1691918,99,0.5506756901741028
1569841755.6001053,100,0.6006006002426147
1569841756.0244133,101,0.5950638055801392
1569841756.4561439,102,0.6110172867774963
1569841756.8824234,103,0.5339714884757996
1569841757.3113263,104,0.5954391956329346
1569841757.75418,105,0.613457202911377
1569841758.1775606,106,0.5562124848365784
1569841758.6014082,107,0.588119387626648
1569841759.0267038,108,0.6245307922363281
1569841759.4512057,109,0.607545018196106
1569841759.8792012,110,0.6416103839874268
1569841760.3093367,111,0.6283783912658691
1569841760.7347968,112,0.6068881154060364
1569841761.1648083,113,0.6308183073997498
1569841761.5906534,114,0.6023836135864258
1569841762.0160832,115,0.6089527010917664
1569841762.442341,116,0.6196509003639221
1569841762.8670917,117,0.5961899161338806
1569841763.2891726,118,0.612424910068512
1569841763.722484,119,0.6144894957542419
1569841764.1462736,120,0.6224662065505981
1569841764.577773,121,0.5711336135864258
1569841765.012075,122,0.6148648858070374
1569841765.443536,123,0.590934693813324
1569841765.8670268,124,0.6418918967247009
1569841766.2954078,125,0.6009759902954102
1569841766.726004,126,0.6106418967247009
1569841767.1492534,127,0.6384196877479553
1569841767.5745687,128,0.619369387626648
1569841768.000995,129,0.611392617225647
1569841768.427615,130,0.6120495200157166
1569841768.8540764,131,0.6478040814399719
1569841769.2809575,132,0.6249061822891235
1569841769.7024786,133,0.6637575030326843
1569841770.1261208,134,0.6326013803482056
1569841770.5524902,135,0.6228415966033936
1569841770.9788816,136,0.6641328930854797
1569841771.4047837,137,0.6224662065505981
1569841771.8303106,138,0.6596283912658691
1569841772.25635,139,0.6592530012130737
1569841772.6854472,140,0.6852477192878723
1569841773.1115491,141,0.671077311038971
1569841773.5407786,142,0.6624436974525452
1569841773.9649725,143,0.6790540814399719
1569841774.390254,144,0.671077311038971
1569841774.8165975,145,0.6481794118881226
1569841775.2423265,146,0.6318506002426147
1569841775.6661162,147,0.6661974191665649
1569841776.1056247,148,0.6471471190452576
1569841776.5308628,149,0.6915352940559387
1569841776.9600487,150,0.6516516804695129
1569841777.3867097,151,0.6571884155273438
1569841777.8132613,152,0.6780217885971069
1569841778.2406745,153,0.6287537813186646
1569841778.664007,154,0.6422672867774963
1569841779.091642,155,0.6862800121307373
1569841779.5182743,156,0.6974474191665649
1569841779.9491794,157,0.6935998201370239
1569841780.3793163,158,0.6821509003639221
1569841780.8045206,159,0.6905030012130737
1569841781.2307758,160,0.6745495200157166
1569841781.659182,161,0.6946321129798889
1569841782.0853777,162,0.7032657861709595
1569841782.5093985,163,0.6547484993934631
1569841782.9366763,164,0.6825262904167175
1569841783.364553,165,0.6935998201370239
1569841783.7913349,166,0.670045018196106
1569841784.2172992,167,0.6991366147994995
1569841784.6439967,168,0.6588776111602783
1569841785.0748055,169,0.6870307922363281
1569841785.502097,170,0.7189376950263977
1569841785.9260323,171,0.6755818128585815
1569841786.354725,172,0.6682620048522949
1569841786.7774048,173,0.6811186075210571
1569841787.2008028,174,0.6745495200157166
1569841787.6267433,175,0.6696696877479553
1569841788.0491571,176,0.6704204082489014
1569841788.4769766,177,0.6772710084915161
1569841788.900673,178,0.6641328930854797
1569841789.32659,179,0.6797109842300415
1569841789.7512136,180,0.6766141057014465
1569841790.1793206,181,0.6752064824104309
1569841790.6055899,182,0.6821509003639221
1569841791.0274217,183,0.6457394957542419
1569841791.453184,184,0.6582207083702087
1569841791.8807948,185,0.7040165066719055
1569841792.3068051,186,0.6939752101898193
1569841792.7333407,187,0.6853415966033936
1569841793.156744,188,0.7168731093406677
1569841793.5814943,189,0.6766141057014465
1569841794.024612,190,0.6800863146781921
1569841794.4505744,191,0.6790540814399719
1569841794.8743672,192,0.7189376950263977
1569841795.3005347,193,0.7033596038818359
1569841795.7266755,194,0.6849662065505981
1569841796.171534,195,0.6952890157699585
1569841796.6016488,196,0.6915352940559387
1569841797.0250232,197,0.7033596038818359
1569841797.4533446,198,0.6978228092193604
1569841797.8853528,199,0.6773648858070374
