Wall time,Step,Value
1569841678.7897053,0,0.17148298025131226
1569841679.2380095,1,0.23499104380607605
1569841679.6702375,2,0.2105734795331955
1569841680.1023195,3,0.1897401362657547
1569841680.5292578,4,0.2177419364452362
1569841680.949089,5,0.2242383509874344
1569841681.3701308,6,0.22457437217235565
1569841681.7938187,7,0.25235214829444885
1569841682.213306,8,0.23532706499099731
1569841682.6436338,9,0.2455197125673294
1569841683.063461,10,0.2594085931777954
1569841683.4865642,11,0.2775537669658661
1569841683.9267569,12,0.25235214829444885
1569841684.3590598,13,0.2485439032316208
1569841684.7864666,14,0.24932795763015747
1569841685.2137825,15,0.2418234795331955
1569841685.6405404,16,0.2175179272890091
1569841686.0732217,17,0.24865591526031494
1569841686.5140734,18,0.22177419066429138
1569841686.9373868,19,0.2281586080789566
1569841687.3643088,20,0.20721326768398285
1569841687.786488,21,0.2567204236984253
1569841688.2039442,22,0.2348790317773819
1569841688.6219838,23,0.2455197125673294
1569841689.0403454,24,0.23532706499099731
1569841689.453512,25,0.23521505296230316
1569841689.8676653,26,0.2594085931777954
1569841690.2961092,27,0.22110214829444885
1569841690.712883,28,0.22502240538597107
1569841691.143216,29,0.2281586080789566
1569841691.5623765,30,0.22513440251350403
1569841691.9822218,31,0.23913531005382538
1569841692.4033444,32,0.23902329802513123
1569841692.8221264,33,0.23555107414722443
1569841693.2418983,34,0.25257617235183716
1569841693.6607525,35,0.2415994554758072
1569841694.0857513,36,0.2385752648115158
1569841694.503455,37,0.21460573375225067
1569841694.9276721,38,0.2559363842010498
1569841695.3516438,39,0.24585573375225067
1569841695.7822213,40,0.20676523447036743
1569841696.2131474,41,0.23566308617591858
1569841696.6399093,42,0.25582438707351685
1569841697.0680537,43,0.22110214829444885
1569841697.4976087,44,0.221214160323143
1569841697.9226458,45,0.28136199712753296
1569841698.3655634,46,0.2524641454219818
1569841698.7923198,47,0.2597446143627167
1569841699.2119858,48,0.2567204236984253
1569841699.6383014,49,0.24910394847393036
1569841700.0587697,50,0.27710574865341187
1569841700.475104,51,0.3300851285457611
1569841700.8929007,52,0.3583109378814697
1569841701.318824,53,0.375
1569841701.7371225,54,0.35450267791748047
1569841702.157832,55,0.39247313141822815
1569841702.5955575,56,0.39000895619392395
1569841703.0211725,57,0.37533602118492126
1569841703.4411833,58,0.4168906807899475
1569841703.8611236,59,0.4448924660682678
1569841704.278775,60,0.44209229946136475
1569841704.6989186,61,0.4419802725315094
1569841705.1228068,62,0.4385080635547638
1569841705.542322,63,0.44500449299812317
1569841705.9624367,64,0.49462366104125977
1569841706.3855247,65,0.47703853249549866
1569841706.8063934,66,0.4709901511669159
1569841707.2234712,67,0.5024641752243042
1569841707.64265,68,0.5080645084381104
1569841708.0589528,69,0.5157930254936218
1569841708.4870772,70,0.529793918132782
1569841708.907657,71,0.5020161271095276
1569841709.323915,72,0.4983198940753937
1569841709.7430062,73,0.4979838728904724
1569841710.1626377,74,0.5584677457809448
1569841710.5794737,75,0.5546594858169556
1569841710.9978838,76,0.5088485479354858
1569841711.4174678,77,0.5229614973068237
1569841711.8331263,78,0.532706081867218
1569841712.2508905,79,0.554099440574646
1569841712.6740232,80,0.5258736610412598
1569841713.1000376,81,0.5394265055656433
1569841713.5138001,82,0.5222894549369812
1569841713.9316835,83,0.5147849321365356
1569841714.349771,84,0.5512992739677429
1569841714.768988,85,0.5579077005386353
1569841715.1871302,86,0.5432347655296326
1569841715.601973,87,0.5581316947937012
1569841716.0208962,88,0.5856854915618896
1569841716.4370158,89,0.5549955368041992
1569841716.8577814,90,0.5122087597846985
1569841717.276947,91,0.5088485479354858
1569841717.696327,92,0.4983198940753937
1569841718.1138823,93,0.5161290168762207
1569841718.5315545,94,0.5164650678634644
1569841718.9509153,95,0.5054883360862732
1569841719.3714316,96,0.5017921328544617
1569841719.7929213,97,0.5371863842010498
1569841720.2082574,98,0.5053763389587402
1569841720.6281195,99,0.49171146750450134
1569841721.048232,100,0.49865591526031494
1569841721.467753,101,0.483646959066391
1569841721.890433,102,0.5021281242370605
1569841722.3120165,103,0.5154569745063782
1569841722.7340984,104,0.4806227684020996
1569841723.155596,105,0.4808467626571655
1569841723.5872474,106,0.48073476552963257
1569841724.0086818,107,0.48767921328544617
1569841724.4261038,108,0.501568078994751
1569841724.8434427,109,0.49484768509864807
1569841725.260921,110,0.47289425134658813
1569841725.6778195,111,0.5089605450630188
1569841726.108786,112,0.49787187576293945
1569841726.5252924,113,0.5164650678634644
1569841726.9476418,114,0.498543918132782
1569841727.3663504,115,0.48868727684020996
1569841727.782096,116,0.49910393357276917
1569841728.2023911,117,0.508512556552887
1569841728.6208408,118,0.4977598488330841
1569841729.036449,119,0.5159050226211548
1569841729.453653,120,0.51993727684021
1569841729.8724046,121,0.5433467626571655
1569841730.2925177,122,0.5051523447036743
1569841730.7095547,123,0.522737443447113
1569841731.133395,124,0.5050403475761414
1569841731.5551836,125,0.5362903475761414
1569841731.979125,126,0.5508512258529663
1569841732.4186087,127,0.49843189120292664
1569841732.8411777,128,0.5256496667861938
1569841733.2595737,129,0.532818078994751
1569841733.6762657,130,0.5268816947937012
1569841734.097222,131,0.5132168531417847
1569841734.5217001,132,0.5366263389587402
1569841734.94583,133,0.5372983813285828
1569841735.3617969,134,0.5439068078994751
1569841735.7777698,135,0.5403226017951965
1569841736.203612,136,0.5406585931777954
1569841736.6224582,137,0.5303539633750916
1569841737.0432117,138,0.5402105450630188
1569841737.4684024,139,0.5011200904846191
1569841737.8835542,140,0.5266577005386353
1569841738.2989306,141,0.5206093192100525
1569841738.717994,142,0.5127688050270081
1569841739.1408591,143,0.544130802154541
1569841739.5563254,144,0.508400559425354
1569841739.981751,145,0.5224014520645142
1569841740.398576,146,0.5299059152603149
1569841740.8182132,147,0.5303539633750916
1569841741.2394788,148,0.5088485479354858
1569841741.6593673,149,0.5081765055656433
1569841742.0813413,150,0.5440188050270081
1569841742.5115228,151,0.5332661271095276
1569841742.9519727,152,0.5471550226211548
1569841743.3677309,153,0.5440188050270081
1569841743.787692,154,0.5369623899459839
1569841744.213614,155,0.522849440574646
1569841744.6342354,156,0.5023521780967712
1569841745.0534127,157,0.544130802154541
1569841745.4861794,158,0.5370743870735168
1569841745.9089444,159,0.5445788502693176
1569841746.3239493,160,0.5477150678634644
1569841746.7441688,161,0.5236335396766663
1569841747.181495,162,0.5514112710952759
1569841747.6026337,163,0.522737443447113
1569841748.0229537,164,0.519713282585144
1569841748.4382417,165,0.5301299095153809
1569841748.8595028,166,0.553987443447113
1569841749.2778149,167,0.5535394549369812
1569841749.6958356,168,0.529681921005249
1569841750.1371346,169,0.5549955368041992
1569841750.5531318,170,0.5477150678634644
1569841750.9700408,171,0.5544354915618896
1569841751.3898246,172,0.5473790168762207
1569841751.8088875,173,0.5717965960502625
1569841752.2234664,174,0.5331541299819946
1569841752.642716,175,0.5679883360862732
1569841753.0656118,176,0.5231854915618896
1569841753.488091,177,0.5467069745063782
1569841753.9120672,178,0.5330421328544617
1569841754.3282511,179,0.5607078671455383
1569841754.7463658,180,0.5543234944343567
1569841755.161355,181,0.539762556552887
1569841755.578613,182,0.5399865508079529
1569841755.9992182,183,0.5545474886894226
1569841756.4170115,184,0.5645161271095276
1569841756.8341498,185,0.5642921328544617
1569841757.2611465,186,0.5508512258529663
1569841757.6793888,187,0.5506272315979004
1569841758.0967534,188,0.5584677457809448
1569841758.5188675,189,0.5542114973068237
1569841758.950426,190,0.5500671863555908
1569841759.3736362,191,0.5395385026931763
1569841759.7969446,192,0.544130802154541
1569841760.213539,193,0.5362903475761414
1569841760.6381898,194,0.5471550226211548
1569841761.0589051,195,0.5653001666069031
1569841761.4753616,196,0.5403226017951965
1569841761.9102376,197,0.5337141752243042
1569841762.3281336,198,0.5508512258529663
1569841762.756101,199,0.5693324208259583
