Wall time,Step,Value
1569841640.1933756,0,0.1052350401878357
1569841640.644014,1,0.10737179219722748
1569841641.0740206,2,0.15892094373703003
1569841641.510357,3,0.1933760643005371
1569841641.9501183,4,0.2280982881784439
1569841642.3809218,5,0.23290598392486572
1569841642.8186638,6,0.20058760046958923
1569841643.256855,7,0.25534188747406006
1569841643.6998076,8,0.2556089758872986
1569841644.1375394,9,0.2163461595773697
1569841644.5722609,10,0.2729700803756714
1569841645.0063758,11,0.22435897588729858
1569841645.4380703,12,0.25747862458229065
1569841645.8716488,13,0.29006409645080566
1569841646.3061016,14,0.2524038553237915
1569841646.7422209,15,0.3018162250518799
1569841647.177738,16,0.29887819290161133
1569841647.646237,17,0.2780448794364929
1569841648.07828,18,0.26442307233810425
1569841648.5087163,19,0.26121795177459717
1569841648.9439104,20,0.2884615361690521
1569841649.3796787,21,0.25747862458229065
1569841649.812181,22,0.2454594075679779
1569841650.246113,23,0.2385149598121643
1569841650.692623,24,0.28311964869499207
1569841651.127219,25,0.26789531111717224
1569841651.5601106,26,0.28285256028175354
1569841652.0162525,27,0.24519230425357819
1569841652.4517279,28,0.26095086336135864
1569841652.8846736,29,0.2211538404226303
1569841653.322643,30,0.18696580827236176
1569841653.763464,31,0.22649572789669037
1569841654.1975405,32,0.2537393271923065
1569841654.6303651,33,0.2246260643005371
1569841655.0708213,34,0.25747862458229065
1569841655.5061493,35,0.2780448794364929
1569841655.946605,36,0.30261752009391785
1569841656.3788455,37,0.3747329115867615
1569841656.812018,38,0.32825854420661926
1569841657.258128,39,0.33733972907066345
1569841657.6923122,40,0.3712606728076935
1569841658.1221724,41,0.38381409645080566
1569841658.5561223,42,0.4337606728076935
1569841659.007946,43,0.44017094373703003
1569841659.442179,44,0.45085468888282776
1569841659.878297,45,0.4815705120563507
1569841660.3093305,46,0.46821582317352295
1569841660.7466893,47,0.5061431527137756
1569841661.182316,48,0.49385684728622437
1569841661.6128666,49,0.4975961446762085
1569841662.0328147,50,0.5162927508354187
1569841662.4614415,51,0.5715811848640442
1569841662.8910768,52,0.5865384340286255
1569841663.3205197,53,0.5563568472862244
1569841663.7478628,54,0.5747863054275513
1569841664.1754282,55,0.535523533821106
1569841664.6079106,56,0.5683760643005371
1569841665.041793,57,0.5459401607513428
1569841665.4739578,58,0.5683760643005371
1569841665.9024706,59,0.5568910241127014
1569841666.3252318,60,0.504807710647583
1569841666.7567787,61,0.5750533938407898
1569841667.1908321,62,0.6108440160751343
1569841667.618636,63,0.5475427508354187
1569841668.0491889,64,0.5408653616905212
1569841668.4898863,65,0.5961538553237915
1569841668.9281363,66,0.6009615659713745
1569841669.3635538,67,0.5755876302719116
1569841669.7985485,68,0.5731837749481201
1569841670.2395134,69,0.5341880321502686
1569841670.6739624,70,0.5510149598121643
1569841671.10938,71,0.6209936141967773
1569841671.54858,72,0.5755876302719116
1569841671.981453,73,0.5221688151359558
1569841672.4162414,74,0.5857371687889099
1569841672.8620744,75,0.566773533821106
1569841673.2936883,76,0.566773533821106
1569841673.7378097,77,0.6116452813148499
1569841674.1660604,78,0.5665063858032227
1569841674.5929596,79,0.59107905626297
1569841675.0206013,80,0.5718482732772827
1569841675.4471328,81,0.5272436141967773
1569841675.8737683,82,0.6028311848640442
1569841676.2983594,83,0.5718482732772827
1569841676.737786,84,0.594284176826477
1569841677.1731777,85,0.5956196784973145
1569841677.60565,86,0.5924145579338074
1569841678.0430014,87,0.5956196784973145
1569841678.4763722,88,0.6231303215026855
1569841678.9165065,89,0.6252670884132385
1569841679.3528914,90,0.6439636945724487
1569841679.796196,91,0.5771901607513428
1569841680.2393057,92,0.5956196784973145
1569841680.687258,93,0.5803952813148499
1569841681.1531122,94,0.620192289352417
1569841681.6028328,95,0.6028311848640442
1569841682.0382206,96,0.5649038553237915
1569841682.479304,97,0.5940170884132385
1569841682.91885,98,0.6420940160751343
1569841683.3739364,99,0.6180555820465088
1569841683.822784,100,0.5702457427978516
1569841684.264264,101,0.5512820482254028
1569841684.706328,102,0.595886766910553
1569841685.1550403,103,0.6233974099159241
1569841685.589627,104,0.5785256624221802
1569841686.028039,105,0.6217948794364929
1569841686.4600375,106,0.595886766910553
1569841686.89617,107,0.5478098392486572
1569841687.354298,108,0.6161859035491943
1569841687.8291645,109,0.6340811848640442
1569841688.2624362,110,0.5806623697280884
1569841688.69375,111,0.6151175498962402
1569841689.1281118,112,0.5427350401878357
1569841689.5623298,113,0.5924145579338074
1569841689.9978366,114,0.5956196784973145
1569841690.4320354,115,0.5860042572021484
1569841690.8718395,116,0.6351495981216431
1569841691.3034508,117,0.5462072491645813
1569841691.7438917,118,0.6217948794364929
1569841692.1820025,119,0.6215277910232544
1569841692.6235027,120,0.6116452813148499
1569841693.063466,121,0.5870726704597473
1569841693.50057,122,0.5993589758872986
1569841693.9404607,123,0.6151175498962402
1569841694.376674,124,0.6303418874740601
1569841694.810702,125,0.6319444179534912
1569841695.2540975,126,0.5769230723381042
1569841695.6929173,127,0.6183226704597473
1569841696.1322718,128,0.6645299196243286
1569841696.5739424,129,0.6095085740089417
1569841697.0059657,130,0.5977563858032227
1569841697.4583056,131,0.6233974099159241
1569841697.8981757,132,0.6594551205635071
1569841698.3320255,133,0.6060363054275513
1569841698.8040044,134,0.6642628312110901
1569841699.238071,135,0.6268696784973145
1569841699.6724744,136,0.6252670884132385
1569841700.1363943,137,0.6060363054275513
1569841700.5769231,138,0.6196581125259399
1569841701.02316,139,0.6455662250518799
1569841701.4575331,140,0.625
1569841701.8939092,141,0.5873397588729858
1569841702.3276758,142,0.6135149598121643
1569841702.7684867,143,0.6132478713989258
1569841703.208144,144,0.6100427508354187
1569841703.6525586,145,0.6081730723381042
1569841704.0983288,146,0.6452991366386414
1569841704.5415204,147,0.5961538553237915
1569841704.978174,148,0.6199252009391785
1569841705.4173281,149,0.5908119678497314
1569841705.8532934,150,0.5686431527137756
1569841706.2921298,151,0.6132478713989258
1569841706.728128,152,0.6423611044883728
1569841707.1647623,153,0.6180555820465088
1569841707.596787,154,0.588942289352417
1569841708.0288677,155,0.6132478713989258
1569841708.463819,156,0.5926816463470459
1569841708.8981502,157,0.595886766910553
1569841709.3268573,158,0.6199252009391785
1569841709.7568297,159,0.6111111044883728
1569841710.1976004,160,0.6407585740089417
1569841710.6293144,161,0.6167200803756714
1569841711.0837982,162,0.5974892973899841
1569841711.5180404,163,0.5774572491645813
1569841711.948232,164,0.6322115659713745
1569841712.3800302,165,0.6220619678497314
1569841712.8147037,166,0.6404914259910583
1569841713.2607763,167,0.6097756624221802
1569841713.6992948,168,0.6319444179534912
1569841714.1315732,169,0.6319444179534912
1569841714.569828,170,0.6287392973899841
1569841715.0298536,171,0.6081730723381042
1569841715.4623356,172,0.6420940160751343
1569841715.896734,173,0.6525107026100159
1569841716.3294582,174,0.6525107026100159
1569841716.767898,175,0.6629273295402527
1569841717.2038746,176,0.6169871687889099
1569841717.6438122,177,0.6113781929016113
1569841718.0738578,178,0.5876068472862244
1569841718.5058694,179,0.5993589758872986
1569841718.9431415,180,0.59107905626297
1569841719.3756783,181,0.6028311848640442
1569841719.8109257,182,0.6169871687889099
1569841720.2458813,183,0.6316773295402527
1569841720.681733,184,0.6095085740089417
1569841721.1120348,185,0.6215277910232544
1569841721.5429003,186,0.6338140964508057
1569841721.9735682,187,0.6404914259910583
1569841722.4058967,188,0.6495726704597473
1569841722.8372827,189,0.6129807829856873
1569841723.2806902,190,0.6439636945724487
1569841723.717878,191,0.6543803215026855
1569841724.1564722,192,0.6113781929016113
1569841724.592488,193,0.5996260643005371
1569841725.0240357,194,0.5841346383094788
1569841725.462473,195,0.6319444179534912
1569841725.9019082,196,0.5996260643005371
1569841726.3335233,197,0.6116452813148499
1569841726.7718492,198,0.6135149598121643
1569841727.203804,199,0.6252670884132385
