Wall time,Step,Value
1569841696.2957218,0,0.16774818301200867
1569841696.7476351,1,0.2987818717956543
1569841697.1817346,2,0.2674749493598938
1569841697.6132197,3,0.25512295961380005
1569841698.0482078,4,0.2714594602584839
1569841698.488475,5,0.2947973608970642
1569841698.9271102,6,0.31415072083473206
1569841699.3599906,7,0.2952527403831482
1569841699.7915788,8,0.2709471881389618
1569841700.222248,9,0.2923497259616852
1569841700.6565018,10,0.30720627307891846
1569841701.0893788,11,0.2992372512817383
1569841701.5225341,12,0.29377275705337524
1569841701.9730663,13,0.30322176218032837
1569841702.4095683,14,0.30470171570777893
1569841702.8444283,15,0.313183069229126
1569841703.2838311,16,0.30322176218032837
1569841703.71169,17,0.2947973608970642
1569841704.142649,18,0.2947973608970642
1569841704.5782516,19,0.3221197724342346
1569841705.0114954,20,0.2784039080142975
1569841705.4305685,21,0.2525614798069
1569841705.8677614,22,0.28682833909988403
1569841706.303703,23,0.3062386214733124
1569841706.735076,24,0.3399931788444519
1569841707.1707263,25,0.2838684022426605
1569841707.599029,26,0.2922928035259247
1569841708.0303862,27,0.32855191826820374
1569841708.462984,28,0.27197176218032837
1569841708.8939698,29,0.3021971881389618
1569841709.3308706,30,0.27544400095939636
1569841709.7630346,31,0.29724499583244324
1569841710.2069385,32,0.3161429762840271
1569841710.6461873,33,0.2778916358947754
1569841711.089004,34,0.31859061121940613
1569841711.5191555,35,0.27942851185798645
1569841711.943781,36,0.2749316990375519
1569841712.3712475,37,0.2744193971157074
1569841712.8003616,38,0.2640027403831482
1569841713.2290678,39,0.30373406410217285
1569841713.6579123,40,0.2714594602584839
1569841714.0959637,41,0.29627731442451477
1569841714.5334466,42,0.3230874240398407
1569841714.9692037,43,0.30470171570777893
1569841715.4066792,44,0.31466302275657654
1569841715.8534517,45,0.2922928035259247
1569841716.286102,46,0.2818761467933655
1569841716.7243807,47,0.2982695698738098
1569841717.1595514,48,0.30470171570777893
1569841717.5931273,49,0.3235997259616852
1569841718.0284455,50,0.2749316990375519
1569841718.4599984,51,0.2714594602584839
1569841718.896106,52,0.29678961634635925
1569841719.3594756,53,0.28637295961380005
1569841719.7936025,54,0.28341302275657654
1569841720.2311194,55,0.28335610032081604
1569841720.6658235,56,0.30720627307891846
1569841721.1028786,57,0.28631603717803955
1569841721.5373292,58,0.31813523173332214
1569841721.9660268,59,0.28933286666870117
1569841722.3955345,60,0.2992372512817383
1569841722.8236692,61,0.2679872512817383
1569841723.2565007,62,0.31807833909988403
1569841723.6834242,63,0.2952527403831482
1569841724.1126616,64,0.29627731442451477
1569841724.5430508,65,0.29974955320358276
1569841724.982404,66,0.309710830450058
1569841725.4129767,67,0.28631603717803955
1569841725.8442807,68,0.30418944358825684
1569841726.2772393,69,0.3091985285282135
1569841726.7095304,70,0.3191598355770111
1569841727.1437771,71,0.27891620993614197
1569841727.5726862,72,0.3161429762840271
1569841728.012054,73,0.2877959907054901
1569841728.4401104,74,0.3230874240398407
1569841728.868632,75,0.29724499583244324
1569841729.3127096,76,0.2918374240398407
1569841729.748696,77,0.29724499583244324
1569841730.1829357,78,0.3136384189128876
1569841730.610623,79,0.309710830450058
1569841731.0411937,80,0.2645150125026703
1569841731.4796903,81,0.3260473608970642
1569841731.909004,82,0.25557833909988403
1569841732.3337526,83,0.31859061121940613
1569841732.767474,84,0.32456740736961365
1569841733.1988344,85,0.34494534134864807
1569841733.6277256,86,0.28978824615478516
1569841734.067116,87,0.313183069229126
1569841734.496004,88,0.28728368878364563
1569841734.924218,89,0.3165983557701111
1569841735.3528035,90,0.33202412724494934
1569841735.7842038,91,0.32405510544776917
1569841736.2122684,92,0.3086862564086914
1569841736.639672,93,0.29326048493385315
1569841737.0861177,94,0.30077412724494934
1569841737.5127132,95,0.28682833909988403
1569841737.946962,96,0.2773793339729309
1569841738.3772278,97,0.281933069229126
1569841738.812113,98,0.2908128499984741
1569841739.2388742,99,0.29030054807662964
1569841739.6718183,100,0.2679872512817383
1569841740.103834,101,0.2714594602584839
1569841740.5335793,102,0.2749316990375519
1569841740.9698935,103,0.2610428035259247
1569841741.4171536,104,0.2645150125026703
1569841741.8437796,105,0.3091985285282135
1569841742.2781522,106,0.2610428035259247
1569841742.707171,107,0.2982695698738098
1569841743.1413908,108,0.2957650125026703
1569841743.576198,109,0.342953085899353
1569841744.0039485,110,0.3786998987197876
1569841744.430863,111,0.38661202788352966
1569841744.8569582,112,0.40050092339515686
1569841745.2872279,113,0.42827868461608887
1569841745.7138536,114,0.43624773621559143
1569841746.1429453,115,0.4754667580127716
1569841746.5699663,116,0.4680100083351135
1569841747.0001664,117,0.47791439294815063
1569841747.4271076,118,0.4719376266002655
1569841747.8757668,119,0.5047245025634766
1569841748.3065164,120,0.5478711128234863
1569841748.7361822,121,0.5359175801277161
1569841749.1658487,122,0.5647768378257751
1569841749.5975685,123,0.5727459192276001
1569841750.0284266,124,0.5801457166671753
1569841750.457356,125,0.60001140832901
1569841750.8886802,126,0.5776411890983582
1569841751.3186214,127,0.6059881448745728
1569841751.7473588,128,0.6153802275657654
1569841752.1732924,129,0.5856102108955383
1569841752.6087599,130,0.6054758429527283
1569841753.0386744,131,0.5831056237220764
1569841753.468575,132,0.5731443762779236
1569841753.9017227,133,0.5761612057685852
1569841754.328328,134,0.6024590134620667
1569841754.7574408,135,0.5886270403862
1569841755.1887856,136,0.6069558262825012
1569841755.632928,137,0.6074681282043457
1569841756.0675259,138,0.5841302275657654
1569841756.497183,139,0.5925546288490295
1569841756.9300766,140,0.5796334147453308
1569841757.3599148,141,0.6065004467964172
1569841757.7899938,142,0.5692167282104492
1569841758.219369,143,0.567736804485321
1569841758.651778,144,0.6054758429527283
1569841759.0878422,145,0.6045082211494446
1569841759.5199294,146,0.5969945192337036
1569841759.9564319,147,0.5732012987136841
1569841760.3871937,148,0.5582877993583679
1569841760.8194845,149,0.5702413320541382
1569841761.2553968,150,0.5453665852546692
1569841761.6835122,151,0.5900501012802124
1569841762.1093745,152,0.6189093589782715
1569841762.5391269,153,0.5712090134620667
1569841762.9728787,154,0.5856102108955383
1569841763.4034705,155,0.5935792326927185
1569841763.8342202,156,0.6144125461578369
1569841764.2673466,157,0.5950592160224915
1569841764.693362,158,0.5766735076904297
1569841765.1260998,159,0.6193647384643555
1569841765.5558956,160,0.5801457166671753
1569841765.999374,161,0.6228369474411011
1569841766.4331815,162,0.5771288871765137
1569841766.8753858,163,0.6332536339759827
1569841767.312597,164,0.593066930770874
1569841767.7399576,165,0.6396858096122742
1569841768.1716955,166,0.6014913320541382
1569841768.5998447,167,0.6034836173057556
1569841769.0287814,168,0.5920992493629456
1569841769.4611998,169,0.5850979089736938
1569841769.888488,170,0.5866348147392273
1569841770.321307,171,0.625796914100647
1569841770.7551813,172,0.6446949243545532
1569841771.202489,173,0.595002293586731
1569841771.64005,174,0.6133880019187927
1569841772.0675483,175,0.6049635410308838
1569841772.4976962,176,0.6139002442359924
1569841772.9237492,177,0.6034836173057556
1569841773.3529081,178,0.6466302275657654
1569841773.7878163,179,0.6164048314094543
1569841774.2119305,180,0.6287568211555481
1569841774.6415772,181,0.6124203205108643
1569841775.0715132,182,0.6476548314094543
1569841775.4956012,183,0.5850979089736938
1569841775.9229238,184,0.6283014416694641
1569841776.3417287,185,0.6327413320541382
1569841776.762801,186,0.6158925294876099
1569841777.1878526,187,0.6228369474411011
1569841777.6081643,188,0.5856102108955383
1569841778.028471,189,0.6173725128173828
1569841778.447937,190,0.6263092160224915
1569841778.8770027,191,0.6307491064071655
1569841779.2933156,192,0.6362135410308838
1569841779.7114742,193,0.6714481115341187
1569841780.131275,194,0.6074681282043457
1569841780.556645,195,0.656591534614563
1569841780.9889817,196,0.5960268378257751
1569841781.4121208,197,0.6376935243606567
1569841781.8278034,198,0.6168602108955383
1569841782.2483091,199,0.6580715179443359
