Wall time,Step,Value
1569841702.8917139,0,0.13352273404598236
1569841703.3801112,1,0.25631314516067505
1569841703.8579953,2,0.24463383853435516
1569841704.319837,3,0.2708333432674408
1569841704.7869365,4,0.280303031206131
1569841705.2520902,5,0.25284090638160706
1569841705.7179096,6,0.2698863744735718
1569841706.1737041,7,0.23074494302272797
1569841706.6428328,8,0.2698863744735718
1569841707.103336,9,0.25410354137420654
1569841707.5615869,10,0.2604166567325592
1569841708.0177877,11,0.24053029716014862
1569841708.4778314,12,0.27272728085517883
1569841708.9367833,13,0.27398988604545593
1569841709.3940573,14,0.2660984992980957
1569841709.8577552,15,0.30744948983192444
1569841710.3133411,16,0.28188130259513855
1569841710.7695274,17,0.29924243688583374
1569841711.227022,18,0.31534090638160706
1569841711.6925275,19,0.32228535413742065
1569841712.1479268,20,0.29577019810676575
1569841712.6033611,21,0.311553031206131
1569841713.0607104,22,0.3033459484577179
1569841713.5184243,23,0.27840909361839294
1569841713.9776232,24,0.28061869740486145
1569841714.4323642,25,0.30050504207611084
1569841714.887234,26,0.25505051016807556
1569841715.343571,27,0.3156565725803375
1569841715.8006504,28,0.25978535413742065
1569841716.2570739,29,0.3093434274196625
1569841716.732925,30,0.31439393758773804
1569841717.1983023,31,0.21464645862579346
1569841717.6567645,32,0.27241161465644836
1569841718.113198,33,0.2569444477558136
1569841718.571736,34,0.3046085834503174
1569841719.030693,35,0.21969696879386902
1569841719.4917789,36,0.2638888955116272
1569841719.948523,37,0.26672980189323425
1569841720.4085777,38,0.30587121844291687
1569841720.8677635,39,0.27020201086997986
1569841721.3280883,40,0.30744948983192444
1569841721.7869072,41,0.30523988604545593
1569841722.2432518,42,0.26231059432029724
1569841722.7082124,43,0.28535354137420654
1569841723.167596,44,0.28409090638160706
1569841723.6307044,45,0.26578283309936523
1569841724.0885646,46,0.2686237394809723
1569841724.551092,47,0.28093433380126953
1569841725.0123997,48,0.2869318127632141
1569841725.4727407,49,0.2929292917251587
1569841725.9295225,50,0.28188130259513855
1569841726.395251,51,0.3207070827484131
1569841726.8579314,52,0.24053029716014862
1569841727.3179815,53,0.2660984992980957
1569841727.7814033,54,0.31281566619873047
1569841728.238948,55,0.2859848439693451
1569841728.7109365,56,0.28756314516067505
1569841729.1740959,57,0.28535354137420654
1569841729.6425993,58,0.3184974789619446
1569841730.112673,59,0.3162878751754761
1569841730.57261,60,0.30050504207611084
1569841731.0285008,61,0.2825126349925995
1569841731.4883869,62,0.2604166567325592
1569841731.9440417,63,0.3093434274196625
1569841732.4003687,64,0.28756314516067505
1569841732.8615286,65,0.2982954680919647
1569841733.3209271,66,0.2847222089767456
1569841733.7832458,67,0.2825126349925995
1569841734.2409482,68,0.313446968793869
1569841734.7022738,69,0.29008838534355164
1569841735.1677418,70,0.26452019810676575
1569841735.6281579,71,0.30271464586257935
1569841736.0877085,72,0.26325756311416626
1569841736.5578182,73,0.2591540515422821
1569841737.0234017,74,0.26893940567970276
1569841737.4787855,75,0.2708333432674408
1569841737.936303,76,0.32481059432029724
1569841738.3961818,77,0.29924243688583374
1569841738.8541942,78,0.2743055522441864
1569841739.316874,79,0.3207070827484131
1569841739.778893,80,0.31218433380126953
1569841740.2461412,81,0.31281566619873047
1569841740.7033188,82,0.3162878751754761
1569841741.158661,83,0.3125
1569841741.6178794,84,0.3162878751754761
1569841742.0766904,85,0.2960858643054962
1569841742.5377915,86,0.27367424964904785
1569841742.9986746,87,0.28125
1569841743.4562347,88,0.2894570827484131
1569841743.913522,89,0.29008838534355164
1569841744.3685982,90,0.3156565725803375
1569841744.826633,91,0.2648358643054962
1569841745.2834196,92,0.2938762605190277
1569841745.7389421,93,0.2790403962135315
1569841746.197514,94,0.26231059432029724
1569841746.6637535,95,0.28882575035095215
1569841747.126667,96,0.3125
1569841747.583253,97,0.3033459484577179
1569841748.0421114,98,0.3042929172515869
1569841748.4986403,99,0.3311237394809723
1569841748.9627001,100,0.3156565725803375
1569841749.4205832,101,0.31281566619873047
1569841749.8781805,102,0.28535354137420654
1569841750.338077,103,0.29703283309936523
1569841750.7990124,104,0.33017677068710327
1569841751.2576122,105,0.28882575035095215
1569841751.7196763,106,0.3415403962135315
1569841752.1779501,107,0.32607322931289673
1569841752.64892,108,0.27493685483932495
1569841753.1034348,109,0.30397728085517883
1569841753.5619166,110,0.27840909361839294
1569841754.0283828,111,0.3311237394809723
1569841754.4916599,112,0.30050504207611084
1569841754.9566915,113,0.2777777910232544
1569841755.4227462,114,0.25883838534355164
1569841755.8893647,115,0.24116161465644836
1569841756.3550348,116,0.29703283309936523
1569841756.8267803,117,0.2938762605190277
1569841757.2833254,118,0.3323863744735718
1569841757.7433367,119,0.35732322931289673
1569841758.2017407,120,0.4027777910232544
1569841758.661603,121,0.3712121248245239
1569841759.120734,122,0.3506944477558136
1569841759.5794806,123,0.4119318127632141
1569841760.03855,124,0.36174243688583374
1569841760.5010288,125,0.37689393758773804
1569841760.960926,126,0.3781565725803375
1569841761.4161499,127,0.4030934274196625
1569841761.8738334,128,0.3718434274196625
1569841762.3322687,129,0.4084596037864685
1569841762.7907825,130,0.4037247598171234
1569841763.2486887,131,0.40593433380126953
1569841763.7171626,132,0.39425504207611084
1569841764.176732,133,0.4154040515422821
1569841764.641009,134,0.4270833432674408
1569841765.100904,135,0.4236111044883728
1569841765.5610557,136,0.4169823229312897
1569841766.0185914,137,0.48800504207611084
1569841766.4830089,138,0.44255051016807556
1569841766.9434445,139,0.47285354137420654
1569841767.4022436,140,0.5069444179534912
1569841767.8578951,141,0.45991161465644836
1569841768.3233364,142,0.46338382363319397
1569841768.8030498,143,0.4655934274196625
1569841769.2653112,144,0.45991161465644836
1569841769.7312224,145,0.46906566619873047
1569841770.1894386,146,0.5088383555412292
1569841770.647633,147,0.5028409361839294
1569841771.1075428,148,0.4883207082748413
1569841771.567595,149,0.4766414165496826
1569841772.0575967,150,0.4965277910232544
1569841772.5172038,151,0.48768940567970276
1569841772.9765973,152,0.506313145160675
1569841773.4340239,153,0.5517676472663879
1569841773.8920035,154,0.5151515007019043
1569841774.347731,155,0.49242424964904785
1569841774.8085432,156,0.5533459782600403
1569841775.2693894,157,0.5448232293128967
1569841775.7262833,158,0.5441918969154358
1569841776.1821244,159,0.5347222089767456
1569841776.639234,160,0.5050504803657532
1569841777.097952,161,0.5732323527336121
1569841777.5515637,162,0.5208333134651184
1569841778.0084164,163,0.5558711886405945
1569841778.468323,164,0.5476641654968262
1569841778.9281473,165,0.564393937587738
1569841779.3932207,166,0.5243055820465088
1569841779.8511403,167,0.5059974789619446
1569841780.3075812,168,0.5255681872367859
1569841780.768166,169,0.4813762605190277
1569841781.2271173,170,0.5422979593276978
1569841781.6886592,171,0.5145202279090881
1569841782.1478229,172,0.506313145160675
1569841782.6061156,173,0.5214646458625793
1569841783.0719435,174,0.5009469985961914
1569841783.5327265,175,0.4965277910232544
1569841783.9966912,176,0.5091540217399597
1569841784.4553359,177,0.4835858643054962
1569841784.9166574,178,0.5350378751754761
1569841785.3885815,179,0.4965277910232544
1569841785.8469045,180,0.5489267706871033
1569841786.3114877,181,0.5353535413742065
1569841786.7827106,182,0.5186237096786499
1569841787.2413824,183,0.5422979593276978
1569841787.6979892,184,0.4943181872367859
1569841788.1704135,185,0.5104166865348816
1569841788.6327019,186,0.5366161465644836
1569841789.0916715,187,0.5123106241226196
1569841789.5485325,188,0.5022096037864685
1569841790.0090582,189,0.49463382363319397
1569841790.4717157,190,0.4965277910232544
1569841790.9308472,191,0.53125
1569841791.3908253,192,0.5416666865348816
1569841791.8486214,193,0.5
1569841792.3206592,194,0.5290403962135315
1569841792.7794504,195,0.5394570827484131
1569841793.2413027,196,0.5157828330993652
1569841793.6975596,197,0.5347222089767456
1569841794.1525648,198,0.5224116444587708
1569841794.60779,199,0.5381944179534912
