Wall time,Step,Value
1569841631.522829,0,0.1822916716337204
1569841632.0187883,1,0.2942708432674408
1569841632.5030067,2,0.2786458432674408
1569841632.9979434,3,0.265625
1569841633.483023,4,0.2395833283662796
1569841633.9577348,5,0.2395833283662796
1569841634.4309025,6,0.2447916716337204
1569841634.9056916,7,0.2708333432674408
1569841635.3917587,8,0.2734375
1569841635.8711073,9,0.2682291567325592
1569841636.3409374,10,0.2838541567325592
1569841636.8121145,11,0.2369791716337204
1569841637.2993724,12,0.2317708283662796
1569841637.7858837,13,0.296875
1569841638.2655349,14,0.2734375
1569841638.7474685,15,0.25
1569841639.2290921,16,0.2317708283662796
1569841639.706334,17,0.2786458432674408
1569841640.1775966,18,0.2786458432674408
1569841640.6698644,19,0.2682291567325592
1569841641.140921,20,0.2552083432674408
1569841641.6151438,21,0.3046875
1569841642.091472,22,0.2630208432674408
1569841642.5656016,23,0.2890625
1569841643.0470114,24,0.2239583283662796
1569841643.5217307,25,0.2786458432674408
1569841643.9996126,26,0.3177083432674408
1569841644.4921055,27,0.2916666567325592
1569841644.9658196,28,0.328125
1569841645.4537058,29,0.328125
1569841645.9395986,30,0.359375
1569841646.4220743,31,0.3802083432674408
1569841646.9020925,32,0.3854166567325592
1569841647.3894138,33,0.4348958432674408
1569841647.8646688,34,0.4505208432674408
1569841648.3410547,35,0.4635416567325592
1569841648.8147147,36,0.4244791567325592
1569841649.2856655,37,0.4479166567325592
1569841649.767429,38,0.4635416567325592
1569841650.2543557,39,0.4765625
1569841650.7312548,40,0.4973958432674408
1569841651.214321,41,0.5026041865348816
1569841651.6951497,42,0.4635416567325592
1569841652.1752071,43,0.5052083134651184
1569841652.6570523,44,0.5104166865348816
1569841653.1418242,45,0.4661458432674408
1569841653.61223,46,0.4713541567325592
1569841654.0825882,47,0.5130208134651184
1569841654.5648873,48,0.5390625
1569841655.0417063,49,0.4739583432674408
1569841655.5321248,50,0.4166666567325592
1569841656.029662,51,0.5104166865348816
1569841656.5052848,52,0.4817708432674408
1569841656.9780328,53,0.390625
1569841657.4576075,54,0.5130208134651184
1569841657.9355662,55,0.5
1569841658.4048672,56,0.453125
1569841658.883783,57,0.5338541865348816
1569841659.3706315,58,0.53125
1569841659.8703034,59,0.46875
1569841660.3495522,60,0.4869791567325592
1569841660.8436148,61,0.5260416865348816
1569841661.315438,62,0.5130208134651184
1569841661.8033035,63,0.4973958432674408
1569841662.2920182,64,0.46875
1569841662.7744582,65,0.515625
1569841663.2610126,66,0.4895833432674408
1569841663.7411625,67,0.4479166567325592
1569841664.2185411,68,0.5208333134651184
1569841664.7023425,69,0.4609375
1569841665.1838386,70,0.546875
1569841665.676987,71,0.4921875
1569841666.1708722,72,0.53125
1569841666.6528087,73,0.4244791567325592
1569841667.1590078,74,0.4713541567325592
1569841667.647739,75,0.5026041865348816
1569841668.1397917,76,0.4583333432674408
1569841668.6344962,77,0.515625
1569841669.1408064,78,0.4869791567325592
1569841669.625984,79,0.5338541865348816
1569841670.1798437,80,0.4322916567325592
1569841670.6762803,81,0.4453125
1569841671.1652603,82,0.5
1569841671.6710296,83,0.4140625
1569841672.1731489,84,0.4010416567325592
1569841672.6679382,85,0.4921875
1569841673.1807628,86,0.4973958432674408
1569841673.6754556,87,0.5104166865348816
1569841674.173817,88,0.5390625
1569841674.6731043,89,0.4869791567325592
1569841675.1730757,90,0.5598958134651184
1569841675.6857603,91,0.5494791865348816
1569841676.1913943,92,0.5390625
1569841676.7343094,93,0.5651041865348816
1569841677.2300212,94,0.5390625
1569841677.7305114,95,0.6041666865348816
1569841678.2355435,96,0.59375
1569841678.7239985,97,0.5911458134651184
1569841679.2239559,98,0.5807291865348816
1569841679.719134,99,0.6223958134651184
1569841680.2111208,100,0.5807291865348816
1569841680.6975505,101,0.53125
1569841681.1735797,102,0.5885416865348816
1569841681.6655796,103,0.5260416865348816
1569841682.1412954,104,0.6145833134651184
1569841682.6173882,105,0.5677083134651184
1569841683.091251,106,0.5859375
1569841683.56501,107,0.5625
1569841684.042342,108,0.5338541865348816
1569841684.5345547,109,0.5859375
1569841685.007121,110,0.5598958134651184
1569841685.4865327,111,0.6119791865348816
1569841685.9664874,112,0.5859375
1569841686.4916813,113,0.578125
1569841686.982028,114,0.5208333134651184
1569841687.4592884,115,0.5364583134651184
1569841687.9411237,116,0.5572916865348816
1569841688.419958,117,0.5729166865348816
1569841688.8990288,118,0.6067708134651184
1569841689.3846877,119,0.5520833134651184
1569841689.8611376,120,0.6119791865348816
1569841690.3354192,121,0.6015625
1569841690.827137,122,0.5729166865348816
1569841691.3015118,123,0.6119791865348816
1569841691.7749317,124,0.5416666865348816
1569841692.247178,125,0.5442708134651184
1569841692.7327495,126,0.6145833134651184
1569841693.2118826,127,0.6328125
1569841693.6919124,128,0.5286458134651184
1569841694.1882617,129,0.5651041865348816
1569841694.6652682,130,0.5911458134651184
1569841695.1526883,131,0.5885416865348816
1569841695.653218,132,0.5885416865348816
1569841696.1452649,133,0.5651041865348816
1569841696.6376765,134,0.546875
1569841697.1277006,135,0.5416666865348816
1569841697.623027,136,0.6484375
1569841698.1024182,137,0.5729166865348816
1569841698.5846984,138,0.5833333134651184
1569841699.0740647,139,0.6119791865348816
1569841699.5638187,140,0.5911458134651184
1569841700.049567,141,0.5833333134651184
1569841700.5276468,142,0.5651041865348816
1569841701.0060432,143,0.5807291865348816
1569841701.4818583,144,0.5338541865348816
1569841701.9657886,145,0.6119791865348816
1569841702.4546344,146,0.5911458134651184
1569841702.9548256,147,0.6067708134651184
1569841703.425559,148,0.5911458134651184
1569841703.899157,149,0.5963541865348816
1569841704.3932803,150,0.5807291865348816
1569841704.886598,151,0.6119791865348816
1569841705.3722413,152,0.5833333134651184
1569841705.854933,153,0.5520833134651184
1569841706.3478887,154,0.5598958134651184
1569841706.8361275,155,0.5651041865348816
1569841707.3119338,156,0.5651041865348816
1569841707.7853189,157,0.625
1569841708.2664604,158,0.5755208134651184
1569841708.7429953,159,0.6171875
1569841709.2183638,160,0.5130208134651184
1569841709.6910381,161,0.5390625
1569841710.174479,162,0.5885416865348816
1569841710.6509266,163,0.5963541865348816
1569841711.1300154,164,0.6197916865348816
1569841711.6310408,165,0.5807291865348816
1569841712.1086066,166,0.6380208134651184
1569841712.5878978,167,0.5859375
1569841713.0759556,168,0.5963541865348816
1569841713.547777,169,0.609375
1569841714.0284493,170,0.5859375
1569841714.5247111,171,0.6145833134651184
1569841715.001083,172,0.6354166865348816
1569841715.4775708,173,0.5859375
1569841715.9505095,174,0.5494791865348816
1569841716.4276087,175,0.5651041865348816
1569841716.900786,176,0.6171875
1569841717.37505,177,0.59375
1569841717.8451385,178,0.5234375
1569841718.31507,179,0.5989583134651184
1569841718.794679,180,0.5494791865348816
1569841719.2732177,181,0.6354166865348816
1569841719.7556703,182,0.5807291865348816
1569841720.2373784,183,0.6067708134651184
1569841720.7143312,184,0.5859375
1569841721.1887488,185,0.5833333134651184
1569841721.6670353,186,0.5989583134651184
1569841722.1550827,187,0.6067708134651184
1569841722.6257012,188,0.5598958134651184
1569841723.1050012,189,0.6510416865348816
1569841723.5951042,190,0.5807291865348816
1569841724.0685506,191,0.59375
1569841724.5588582,192,0.6015625
1569841725.0847259,193,0.6067708134651184
1569841725.5719976,194,0.6328125
1569841726.0473995,195,0.5703125
1569841726.5210972,196,0.6041666865348816
1569841727.0029364,197,0.5885416865348816
1569841727.4856951,198,0.5989583134651184
1569841727.9688394,199,0.6015625
