Wall time,Step,Value
1569841577.3506322,0,0.1046627014875412
1569841577.81556,1,0.19378307461738586
1569841578.266905,2,0.21312831342220306
1569841578.7068899,3,0.19014550745487213
1569841579.1544955,4,0.23892195522785187
1569841579.6021218,5,0.2807539701461792
1569841580.0441236,6,0.31233465671539307
1569841580.485064,7,0.30737432837486267
1569841580.9274683,8,0.29497355222702026
1569841581.3711395,9,0.27017197012901306
1569841581.8122115,10,0.31233465671539307
1569841582.2564712,11,0.28935185074806213
1569841582.7021701,12,0.3035714328289032
1569841583.1480265,13,0.28587964177131653
1569841583.590997,14,0.2933201193809509
1569841584.0337484,15,0.289682537317276
1569841584.47612,16,0.2951388955116272
1569841584.9228895,17,0.32258597016334534
1569841585.3578224,18,0.32969576120376587
1569841585.792024,19,0.3402777910232544
1569841586.2378566,20,0.3541666567325592
1569841586.6869512,21,0.3735119104385376
1569841587.1298447,22,0.3784722089767456
1569841587.5757864,23,0.35234788060188293
1569841588.0194387,24,0.439980149269104
1569841588.4646733,25,0.42245370149612427
1569841588.9059956,26,0.45419973134994507
1569841589.3511217,27,0.43964946269989014
1569841589.8008628,28,0.45519179105758667
1569841590.2404552,29,0.47304895520210266
1569841590.683057,30,0.43964946269989014
1569841591.1200411,31,0.4345238208770752
1569841591.558089,32,0.44824734330177307
1569841591.9964814,33,0.44510582089424133
1569841592.429391,34,0.5072751045227051
1569841592.8740861,35,0.5234788656234741
1569841593.316128,36,0.5163690447807312
1569841593.7542717,37,0.5620039701461792
1569841594.1920416,38,0.5320767164230347
1569841594.6293724,39,0.5706018805503845
1569841595.0718915,40,0.5720899701118469
1569841595.510478,41,0.5689483880996704
1569841595.9530666,42,0.5672949552536011
1569841596.3921077,43,0.5687830448150635
1569841596.8334048,44,0.5846560597419739
1569841597.2728102,45,0.6334325671195984
1569841597.7165496,46,0.5882936716079712
1569841598.1607368,47,0.6178902387619019
1569841598.604447,48,0.5689483880996704
1569841599.0539873,49,0.5856481194496155
1569841599.4941757,50,0.5758928656578064
1569841599.9402049,51,0.58432537317276
1569841600.38076,52,0.5828372836112976
1569841600.8236942,53,0.5724206566810608
1569841601.26619,54,0.5866402387619019
1569841601.7037563,55,0.6038359999656677
1569841602.1442034,56,0.5897817611694336
1569841602.589755,57,0.5882936716079712
1569841603.0379932,58,0.5914351940155029
1569841603.4842768,59,0.5882936716079712
1569841603.9189386,60,0.5691137313842773
1569841604.351445,61,0.5815145373344421
1569841604.7933452,62,0.6195436716079712
1569841605.2471764,63,0.6111111044883728
1569841605.682691,64,0.5828372836112976
1569841606.1220717,65,0.6316137313842773
1569841606.5701349,66,0.6390542387962341
1569841607.0210986,67,0.586144208908081
1569841607.462405,68,0.5790343880653381
1569841607.9079564,69,0.5881283283233643
1569841608.360291,70,0.6073082089424133
1569841608.806205,71,0.6374008059501648
1569841609.2567627,72,0.651289701461792
1569841609.6969495,73,0.6121031641960144
1569841610.1583736,74,0.598710298538208
1569841610.6045651,75,0.6261574029922485
1569841611.0559833,76,0.5965608358383179
1569841611.507209,77,0.6193783283233643
1569841611.955485,78,0.6040013432502747
1569841612.4009976,79,0.6684854626655579
1569841612.8461735,80,0.6197090148925781
1569841613.289535,81,0.6091269850730896
1569841613.7368505,82,0.6631944179534912
1569841614.1833062,83,0.6405423283576965
1569841614.6239076,84,0.6020172238349915
1569841615.0720136,85,0.6233465671539307
1569841615.5166416,86,0.6496362686157227
1569841615.9570117,87,0.6301256418228149
1569841616.4015527,88,0.6001983880996704
1569841616.8458464,89,0.6074735522270203
1569841617.2902994,90,0.6154100298881531
1569841617.7364888,91,0.6352513432502747
1569841618.1902251,92,0.6365740895271301
1569841618.637956,93,0.6349206566810608
1569841619.090215,94,0.6405423283576965
1569841619.536016,95,0.6542658805847168
1569841619.982283,96,0.625
1569841620.42429,97,0.6302909851074219
1569841620.8764412,98,0.6317790746688843
1569841621.3267667,99,0.6053240895271301
1569841621.7667072,100,0.6246693134307861
1569841622.2050958,101,0.6124338507652283
1569841622.6443212,102,0.6246693134307861
1569841623.090716,103,0.6474867463111877
1569841623.5545049,104,0.5791997313499451
1569841623.9931204,105,0.6286375522613525
1569841624.4353147,106,0.6337632536888123
1569841624.8768623,107,0.6314483880996704
1569841625.3204474,108,0.6372354626655579
1569841625.7596664,109,0.6266534328460693
1569841626.2047646,110,0.6248346567153931
1569841626.65105,111,0.6456679701805115
1569841627.105307,112,0.5963954925537109
1569841627.5469677,113,0.636904776096344
1569841627.9922316,114,0.6302909851074219
1569841628.4385464,115,0.6597222089767456
1569841628.8912206,116,0.6474867463111877
1569841629.3364367,117,0.663690447807312
1569841629.7754757,118,0.625
1569841630.2227123,119,0.6195436716079712
1569841630.6641788,120,0.6582341194152832
1569841631.1079707,121,0.6423611044883728
1569841631.5522468,122,0.6436838507652283
1569841631.9911685,123,0.6650132536888123
1569841632.4591715,124,0.6703042387962341
1569841632.9050348,125,0.6879960298538208
1569841633.3523283,126,0.6473214030265808
1569841633.7919343,127,0.6663359999656677
1569841634.2366424,128,0.6641865372657776
1569841634.6811724,129,0.6645172238349915
1569841635.1246061,130,0.6633597612380981
1569841635.5719366,131,0.7050264477729797
1569841636.0101564,132,0.6894841194152832
1569841636.4533474,133,0.6547619104385376
1569841636.8923812,134,0.6684854626655579
1569841637.3409894,135,0.6560846567153931
1569841637.782646,136,0.6595568656921387
1569841638.2325377,137,0.6858465671539307
1569841638.6735232,138,0.670634925365448
1569841639.1403213,139,0.706845223903656
1569841639.5754454,140,0.6736111044883728
1569841640.0234334,141,0.6615409851074219
1569841640.4702005,142,0.6865079402923584
1569841640.9202173,143,0.6843584775924683
1569841641.362868,144,0.6858465671539307
1569841641.8069253,145,0.675595223903656
1569841642.265102,146,0.7208994626998901
1569841642.7072468,147,0.6863425970077515
1569841643.1621602,148,0.6860119104385376
1569841643.6064517,149,0.6841931343078613
1569841644.0530798,150,0.7046957612037659
1569841644.4962945,151,0.6650132536888123
1569841644.9367416,152,0.7017195820808411
1569841645.383305,153,0.706845223903656
1569841645.8236,154,0.7035383582115173
1569841646.2673626,155,0.7051917910575867
1569841646.7154484,156,0.6856812238693237
1569841647.157225,157,0.6820436716079712
1569841647.6236668,158,0.6789020895957947
1569841648.0711806,159,0.7242063283920288
1569841648.5154543,160,0.7174272537231445
1569841648.9602828,161,0.6982473731040955
1569841649.401859,162,0.6772486567497253
1569841649.8445404,163,0.6979166865348816
1569841650.2834482,164,0.7121362686157227
1569841650.7278714,165,0.7083333134651184
1569841651.186935,166,0.7276785969734192
1569841651.6305976,167,0.6908068656921387
1569841652.0769098,168,0.7526454925537109
1569841652.5206637,169,0.7382605671882629
1569841652.9644985,170,0.726355791091919
1569841653.4048283,171,0.7435516119003296
1569841653.843914,172,0.7225528955459595
1569841654.2798135,173,0.6787367463111877
1569841654.7166073,174,0.694940447807312
1569841655.1502504,175,0.6891534328460693
1569841655.58212,176,0.7192460298538208
1569841656.0138803,177,0.6980820298194885
1569841656.4472458,178,0.7028769850730896
1569841656.8817575,179,0.7349537014961243
1569841657.317498,180,0.7414020895957947
1569841657.750168,181,0.6980820298194885
1569841658.189925,182,0.7296627163887024
1569841658.6319642,183,0.7208994626998901
1569841659.0746255,184,0.7170965671539307
1569841659.5108368,185,0.7240409851074219
1569841659.943343,186,0.7258597612380981
1569841660.3844385,187,0.713789701461792
1569841660.8214486,188,0.7417327761650085
1569841661.261403,189,0.7255290746688843
1569841661.6956294,190,0.7367724776268005
1569841662.1289866,191,0.726190447807312
1569841662.571914,192,0.7309854626655579
1569841663.0088956,193,0.6941137313842773
1569841663.4505332,194,0.7523148059844971
1569841663.8906097,195,0.7572751045227051
1569841664.336867,196,0.7205687761306763
1569841664.7801757,197,0.7032076716423035
1569841665.222267,198,0.7468584775924683
1569841665.657414,199,0.6770833134651184
