Wall time,Step,Value
1569841715.4671273,0,0.16289250552654266
1569841715.9140818,1,0.2758152186870575
1569841716.3467896,2,0.25362318754196167
1569841716.777544,3,0.24320651590824127
1569841717.2084937,4,0.23822464048862457
1569841717.6413338,5,0.23777173459529877
1569841718.0680432,6,0.2931763231754303
1569841718.4923313,7,0.2619263231754303
1569841718.9126139,8,0.2524154484272003
1569841719.3309193,9,0.2903079688549042
1569841719.7510917,10,0.27657005190849304
1569841720.1704311,11,0.28291061520576477
1569841720.590455,12,0.2986111044883728
1569841721.0111654,13,0.26464372873306274
1569841721.438539,14,0.27506038546562195
1569841721.8573782,15,0.27249395847320557
1569841722.2856593,16,0.2653985619544983
1569841722.7083943,17,0.3001207709312439
1569841723.1274457,18,0.3118961453437805
1569841723.5494897,19,0.3125
1569841723.9683912,20,0.3289553225040436
1569841724.3873634,21,0.31129226088523865
1569841724.807408,22,0.3257850110530853
1569841725.2369118,23,0.34797704219818115
1569841725.6578326,24,0.37273550033569336
1569841726.078981,25,0.3721316456794739
1569841726.508568,26,0.33121979236602783
1569841726.9441583,27,0.3541666567325592
1569841727.373757,28,0.3528079688549042
1569841727.8030457,29,0.35537439584732056
1569841728.2342296,30,0.3825483024120331
1569841728.667089,31,0.40549516677856445
1569841729.098535,32,0.4331219792366028
1569841729.5339825,33,0.4103260934352875
1569841729.970597,34,0.47735506296157837
1569841730.3976514,35,0.4587862193584442
1569841730.8321826,36,0.4658816456794739
1569841731.2641087,37,0.4980374276638031
1569841731.6927338,38,0.5314009785652161
1569841732.123472,39,0.5114734172821045
1569841732.5559835,40,0.5467995405197144
1569841732.987628,41,0.49486714601516724
1569841733.419377,42,0.5425724387168884
1569841733.8500023,43,0.5578200221061707
1569841734.2791955,44,0.5440821051597595
1569841734.717036,45,0.5659722089767456
1569841735.1491728,46,0.5425724387168884
1569841735.583823,47,0.5535929799079895
1569841736.0134397,48,0.5467995405197144
1569841736.4472315,49,0.6008453965187073
1569841736.877644,50,0.5522342920303345
1569841737.3043025,51,0.5689915418624878
1569841737.737475,52,0.554347813129425
1569841738.1645174,53,0.5771437287330627
1569841738.6078088,54,0.5620471239089966
1569841739.0377746,55,0.5717089176177979
1569841739.482346,56,0.5806159377098083
1569841739.9131868,57,0.5724637508392334
1569841740.340096,58,0.6035627722740173
1569841740.7767239,59,0.6139794588088989
1569841741.2091572,60,0.592391312122345
1569841741.640024,61,0.6112620830535889
1569841742.06904,62,0.6305857300758362
1569841742.4988308,63,0.6133756041526794
1569841742.9285417,64,0.6251509785652161
1569841743.3571155,65,0.6169987916946411
1569841743.7887056,66,0.5910326242446899
1569841744.218026,67,0.6189613342285156
1569841744.6429303,68,0.6195651888847351
1569841745.0682197,69,0.6452294588088989
1569841745.4903207,70,0.5834842920303345
1569841745.9102926,71,0.6320953965187073
1569841746.3318703,72,0.616696834564209
1569841746.7519455,73,0.6547403335571289
1569841747.1815665,74,0.6411533951759338
1569841747.5984292,75,0.6070350408554077
1569841748.0171146,76,0.6201691031455994
1569841748.456391,77,0.6209239363670349
1569841748.8801174,78,0.6083937287330627
1569841749.3028781,79,0.6798007488250732
1569841749.7226236,80,0.6043176054954529
1569841750.1417346,81,0.6330012083053589
1569841750.5614717,82,0.6100543737411499
1569841750.9823203,83,0.65625
1569841751.3987322,84,0.6251509785652161
1569841751.823992,85,0.6506642699241638
1569841752.2539866,86,0.6577596664428711
1569841752.6841555,87,0.6514191031455994
1569841753.1178188,88,0.6583635210990906
1569841753.5516715,89,0.633303165435791
1569841753.9875484,90,0.6736111044883728
1569841754.4191058,91,0.6176026463508606
1569841754.8478444,92,0.6207729578018188
1569841755.27904,93,0.61277174949646
1569841755.7089841,94,0.648097813129425
1569841756.142198,95,0.6500604152679443
1569841756.5731559,96,0.6769323945045471
1569841756.9997778,97,0.6722524166107178
1569841757.4375486,98,0.6459842920303345
1569841757.8797948,99,0.6624395847320557
1569841758.3172245,100,0.6452294588088989
1569841758.7602913,101,0.6458333134651184
1569841759.1884992,102,0.6680253744125366
1569841759.617364,103,0.6639492511749268
1569841760.049969,104,0.664553165435791
1569841760.4821918,105,0.6680253744125366
1569841760.9137,106,0.65625
1569841761.3460908,107,0.6639492511749268
1569841761.7789574,108,0.6721014380455017
1569841762.208884,109,0.6402475833892822
1569841762.6440942,110,0.6361715197563171
1569841763.0738049,111,0.664553165435791
1569841763.507617,112,0.6334540843963623
1569841763.937483,113,0.6609299778938293
1569841764.3857877,114,0.6619867086410522
1569841764.8190384,115,0.6120169162750244
1569841765.2477448,116,0.646588146686554
1569841765.6790535,117,0.6230374574661255
1569841766.1091576,118,0.622433602809906
1569841766.5430036,119,0.6570048332214355
1569841766.9773812,120,0.6493055820465088
1569841767.4073694,121,0.6859903335571289
1569841767.8426464,122,0.6701388955116272
1569841768.2782533,123,0.6438707709312439
1569841768.7145994,124,0.6326992511749268
1569841769.1473484,125,0.6176026463508606
1569841769.5819008,126,0.6313405632972717
1569841770.0135074,127,0.66576087474823
1569841770.4471004,128,0.65625
1569841770.8801045,129,0.654891312122345
1569841771.307386,130,0.646588146686554
1569841771.7374759,131,0.6743659377098083
1569841772.167461,132,0.664553165435791
1569841772.601769,133,0.6674215197563171
1569841773.0339777,134,0.6506642699241638
1569841773.493583,135,0.6366243958473206
1569841773.9278636,136,0.6410024166107178
1569841774.360111,137,0.6618357300758362
1569841774.7890172,138,0.6624395847320557
1569841775.2266247,139,0.6464372277259827
1569841775.6589704,140,0.664553165435791
1569841776.1089978,141,0.657608687877655
1569841776.538496,142,0.6701388955116272
1569841776.967251,143,0.6689311861991882
1569841777.397379,144,0.664553165435791
1569841777.8231602,145,0.6819142699241638
1569841778.2683136,146,0.6446256041526794
1569841778.703899,147,0.6721014380455017
1569841779.137508,148,0.6597222089767456
1569841779.5673263,149,0.6564009785652161
1569841779.994549,150,0.6757246255874634
1569841780.4325085,151,0.6784420013427734
1569841780.8618684,152,0.688707709312439
1569841781.2938566,153,0.6875
1569841781.722605,154,0.6714975833892822
1569841782.1569915,155,0.6784420013427734
1569841782.581062,156,0.6813104152679443
1569841783.008378,157,0.6618357300758362
1569841783.43836,158,0.6631944179534912
1569841783.8671534,159,0.6541364789009094
1569841784.29361,160,0.6742149591445923
1569841784.722057,161,0.6609299778938293
1569841785.1424077,162,0.6784420013427734
1569841785.5631893,163,0.6598731875419617
1569841785.9817348,164,0.6384360194206238
1569841786.4112415,165,0.6917270421981812
1569841786.8322995,166,0.6941425204277039
1569841787.2614133,167,0.657608687877655
1569841787.693861,168,0.686141312122345
1569841788.1219049,169,0.6589673757553101
1569841788.5593514,170,0.6813104152679443
1569841788.9921765,171,0.6979166865348816
1569841789.425515,172,0.646588146686554
1569841789.854299,173,0.6977657079696655
1569841790.2833338,174,0.6838768124580383
1569841790.7138238,175,0.679196834564209
1569841791.1433597,176,0.7151268124580383
1569841791.577379,177,0.6701388955116272
1569841792.008439,178,0.6473429799079895
1569841792.4377987,179,0.6680253744125366
1569841792.868277,180,0.64402174949646
1569841793.2987645,181,0.654891312122345
1569841793.7285137,182,0.6942934989929199
1569841794.1610537,183,0.6834239363670349
1569841794.5934863,184,0.6894625425338745
1569841795.0181103,185,0.6875
1569841795.4479618,186,0.6782910823822021
1569841795.8771195,187,0.688858687877655
1569841796.3071187,188,0.695652186870575
1569841796.734541,189,0.6696860194206238
1569841797.1710649,190,0.6714975833892822
1569841797.5989425,191,0.6805555820465088
1569841798.0288892,192,0.690066397190094
1569841798.4679399,193,0.6708937287330627
1569841798.8974383,194,0.6796497702598572
1569841799.3270981,195,0.6618357300758362
1569841799.753427,196,0.7062197923660278
1569841800.1817753,197,0.6722524166107178
1569841800.611763,198,0.6908212304115295
1569841801.0432632,199,0.7101449370384216
