Wall time,Step,Value
1569841573.2529316,0,0.1691468209028244
1569841573.6873963,1,0.20297619700431824
1569841574.1117163,2,0.30267858505249023
1569841574.5303736,3,0.3390873074531555
1569841574.9552395,4,0.36865079402923584
1569841575.3825061,5,0.3296627104282379
1569841575.8055823,6,0.36170634627342224
1569841576.2427287,7,0.352182537317276
1569841576.662267,8,0.3888888955116272
1569841577.0907986,9,0.3343254029750824
1569841577.5151024,10,0.3534722328186035
1569841577.9366763,11,0.34910714626312256
1569841578.352545,12,0.3846230208873749
1569841578.7950723,13,0.3599206209182739
1569841579.2159996,14,0.3464285731315613
1569841579.6376584,15,0.3551587164402008
1569841580.062145,16,0.36815476417541504
1569841580.4838507,17,0.372519850730896
1569841580.9028633,18,0.30496031045913696
1569841581.331792,19,0.3048610985279083
1569841581.7528338,20,0.3399801552295685
1569841582.1752875,21,0.38680556416511536
1569841582.595308,22,0.3928571343421936
1569841583.0209289,23,0.3738095164299011
1569841583.4419248,24,0.4280754029750824
1569841583.8617697,25,0.45625001192092896
1569841584.2833781,26,0.5047619342803955
1569841584.7021785,27,0.5368055701255798
1569841585.1262753,28,0.4740079343318939
1569841585.553223,29,0.5532737970352173
1569841585.9752512,30,0.5160714387893677
1569841586.397873,31,0.5477182269096375
1569841586.821963,32,0.5728174448013306
1569841587.243431,33,0.5663690567016602
1569841587.6634448,34,0.5542658567428589
1569841588.1234283,35,0.5607143044471741
1569841588.542119,36,0.581944465637207
1569841588.9714427,37,0.558134913444519
1569841589.3876183,38,0.5494047403335571
1569841589.8099847,39,0.5832341313362122
1569841590.233362,40,0.5720238089561462
1569841590.6537127,41,0.5754960179328918
1569841591.0864778,42,0.5156745910644531
1569841591.517878,43,0.5945436358451843
1569841591.9448104,44,0.574999988079071
1569841592.3681562,45,0.5451388955116272
1569841592.7878017,46,0.5608134865760803
1569841593.2057242,47,0.5572420358657837
1569841593.627675,48,0.6115079522132874
1569841594.0456753,49,0.6014881134033203
1569841594.4698358,50,0.6197420358657837
1569841594.8877933,51,0.6114087104797363
1569841595.3121088,52,0.5859127044677734
1569841595.7366927,53,0.6396825313568115
1569841596.1753633,54,0.6183531880378723
1569841596.6012475,55,0.6075396537780762
1569841597.028332,56,0.6227182745933533
1569841597.4512386,57,0.6470237970352173
1569841597.8724613,58,0.6123015880584717
1569841598.301078,59,0.6573412418365479
1569841598.7285147,60,0.6404761672019958
1569841599.1546838,61,0.6790674328804016
1569841599.5751321,62,0.6504960060119629
1569841599.9971416,63,0.6561508178710938
1569841600.4135702,64,0.673115074634552
1569841600.8316696,65,0.6435515880584717
1569841601.2515202,66,0.6713293790817261
1569841601.6675825,67,0.6565476059913635
1569841602.086102,68,0.6743055582046509
1569841602.5026069,69,0.6929563283920288
1569841602.9317205,70,0.6634920835494995
1569841603.350133,71,0.6690475940704346
1569841603.7868462,72,0.6530753970146179
1569841604.2050524,73,0.6647817492485046
1569841604.6231563,74,0.6847222447395325
1569841605.0441284,75,0.6803571581840515
1569841605.4632049,76,0.6773809790611267
1569841605.8871622,77,0.6808531880378723
1569841606.308139,78,0.661309540271759
1569841606.725414,79,0.6894841194152832
1569841607.1470652,80,0.658730149269104
1569841607.5674639,81,0.6973214149475098
1569841607.985349,82,0.6903769969940186
1569841608.4157493,83,0.6704365015029907
1569841608.836045,84,0.6517857313156128
1569841609.2563894,85,0.6400793790817261
1569841609.69242,86,0.6713293790817261
1569841610.1228669,87,0.6782737970352173
1569841610.5458393,88,0.6552579402923584
1569841610.971714,89,0.6625992059707642
1569841611.391761,90,0.6717261672019958
1569841611.8605072,91,0.6764881014823914
1569841612.2826684,92,0.6973214149475098
1569841612.7024784,93,0.6838293671607971
1569841613.1232998,94,0.6890873312950134
1569841613.5431175,95,0.6726190447807312
1569841613.9715295,96,0.6739087104797363
1569841614.4073465,97,0.6877976059913635
1569841614.8308098,98,0.6700396537780762
1569841615.2565668,99,0.6690475940704346
1569841615.68043,100,0.6885912418365479
1569841616.1059492,101,0.6664682626724243
1569841616.5330634,102,0.6760912537574768
1569841616.954272,103,0.6942460536956787
1569841617.3956208,104,0.733730137348175
1569841617.8136277,105,0.6934523582458496
1569841618.233883,106,0.7077381014823914
1569841618.655561,107,0.7051587104797363
1569841619.0771544,108,0.7055555582046509
1569841619.5017,109,0.7124999761581421
1569841619.9266005,110,0.6938492059707642
1569841620.3502772,111,0.692559540271759
1569841620.7709582,112,0.719345211982727
1569841621.2036138,113,0.709424614906311
1569841621.6321454,114,0.7167658805847168
1569841622.056422,115,0.7315475940704346
1569841622.4750805,116,0.6634920835494995
1569841622.8955643,117,0.6769841313362122
1569841623.313211,118,0.7116071581840515
1569841623.7320542,119,0.6834325194358826
1569841624.1567173,120,0.7141864895820618
1569841624.5823941,121,0.6709325313568115
1569841625.0308802,122,0.6986111402511597
1569841625.4508417,123,0.7207341194152832
1569841625.8745244,124,0.6843253970146179
1569841626.295194,125,0.6881944537162781
1569841626.7171907,126,0.7029761672019958
1569841627.1433475,127,0.7132936716079712
1569841627.5618966,128,0.7055555582046509
1569841627.982555,129,0.7342261672019958
1569841628.4151666,130,0.740674614906311
1569841628.8409798,131,0.7324404716491699
1569841629.2636552,132,0.7133928537368774
1569841629.6866064,133,0.713789701461792
1569841630.1119628,134,0.7128968238830566
1569841630.535137,135,0.7441468238830566
1569841630.9525998,136,0.7007936239242554
1569841631.3765528,137,0.6886904835700989
1569841631.7955925,138,0.7324404716491699
1569841632.2157924,139,0.689980149269104
1569841632.6443796,140,0.6934523582458496
1569841633.0673685,141,0.740674614906311
1569841633.4953496,142,0.6894841194152832
1569841633.9126723,143,0.730654776096344
1569841634.3416262,144,0.7220237851142883
1569841634.7730227,145,0.7098214030265808
1569841635.1927292,146,0.718154788017273
1569841635.6213543,147,0.7029761672019958
1569841636.046612,148,0.7242063283920288
1569841636.4722474,149,0.7164682745933533
1569841636.8966315,150,0.7285714149475098
1569841637.3176258,151,0.7254960536956787
1569841637.7366068,152,0.7064484357833862
1569841638.156425,153,0.7124999761581421
1569841638.5732744,154,0.7038690447807312
1569841639.0053842,155,0.713789701461792
1569841639.4276197,156,0.7272817492485046
1569841639.8460839,157,0.7302579283714294
1569841640.2761915,158,0.7259920835494995
1569841640.696855,159,0.716865062713623
1569841641.1215777,160,0.7372024059295654
1569841641.541297,161,0.7141864895820618
1569841641.9622607,162,0.6973214149475098
1569841642.3833725,163,0.7163690328598022
1569841642.8107965,164,0.7250992059707642
1569841643.236003,165,0.7441468238830566
1569841643.6576738,166,0.7467262148857117
1569841644.0823689,167,0.7372024059295654
1569841644.5020611,168,0.7373015880584717
1569841644.9237862,169,0.7415674328804016
1569841645.3514678,170,0.6934523582458496
1569841645.783567,171,0.6973214149475098
1569841646.2111015,172,0.7402777671813965
1569841646.6409829,173,0.7458333373069763
1569841647.08783,174,0.7467262148857117
1569841647.5219243,175,0.735019862651825
1569841647.9525397,176,0.686904788017273
1569841648.3884091,177,0.7229166626930237
1569841648.8186224,178,0.7419642806053162
1569841649.2459805,179,0.7259920835494995
1569841649.676903,180,0.733730137348175
1569841650.10206,181,0.7046626806259155
1569841650.5342963,182,0.754960298538208
1569841650.9719665,183,0.7351190447807312
1569841651.4023168,184,0.7159722447395325
1569841651.8362696,185,0.7246031761169434
1569841652.2621365,186,0.7229166626930237
1569841652.7126093,187,0.6907737851142883
1569841653.147255,188,0.742460310459137
1569841653.5779724,189,0.7103174328804016
1569841654.0133018,190,0.7423611283302307
1569841654.443327,191,0.728075385093689
1569841654.8771918,192,0.7011904716491699
1569841655.3074486,193,0.738095223903656
1569841655.7357266,194,0.740674614906311
1569841656.1733224,195,0.7064484357833862
1569841656.6076784,196,0.7229166626930237
1569841657.0322201,197,0.7419642806053162
1569841657.4658062,198,0.7324404716491699
1569841657.8952904,199,0.7476190328598022
