Wall time,Step,Value
1569841691.3549764,0,0.13005051016807556
1569841691.8006237,1,0.24454365670681
1569841692.2234704,2,0.20991161465644836
1569841692.6589603,3,0.26280662417411804
1569841693.0851953,4,0.22032828629016876
1569841693.5199132,5,0.20468074083328247
1569841693.9548657,6,0.255005419254303
1569841694.3964124,7,0.24797077476978302
1569841694.834056,8,0.22028319537639618
1569841695.2615097,9,0.22380051016807556
1569841695.714999,10,0.28706708550453186
1569841696.142767,11,0.2003968209028244
1569841696.5661855,12,0.2514880895614624
1569841696.986011,13,0.24544551968574524
1569841697.4035382,14,0.24368686974048615
1569841697.8231184,15,0.24368686974048615
1569841698.2501018,16,0.23764429986476898
1569841698.6983497,17,0.1986381709575653
1569841699.1213927,18,0.2254689782857895
1569841699.5391216,19,0.23850108683109283
1569841699.9782608,20,0.2601912021636963
1569841700.400532,21,0.22028319537639618
1569841700.8158638,22,0.17347583174705505
1569841701.2315674,23,0.2298881709575653
1569841701.649124,24,0.24201840162277222
1569841702.0717087,25,0.24544551968574524
1569841702.4919739,26,0.25063130259513855
1569841702.9107459,27,0.24454365670681
1569841703.3266513,28,0.24116161465644836
1569841703.749747,29,0.24016955494880676
1569841704.1656973,30,0.24810606241226196
1569841704.5861032,31,0.25238996744155884
1569841705.0034902,32,0.23597583174705505
1569841705.4198713,33,0.2671356499195099
1569841705.841613,34,0.23597583174705505
1569841706.2607405,35,0.2670905590057373
1569841706.6743078,36,0.23507395386695862
1569841707.090011,37,0.2757936418056488
1569841707.5081449,38,0.22208693623542786
1569841707.9256349,39,0.2688943147659302
1569841708.3413684,40,0.24544551968574524
1569841708.7585442,41,0.2532016634941101
1569841709.179715,42,0.2688491940498352
1569841709.5958157,43,0.27489176392555237
1569841710.0108263,44,0.22898629307746887
1569841710.4297056,45,0.24454365670681
1569841710.8496866,46,0.2254689782857895
1569841711.2701972,47,0.3087121248245239
1569841711.688651,48,0.2879689633846283
1569841712.1054566,49,0.33815836906433105
1569841712.5248733,50,0.37987011671066284
1569841712.9406025,51,0.3781565725803375
1569841713.3560038,52,0.4154491424560547
1569841713.7718344,53,0.3929022252559662
1569841714.1936824,54,0.38424423336982727
1569841714.6137648,55,0.42144662141799927
1569841715.0502768,56,0.4431818127632141
1569841715.4662924,57,0.4570707082748413
1569841715.885543,58,0.46311327815055847
1569841716.3051176,59,0.46838924288749695
1569841716.7224536,60,0.4640151560306549
1569841717.1408343,61,0.503832995891571
1569841717.5615695,62,0.49693360924720764
1569841717.989641,63,0.4995039701461792
1569841718.4058464,64,0.5256132483482361
1569841718.8262389,65,0.5602453351020813
1569841719.2449167,66,0.5542478561401367
1569841719.6702688,67,0.5603355169296265
1569841720.0914576,68,0.5576749444007874
1569841720.5107205,69,0.5516774654388428
1569841720.9314094,70,0.5793200135231018
1569841721.3503034,71,0.5542027354240417
1569841721.7748492,72,0.5793200135231018
1569841722.2010522,73,0.5871663093566895
1569841722.6291764,74,0.5854978561401367
1569841723.0568721,75,0.5819805264472961
1569841723.4868083,76,0.5845508575439453
1569841723.9089372,77,0.5880230665206909
1569841724.3306205,78,0.5776064395904541
1569841724.755319,79,0.5958243012428284
1569841725.170941,80,0.5983946323394775
1569841725.5862646,81,0.5923069715499878
1569841726.0063422,82,0.6236020922660828
1569841726.438765,83,0.5872113704681396
1569841726.857448,84,0.6035804748535156
1569841727.2743459,85,0.5914953351020813
1569841727.6968527,86,0.6192280054092407
1569841728.114661,87,0.5854076743125916
1569841728.5306394,88,0.5602903962135315
1569841728.9446027,89,0.5845508575439453
1569841729.3605478,90,0.6088113188743591
1569841729.7814605,91,0.5724206566810608
1569841730.2042642,92,0.6217983365058899
1569841730.619734,93,0.583739161491394
1569841731.040444,94,0.6001983880996704
1569841731.4660847,95,0.57499098777771
1569841731.8860285,96,0.6036255359649658
1569841732.3034687,97,0.606195867061615
1569841732.7203174,98,0.5784631967544556
1569841733.140798,99,0.5958694219589233
1569841733.5550253,100,0.5863546133041382
1569841733.9751298,101,0.5932088494300842
1569841734.393872,102,0.5949675440788269
1569841734.8116236,103,0.6045274138450623
1569841735.2301948,104,0.5984397530555725
1569841735.656692,105,0.5663780570030212
1569841736.0811863,106,0.5950126051902771
1569841736.499923,107,0.6036706566810608
1569841736.9229584,108,0.583739161491394
1569841737.3437898,109,0.5932088494300842
1569841737.7611332,110,0.6010100841522217
1569841738.1812499,111,0.5819805264472961
1569841738.596415,112,0.60624098777771
1569841739.0239282,113,0.5750360488891602
1569841739.445882,114,0.5914953351020813
1569841739.8720171,115,0.5923972129821777
1569841740.28609,116,0.5897366404533386
1569841740.704805,117,0.5871211886405945
1569841741.1506057,118,0.6036255359649658
1569841741.5712826,119,0.5984397530555725
1569841741.9864144,120,0.5785083174705505
1569841742.4073749,121,0.5690386295318604
1569841742.8252008,122,0.6079996228218079
1569841743.2408087,123,0.6322150230407715
1569841743.6582735,124,0.60624098777771
1569841744.0799592,125,0.599296510219574
1569841744.5017657,126,0.5854527354240417
1569841744.9285696,127,0.624413788318634
1569841745.345589,128,0.6097131967544556
1569841745.7719758,129,0.6295995712280273
1569841746.1932752,130,0.6323052048683167
1569841746.6116056,131,0.6184163093566895
1569841747.0299387,132,0.6079545617103577
1569841747.4501216,133,0.5923972129821777
1569841747.8706484,134,0.6001983880996704
1569841748.2915335,135,0.6019570827484131
1569841748.7064621,136,0.5758928656578064
1569841749.1243982,137,0.5914502143859863
1569841749.540079,138,0.6244588494300842
1569841749.9608035,139,0.6236020922660828
1569841750.3790581,140,0.5966359972953796
1569841750.796248,141,0.6114267706871033
1569841751.2165222,142,0.6235569715499878
1569841751.6367543,143,0.6357323527336121
1569841752.0666277,144,0.6183711886405945
1569841752.5008016,145,0.6010100841522217
1569841752.932245,146,0.6262175440788269
1569841753.3616965,147,0.6045725345611572
1569841753.808237,148,0.6227002143859863
1569841754.2409027,149,0.6365891098976135
1569841754.6661205,150,0.6452471017837524
1569841755.0865552,151,0.641865074634552
1569841755.504399,152,0.599341630935669
1569841755.9257512,153,0.5975378751754761
1569841756.3451393,154,0.6158008575439453
1569841756.7614262,155,0.6444354057312012
1569841757.181272,156,0.6340187788009644
1569841757.601842,157,0.624413788318634
1569841758.0162437,158,0.6139971017837524
1569841758.435652,159,0.6479076743125916
1569841758.8533454,160,0.6444354057312012
1569841759.2704968,161,0.597582995891571
1569841759.6913927,162,0.6426767706871033
1569841760.110121,163,0.6227453351020813
1569841760.5389142,164,0.6097583174705505
1569841760.9558685,165,0.6590909361839294
1569841761.383244,166,0.6287878751754761
1569841761.81071,167,0.6314033269882202
1569841762.23738,168,0.6305014491081238
1569841762.6670558,169,0.6478625535964966
1569841763.085754,170,0.6270292401313782
1569841763.5039706,171,0.6391594409942627
1569841763.9243705,172,0.6426767706871033
1569841764.34069,173,0.675640344619751
1569841764.760411,174,0.6722131967544556
1569841765.1835098,175,0.655663788318634
1569841765.6006823,176,0.6548520922660828
1569841766.016184,177,0.6764971017837524
1569841766.4351225,178,0.6582792401313782
1569841766.8551989,179,0.6911976933479309
1569841767.2762878,180,0.6652687788009644
1569841767.6952932,181,0.6746933460235596
1569841768.1104898,182,0.6426767706871033
1569841768.5262024,183,0.6521915793418884
1569841768.9460526,184,0.6548520922660828
1569841769.3674295,185,0.6747384667396545
1569841769.7845058,186,0.6817280054092407
1569841770.2103617,187,0.6713113188743591
1569841770.625798,188,0.6653138399124146
1569841771.0530493,189,0.6902958154678345
1569841771.4959064,190,0.7094606757164001
1569841771.9119244,191,0.6678391098976135
1569841772.3343658,192,0.6470508575439453
1569841772.7514966,193,0.6730700135231018
1569841773.1663117,194,0.675640344619751
1569841773.5821378,195,0.6504328846931458
1569841774.0062275,196,0.6825847625732422
1569841774.4281387,197,0.6704094409942627
1569841774.851609,198,0.648764431476593
1569841775.2689278,199,0.6652687788009644
