Wall time,Step,Value
1569841694.5235045,0,0.19342319667339325
1569841694.967346,1,0.2077205926179886
1569841695.3964427,2,0.1973039209842682
1569841695.8627555,3,0.22467319667339325
1569841696.2886655,4,0.2416258156299591
1569841696.716257,5,0.191584974527359
1569841697.146197,6,0.2430555522441864
1569841697.5735462,7,0.24816176295280457
1569841698.0037556,8,0.2555147111415863
1569841698.4286895,9,0.26776960492134094
1569841698.8561587,10,0.24285130202770233
1569841699.294757,11,0.24550653994083405
1569841699.717014,12,0.2790032625198364
1569841700.1366286,13,0.26205065846443176
1569841700.5525959,14,0.28513070940971375
1569841700.9816637,15,0.2741013169288635
1569841701.4132466,16,0.26286765933036804
1569841701.8390064,17,0.27675652503967285
1569841702.263431,18,0.28288400173187256
1569841702.6878383,19,0.2389705926179886
1569841703.1129837,20,0.28717321157455444
1569841703.5720837,21,0.3090277910232544
1569841703.9986913,22,0.30739378929138184
1569841704.4270184,23,0.29207515716552734
1569841704.8538196,24,0.30249184370040894
1569841705.2822583,25,0.25939542055130005
1569841705.70918,26,0.28513070940971375
1569841706.1267848,27,0.3237336575984955
1569841706.553361,28,0.31413400173187256
1569841706.998479,29,0.3298611044883728
1569841707.4293044,30,0.3429329991340637
1569841707.8674924,31,0.3541666567325592
1569841708.2994125,32,0.3298611044883728
1569841708.733395,33,0.4033905267715454
1569841709.1625085,34,0.4042075276374817
1569841709.596776,35,0.39624184370040894
1569841710.0276203,36,0.4571078419685364
1569841710.4586408,37,0.45241013169288635
1569841710.8927972,38,0.4832516312599182
1569841711.3199294,39,0.47201797366142273
1569841711.7508595,40,0.49754902720451355
1569841712.1776001,41,0.4985702633857727
1569841712.6091812,42,0.5328840017318726
1569841713.0377853,43,0.5326797366142273
1569841713.4726105,44,0.5698529481887817
1569841713.9190235,45,0.5645424723625183
1569841714.3448112,46,0.5845588445663452
1569841714.7739623,47,0.5784313678741455
1569841715.196691,48,0.59375
1569841715.6206226,49,0.5457516312599182
1569841716.0474677,50,0.6023284196853638
1569841716.4626105,51,0.601919949054718
1569841716.8776684,52,0.5502451062202454
1569841717.2931814,53,0.5972222089767456
1569841717.708972,54,0.5823121070861816
1569841718.1273317,55,0.5853758454322815
1569841718.5475078,56,0.6192810535430908
1569841718.9632857,57,0.5772058963775635
1569841719.3775048,58,0.6211192607879639
1569841719.8009856,59,0.5792483687400818
1569841720.2258735,60,0.5945670008659363
1569841720.6527555,61,0.6166258454322815
1569841721.0718937,62,0.586192786693573
1569841721.5010798,63,0.6070261597633362
1569841721.9276986,64,0.6254084706306458
1569841722.3565383,65,0.5988562107086182
1569841722.7826476,66,0.6141748428344727
1569841723.2092552,67,0.594975471496582
1569841723.6379368,68,0.6266340017318726
1569841724.0635438,69,0.6258170008659363
1569841724.4945939,70,0.6388888955116272
1569841724.9368684,71,0.641952633857727
1569841725.3792422,72,0.6454248428344727
1569841725.8083074,73,0.6527777910232544
1569841726.236628,74,0.6501225233078003
1569841726.66642,75,0.6327614188194275
1569841727.1301062,76,0.639297366142273
1569841727.5588362,77,0.6450163125991821
1569841727.9910767,78,0.5866013169288635
1569841728.4229875,79,0.655024528503418
1569841728.8506985,80,0.6727941036224365
1569841729.2821555,81,0.6307189464569092
1569841729.7080219,82,0.6936274766921997
1569841730.1360683,83,0.641952633857727
1569841730.5623515,84,0.6458333134651184
1569841730.9891675,85,0.6466503143310547
1569841731.4274852,86,0.6170343160629272
1569841731.8573692,87,0.647467315196991
1569841732.28656,88,0.6401143670082092
1569841732.7130609,89,0.6623774766921997
1569841733.1360633,90,0.6601307392120361
1569841733.5578501,91,0.65625
1569841733.9830105,92,0.6296977400779724
1569841734.410566,93,0.6358251571655273
1569841734.836427,94,0.6266340017318726
1569841735.260508,95,0.6740196347236633
1569841735.6891007,96,0.65625
1569841736.11779,97,0.6247957348823547
1569841736.5460274,98,0.6505310535430908
1569841736.9763217,99,0.6305146813392639
1569841737.3997228,100,0.6670751571655273
1569841737.8329058,101,0.6374591588973999
1569841738.26236,102,0.6654411554336548
1569841738.6857193,103,0.6680964231491089
1569841739.101944,104,0.679330050945282
1569841739.5230796,105,0.6519607901573181
1569841739.9474905,106,0.6552287340164185
1569841740.3794348,107,0.6636029481887817
1569841740.8032215,108,0.6448121070861816
1569841741.2217212,109,0.6362336874008179
1569841741.6415687,110,0.6885212659835815
1569841742.0558908,111,0.6809640526771545
1569841742.4773397,112,0.6683006286621094
1569841742.900999,113,0.6640114188194275
1569841743.331998,114,0.6239787340164185
1569841743.763211,115,0.6366421580314636
1569841744.1878314,116,0.6570670008659363
1569841744.6241484,117,0.673202633857727
1569841745.0417354,118,0.6631944179534912
1569841745.466827,119,0.6662581562995911
1569841745.881633,120,0.679330050945282
1569841746.2971416,121,0.6431781053543091
1569841746.7145324,122,0.6531862616539001
1569841747.131103,123,0.6997548937797546
1569841747.5639365,124,0.6879084706306458
1569841747.9963765,125,0.6762663125991821
1569841748.4206457,126,0.6397058963775635
1569841748.8477223,127,0.6913807392120361
1569841749.2716842,128,0.6748365759849548
1569841749.6948667,129,0.6431781053543091
1569841750.1278985,130,0.6832107901573181
1569841750.5470655,131,0.7371323704719543
1569841750.9658916,132,0.6932189464569092
1569841751.388037,133,0.6905637383460999
1569841751.817798,134,0.6666666865348816
1569841752.2466052,135,0.6740196347236633
1569841752.6774814,136,0.6813725233078003
1569841753.1044362,137,0.7214052081108093
1569841753.5336564,138,0.6952614188194275
1569841753.9633653,139,0.6883170008659363
1569841754.3932498,140,0.6774918437004089
1569841754.828067,141,0.670547366142273
1569841755.2585683,142,0.6613562107086182
1569841755.6860905,143,0.670547366142273
1569841756.1151533,144,0.6979166865348816
1569841756.5471175,145,0.6658496856689453
1569841756.974243,146,0.6997548937797546
1569841757.4010494,147,0.6970996856689453
1569841757.83427,148,0.7152777910232544
1569841758.2634618,149,0.6915849447250366
1569841758.697795,150,0.7005718946456909
1569841759.131988,151,0.7009803652763367
1569841759.564914,152,0.7028186321258545
1569841759.9933772,153,0.6940359473228455
1569841760.4229379,154,0.673202633857727
1569841760.8565614,155,0.6601307392120361
1569841761.2825298,156,0.6958741545677185
1569841761.7291048,157,0.6727941036224365
1569841762.1577053,158,0.6654411554336548
1569841762.590885,159,0.6640114188194275
1569841763.0191932,160,0.7028186321258545
1569841763.4519598,161,0.6670751571655273
1569841763.877865,162,0.6597222089767456
1569841764.3390694,163,0.7005718946456909
1569841764.768834,164,0.6813725233078003
1569841765.196264,165,0.673202633857727
1569841765.6255846,166,0.6736111044883728
1569841766.0533018,167,0.6797385811805725
1569841766.4806726,168,0.6662581562995911
1569841766.9085364,169,0.6605392098426819
1569841767.342606,170,0.6609477400779724
1569841767.7779179,171,0.6701388955116272
1569841768.2076328,172,0.6666666865348816
1569841768.6378713,173,0.6701388955116272
1569841769.0638816,174,0.6758578419685364
1569841769.4918115,175,0.6817810535430908
1569841769.9218395,176,0.657475471496582
1569841770.348656,177,0.6666666865348816
1569841770.7652867,178,0.673202633857727
1569841771.2079308,179,0.6970996856689453
1569841771.6227698,180,0.6683006286621094
1569841772.0369074,181,0.6505310535430908
1569841772.452432,182,0.6670751571655273
1569841772.8699808,183,0.6631944179534912
1569841773.2959945,184,0.6985294222831726
1569841773.712216,185,0.6785130500793457
1569841774.1264563,186,0.6875
1569841774.5420094,187,0.6685048937797546
1569841774.9626677,188,0.6540032625198364
1569841775.3884087,189,0.6836192607879639
1569841775.8161166,190,0.6636029481887817
1569841776.245937,191,0.679330050945282
1569841776.67258,192,0.6384803652763367
1569841777.0963774,193,0.6636029481887817
1569841777.5217953,194,0.654411792755127
1569841777.9485335,195,0.6527777910232544
1569841778.378494,196,0.6343954205513
1569841778.8139274,197,0.6993464231491089
1569841779.238227,198,0.6560457348823547
1569841779.682263,199,0.6836192607879639
