Wall time,Step,Value
1569841701.759146,0,0.15415051579475403
1569841702.2182496,1,0.18887273967266083
1569841702.66028,2,0.18047480285167694
1569841703.1038425,3,0.22868217527866364
1569841703.5462046,4,0.24580103158950806
1569841703.9894795,5,0.27236756682395935
1569841704.4231153,6,0.25234171748161316
1569841704.8570027,7,0.22763243317604065
1569841705.3259854,8,0.22561369836330414
1569841705.7637732,9,0.22416020929813385
1569841706.208858,10,0.25153422355651855
1569841706.6467505,11,0.24660852551460266
1569841707.08678,12,0.26421189308166504
1569841707.5407908,13,0.24580103158950806
1569841708.0153956,14,0.28092700242996216
1569841708.4852386,15,0.23150840401649475
1569841708.941858,16,0.23699934780597687
1569841709.3893228,17,0.25662145018577576
1569841709.8398397,18,0.27212533354759216
1569841710.2856102,19,0.26582688093185425
1569841710.7321374,20,0.29667311906814575
1569841711.19402,21,0.28439921140670776
1569841711.655143,22,0.24273255467414856
1569841712.1044843,23,0.27519381046295166
1569841712.5460052,24,0.27971577644348145
1569841712.9941576,25,0.27277132868766785
1569841713.4361587,26,0.27931201457977295
1569841713.8895586,27,0.26009365916252136
1569841714.3347232,28,0.26663437485694885
1569841714.8207207,29,0.26195091009140015
1569841715.267817,30,0.25460270047187805
1569841715.7057526,31,0.25888243317604065
1569841716.145695,32,0.29053616523742676
1569841716.5921693,33,0.23603035509586334
1569841717.0363855,34,0.26195091009140015
1569841717.4751158,35,0.21293604373931885
1569841717.9128413,36,0.24967700242996216
1569841718.3536804,37,0.25500646233558655
1569841718.787821,38,0.24927325546741486
1569841719.2345426,39,0.22254522144794464
1569841719.6751761,40,0.22028423845767975
1569841720.1118875,41,0.22908592224121094
1569841720.5670857,42,0.27906978130340576
1569841721.0026522,43,0.28908267617225647
1569841721.437874,44,0.36280685663223267
1569841721.8833704,45,0.3756459951400757
1569841722.3191602,46,0.4077034890651703
1569841722.7572753,47,0.4111756980419159
1569841723.2027106,48,0.4640665352344513
1569841723.6450791,49,0.5034722089767456
1569841724.0834475,50,0.5420703887939453
1569841724.5155797,51,0.5261628031730652
1569841725.020275,52,0.5490148663520813
1569841725.4651334,53,0.5169573426246643
1569841725.898164,54,0.594315230846405
1569841726.3333473,55,0.5520833134651184
1569841726.7710075,56,0.557170569896698
1569841727.2133825,57,0.5935077667236328
1569841727.685134,58,0.5716246962547302
1569841728.12475,59,0.6000484228134155
1569841728.5747635,60,0.5722706913948059
1569841729.0512505,61,0.5843023061752319
1569841729.4885228,62,0.5804263353347778
1569841729.9262056,63,0.5961724519729614
1569841730.3681498,64,0.57614666223526
1569841730.817795,65,0.5800226330757141
1569841731.2580621,66,0.5961724519729614
1569841731.6992705,67,0.6116763353347778
1569841732.145591,68,0.606589138507843
1569841732.5880482,69,0.5989987254142761
1569841733.0340412,70,0.5931040048599243
1569841733.477375,71,0.6104651093482971
1569841733.9164715,72,0.6190245747566223
1569841734.3586888,73,0.6124838590621948
1569841734.8044825,74,0.6306524276733398
1569841735.2546697,75,0.6220930218696594
1569841735.700472,76,0.6287952065467834
1569841736.1483717,77,0.6229005455970764
1569841736.5985107,78,0.6220930218696594
1569841737.0575585,79,0.6310561895370483
1569841737.5081666,80,0.6267764568328857
1569841737.9514663,81,0.63864666223526
1569841738.4001222,82,0.6008559465408325
1569841738.842099,83,0.6463986039161682
1569841739.2870874,84,0.632509708404541
1569841739.7240064,85,0.645348846912384
1569841740.163392,86,0.6553617715835571
1569841740.5972295,87,0.6770026087760925
1569841741.040294,88,0.5722706913948059
1569841741.479676,89,0.6223352551460266
1569841741.9220982,90,0.6731266379356384
1569841742.3629982,91,0.625565230846405
1569841742.8029776,92,0.6553617715835571
1569841743.2382178,93,0.6267764568328857
1569841743.672497,94,0.6641634106636047
1569841744.1139867,95,0.6349321603775024
1569841744.5642474,96,0.6494670510292053
1569841745.0077925,97,0.6051356792449951
1569841745.449504,98,0.6676356792449951
1569841745.8935964,99,0.6422803401947021
1569841746.3386352,100,0.657622754573822
1569841746.785957,101,0.6815245747566223
1569841747.240319,102,0.6231427788734436
1569841747.6889858,103,0.6518895626068115
1569841748.1303556,104,0.6731266379356384
1569841748.588785,105,0.6786175966262817
1569841749.0282965,106,0.6669896841049194
1569841749.468363,107,0.6502745747566223
1569841749.9136906,108,0.6631137132644653
1569841750.3597183,109,0.6510820388793945
1569841750.806519,110,0.6692506670951843
1569841751.2527854,111,0.6588339805603027
1569841751.6976733,112,0.6525355577468872
1569841752.1498826,113,0.6573804616928101
1569841752.5909927,114,0.6606912016868591
1569841753.0329862,115,0.6598837375640869
1569841753.4677174,116,0.6119186282157898
1569841753.903777,117,0.6359819173812866
1569841754.338784,118,0.6178132891654968
1569841754.773115,119,0.6812822818756104
1569841755.2060144,120,0.6796672940254211
1569841755.6388273,121,0.6468023061752319
1569841756.077837,122,0.6572189927101135
1569841756.526724,123,0.6623061895370483
1569841756.9662828,124,0.6784560680389404
1569841757.403552,125,0.6796672940254211
1569841757.838837,126,0.6623061895370483
1569841758.2713761,127,0.6437338590621948
1569841758.7027695,128,0.6406653523445129
1569841759.1400416,129,0.669654369354248
1569841759.5731876,130,0.669654369354248
1569841760.0076442,131,0.6749838590621948
1569841760.4409318,132,0.6653746962547302
1569841760.873118,133,0.6463986039161682
1569841761.312951,134,0.6737726330757141
1569841761.7484357,135,0.6808785796165466
1569841762.183958,136,0.6429263353347778
1569841762.6220634,137,0.6510820388793945
1569841763.0694952,138,0.669654369354248
1569841763.5094836,139,0.6823320388793945
1569841763.9460297,140,0.6665859222412109
1569841764.3952527,141,0.6647287011146545
1569841764.8322716,142,0.681928277015686
1569841765.2668543,143,0.6951711773872375
1569841765.701704,144,0.6627099514007568
1569841766.1478071,145,0.6572189927101135
1569841766.5857348,146,0.6688469052314758
1569841767.0229268,147,0.6739341020584106
1569841767.4802976,148,0.6641634106636047
1569841767.9202883,149,0.7000969052314758
1569841768.3720794,150,0.6731266379356384
1569841768.8151522,151,0.700904369354248
1569841769.265374,152,0.6892764568328857
1569841769.7063303,153,0.6727228760719299
1569841770.1452222,154,0.6545542478561401
1569841770.5858152,155,0.6790212988853455
1569841771.0209732,156,0.6788598299026489
1569841771.453138,157,0.6839470267295837
1569841771.8868577,158,0.710675060749054
1569841772.3187294,159,0.6808785796165466
1569841772.7506008,160,0.6896802186965942
1569841773.1859417,161,0.7125322818756104
1569841773.623684,162,0.6770026087760925
1569841774.0577126,163,0.7005006670951843
1569841774.4940588,164,0.7021156549453735
1569841774.930406,165,0.6912952065467834
1569841775.3651752,166,0.685562014579773
1569841775.80099,167,0.657622754573822
1569841776.2371123,168,0.6835432648658752
1569841776.6745336,169,0.6727228760719299
1569841777.1067092,170,0.6966246962547302
1569841777.537711,171,0.7403100728988647
1569841777.9737396,172,0.6916989684104919
1569841778.404129,173,0.7186692357063293
1569841778.8370492,174,0.7031653523445129
1569841779.269412,175,0.7160045504570007
1569841779.7071323,176,0.690891444683075
1569841780.1434498,177,0.7368378639221191
1569841780.580129,178,0.7059916257858276
1569841781.0148683,179,0.6804748177528381
1569841781.4509754,180,0.707848846912384
1569841781.8933282,181,0.7076066136360168
1569841782.3509622,182,0.6939599514007568
1569841782.7848077,183,0.6966246962547302
1569841783.219166,184,0.7317506670951843
1569841783.6491709,185,0.7102712988853455
1569841784.082,186,0.6921027302742004
1569841784.5121033,187,0.700904369354248
1569841784.9453876,188,0.707041323184967
1569841785.3767416,189,0.7286821603775024
1569841785.8084764,190,0.7294896841049194
1569841786.239162,191,0.7227067351341248
1569841786.6772797,192,0.6921027302742004
1569841787.1085176,193,0.6978359222412109
1569841787.5448241,194,0.7186692357063293
1569841787.9768505,195,0.695574939250946
1569841788.4127522,196,0.7217377424240112
1569841788.843514,197,0.7237564325332642
1569841789.2773705,198,0.7388566136360168
1569841789.7075064,199,0.7458010315895081
