Wall time,Step,Value
1569841682.5217252,0,0.1332799196243286
1569841682.973419,1,0.2524038553237915
1569841683.4051507,2,0.2419871836900711
1569841683.838816,3,0.20646367967128754
1569841684.2729242,4,0.25053417682647705
1569841684.7043798,5,0.2232905924320221
1569841685.138772,6,0.2059294879436493
1569841685.5731175,7,0.23664529621601105
1569841686.0177486,8,0.25
1569841686.461651,9,0.2256944477558136
1569841686.8971539,10,0.20192307233810425
1569841687.331696,11,0.19497863948345184
1569841687.754688,12,0.22382478415966034
1569841688.1921465,13,0.2176816165447235
1569841688.6270015,14,0.18669871985912323
1569841689.0573435,15,0.2361111044883728
1569841689.4931543,16,0.22435897588729858
1569841689.9273956,17,0.2104700803756714
1569841690.3773663,18,0.2489316165447235
1569841690.8114736,19,0.2094017118215561
1569841691.2481396,20,0.2686965763568878
1569841691.6774688,21,0.20539529621601105
1569841692.114423,22,0.23317307233810425
1569841692.5508237,23,0.20058760046958923
1569841692.983047,24,0.22729700803756714
1569841693.4236045,25,0.18269230425357819
1569841693.8562043,26,0.21340811252593994
1569841694.2886412,27,0.2686965763568878
1569841694.7264903,28,0.26228633522987366
1569841695.1542354,29,0.25747862458229065
1569841695.587776,30,0.19711539149284363
1569841696.0249074,31,0.21394230425357819
1569841696.4632015,32,0.22943376004695892
1569841696.8946571,33,0.20299145579338074
1569841697.3274326,34,0.18269230425357819
1569841697.761034,35,0.22970084846019745
1569841698.1917155,36,0.22195513546466827
1569841698.6229324,37,0.25186964869499207
1569841699.0571702,38,0.2628205120563507
1569841699.4957948,39,0.20405982434749603
1569841699.927983,40,0.282585471868515
1569841700.3572583,41,0.2083333283662796
1569841700.7927036,42,0.2406517118215561
1569841701.2279756,43,0.22382478415966034
1569841701.6636603,44,0.24866452813148499
1569841702.0974095,45,0.2361111044883728
1569841702.5287557,46,0.3149038553237915
1569841702.9610546,47,0.2895299196243286
1569841703.3947847,48,0.3822115361690521
1569841703.8289125,49,0.3875534236431122
1569841704.2612405,50,0.4163995683193207
1569841704.6945846,51,0.4399038553237915
1569841705.1246102,52,0.4441773593425751
1569841705.5616555,53,0.4214743673801422
1569841705.9975898,54,0.43215811252593994
1569841706.4320295,55,0.4372329115867615
1569841706.861558,56,0.44845086336135864
1569841707.2981625,57,0.4815705120563507
1569841707.7270982,58,0.47382479906082153
1569841708.1626544,59,0.4885149598121643
1569841708.5932717,60,0.45646366477012634
1569841709.025921,61,0.5122863054275513
1569841709.4558935,62,0.5248397588729858
1569841709.8870027,63,0.5432692170143127
1569841710.3176067,64,0.49706196784973145
1569841710.7528262,65,0.5277777910232544
1569841711.187215,66,0.5336538553237915
1569841711.6312084,67,0.5464743375778198
1569841712.0585055,68,0.566773533821106
1569841712.4784296,69,0.5643696784973145
1569841712.9012358,70,0.5050747990608215
1569841713.3299198,71,0.560363233089447
1569841713.7761428,72,0.598023533821106
1569841714.1985369,73,0.5836004018783569
1569841714.6178796,74,0.6079059839248657
1569841715.0494025,75,0.5787927508354187
1569841715.4867594,76,0.6014957427978516
1569841715.9238327,77,0.5950854420661926
1569841716.3548143,78,0.6073718070983887
1569841716.7846622,79,0.6055021286010742
1569841717.2157872,80,0.5737179517745972
1569841717.6548843,81,0.6006944179534912
1569841718.08742,82,0.5990918874740601
1569841718.5216377,83,0.6084401607513428
1569841718.9533596,84,0.6137820482254028
1569841719.384801,85,0.6252670884132385
1569841719.8189414,86,0.594284176826477
1569841720.2533607,87,0.6415598392486572
1569841720.685853,88,0.6287392973899841
1569841721.1139476,89,0.6319444179534912
1569841721.5429811,90,0.6327457427978516
1569841721.9788003,91,0.6578525900840759
1569841722.4116945,92,0.6199252009391785
1569841722.8433437,93,0.6728098392486572
1569841723.2746544,94,0.6559829115867615
1569841723.7045798,95,0.6717414259910583
1569841724.1333766,96,0.6455662250518799
1569841724.5669906,97,0.6356837749481201
1569841724.9972665,98,0.6071047186851501
1569841725.4289057,99,0.651442289352417
1569841725.8662848,100,0.6402243375778198
1569841726.3031492,101,0.6439636945724487
1569841726.7331822,102,0.6834936141967773
1569841727.2110188,103,0.6533119678497314
1569841727.6534712,104,0.6338140964508057
1569841728.0930192,105,0.6698718070983887
1569841728.527425,106,0.6736111044883728
1569841728.961708,107,0.6797542572021484
1569841729.4243238,108,0.6578525900840759
1569841729.8547962,109,0.6722756624221802
1569841730.28872,110,0.6396901607513428
1569841730.7211945,111,0.7048611044883728
1569841731.1544273,112,0.68482905626297
1569841731.5887635,113,0.6781517267227173
1569841732.0189395,114,0.6698718070983887
1569841732.4511344,115,0.6688033938407898
1569841732.8817582,116,0.6738781929016113
1569841733.310743,117,0.6682692170143127
1569841733.7427547,118,0.6856303215026855
1569841734.1732929,119,0.6960470080375671
1569841734.6079316,120,0.6792200803756714
1569841735.042729,121,0.6757478713989258
1569841735.4778156,122,0.7216880321502686
1569841735.9176362,123,0.6786859035491943
1569841736.3513198,124,0.7016559839248657
1569841736.785544,125,0.6965811848640442
1569841737.2172866,126,0.7053952813148499
1569841737.6518416,127,0.683226466178894
1569841738.0866663,128,0.7005876302719116
1569841738.5211127,129,0.6960470080375671
1569841738.983095,130,0.7024572491645813
1569841739.4230864,131,0.6912392973899841
1569841739.8608928,132,0.6861645579338074
1569841740.2971792,133,0.6973824501037598
1569841740.7314048,134,0.7211538553237915
1569841741.167407,135,0.6797542572021484
1569841741.5987282,136,0.7083333134651184
1569841742.0389345,137,0.7035256624221802
1569841742.4828644,138,0.7256944179534912
1569841742.9157202,139,0.7430555820465088
1569841743.351583,140,0.7174145579338074
1569841743.7813127,141,0.6931089758872986
1569841744.2128973,142,0.7104700803756714
1569841744.6431515,143,0.7564102411270142
1569841745.0728607,144,0.7198183536529541
1569841745.5088074,145,0.7198183536529541
1569841745.94936,146,0.7128739356994629
1569841746.3889432,147,0.7179487347602844
1569841746.8248248,148,0.7083333134651184
1569841747.2609017,149,0.7035256624221802
1569841747.6967163,150,0.7232906222343445
1569841748.1332333,151,0.7297008633613586
1569841748.582762,152,0.7385149598121643
1569841749.0216246,153,0.6971153616905212
1569841749.4580705,154,0.7361111044883728
1569841749.8886995,155,0.6936431527137756
1569841750.3187556,156,0.7337072491645813
1569841750.7489083,157,0.7361111044883728
1569841751.1882718,158,0.6979166865348816
1569841751.6212847,159,0.720886766910553
1569841752.057475,160,0.7163461446762085
1569841752.4874725,161,0.7174145579338074
1569841752.9180841,162,0.6971153616905212
1569841753.354205,163,0.7321047186851501
1569841753.7928379,164,0.7000533938407898
1569841754.2262208,165,0.6931089758872986
1569841754.6616654,166,0.7203525900840759
1569841755.092814,167,0.7040598392486572
1569841755.5273952,168,0.7251602411270142
1569841755.9653401,169,0.7048611044883728
1569841756.39828,170,0.71875
1569841756.8357656,171,0.7331730723381042
1569841757.2672095,172,0.7331730723381042
1569841757.6994028,173,0.7088675498962402
1569841758.1367216,174,0.6976495981216431
1569841758.5844321,175,0.7430555820465088
1569841759.014724,176,0.7222222089767456
1569841759.4436426,177,0.7331730723381042
1569841759.8807886,178,0.6690705418586731
1569841760.3174932,179,0.7267628312110901
1569841760.7472184,180,0.7134081125259399
1569841761.1769626,181,0.7088675498962402
1569841761.6046839,182,0.6936431527137756
1569841762.0415993,183,0.7438568472862244
1569841762.4829936,184,0.7198183536529541
1569841762.9163535,185,0.6888354420661926
1569841763.3516662,186,0.7035256624221802
1569841763.7786252,187,0.6931089758872986
1569841764.2142782,188,0.6912392973899841
1569841764.6472387,189,0.720886766910553
1569841765.0766568,190,0.685363233089447
1569841765.5088143,191,0.7267628312110901
1569841765.9664166,192,0.7588140964508057
1569841766.400859,193,0.7286324501037598
1569841766.831299,194,0.7419871687889099
1569841767.266757,195,0.7513354420661926
1569841767.6978354,196,0.726228654384613
1569841768.1366904,197,0.7222222089767456
1569841768.5677207,198,0.7216880321502686
1569841768.9976468,199,0.7088675498962402
