Wall time,Step,Value
1569841678.4134083,0,0.13731060922145844
1569841678.8672254,1,0.250946968793869
1569841679.2975388,2,0.2904040515422821
1569841679.7368224,3,0.3267045319080353
1569841680.1670773,4,0.3390151560306549
1569841680.590717,5,0.3551136255264282
1569841681.0163956,6,0.30523988604545593
1569841681.4475365,7,0.3380681872367859
1569841681.8782554,8,0.30397728085517883
1569841682.3124597,9,0.3046085834503174
1569841682.7487526,10,0.33175504207611084
1569841683.1747801,11,0.3263888955116272
1569841683.6021922,12,0.3254419267177582
1569841684.0324316,13,0.28661617636680603
1569841684.4627604,14,0.3093434274196625
1569841684.8966258,15,0.29924243688583374
1569841685.3235812,16,0.32828283309936523
1569841685.7872605,17,0.32796716690063477
1569841686.2165036,18,0.33522728085517883
1569841686.6444933,19,0.29703283309936523
1569841687.0952394,20,0.34217172861099243
1569841687.5439737,21,0.31755051016807556
1569841687.976365,22,0.30587121844291687
1569841688.4271095,23,0.3184974789619446
1569841688.8744862,24,0.3068181872367859
1569841689.3241453,25,0.3519570827484131
1569841689.7664227,26,0.3576388955116272
1569841690.2100246,27,0.3459596037864685
1569841690.6541717,28,0.32922980189323425
1569841691.102009,29,0.36963382363319397
1569841691.5495517,30,0.3412247598171234
1569841691.99113,31,0.34911617636680603
1569841692.4361787,32,0.3311237394809723
1569841692.8760722,33,0.3529040515422821
1569841693.341669,34,0.40214645862579346
1569841693.7840536,35,0.42297980189323425
1569841694.2243264,36,0.4965277910232544
1569841694.6700306,37,0.5233585834503174
1569841695.105303,38,0.5470328330993652
1569841695.542271,39,0.564393937587738
1569841695.9822643,40,0.565025269985199
1569841696.427386,41,0.5839646458625793
1569841696.8613954,42,0.5501893758773804
1569841697.3084345,43,0.5836489796638489
1569841697.7540412,44,0.5940656661987305
1569841698.1956441,45,0.6044823527336121
1569841698.6462617,46,0.6259469985961914
1569841699.0865107,47,0.5946969985961914
1569841699.5245857,48,0.5975378751754761
1569841699.9694233,49,0.5959596037864685
1569841700.4180355,50,0.6082702279090881
1569841700.8583694,51,0.5965909361839294
1569841701.304165,52,0.6029040217399597
1569841701.745334,53,0.6202651262283325
1569841702.1958911,54,0.6104797720909119
1569841702.6420283,55,0.629419207572937
1569841703.0836067,56,0.618686854839325
1569841703.5301101,57,0.6341540217399597
1569841703.9671614,58,0.6013257503509521
1569841704.418081,59,0.5880681872367859
1569841704.8449867,60,0.6227903962135315
1569841705.291478,61,0.6578282713890076
1569841705.7258744,62,0.620580792427063
1569841706.1661155,63,0.6133207082748413
1569841706.5949426,64,0.6227903962135315
1569841707.0337963,65,0.6120581030845642
1569841707.5027006,66,0.6003788113594055
1569841707.951714,67,0.6417297720909119
1569841708.3889318,68,0.6246843338012695
1569841708.8440192,69,0.6136363744735718
1569841709.300453,70,0.6208964586257935
1569841709.7536561,71,0.596275269985199
1569841710.209149,72,0.6534090638160706
1569841710.6616576,73,0.6291035413742065
1569841711.143477,74,0.6676136255264282
1569841711.6017632,75,0.6423611044883728
1569841712.0391312,76,0.6540403962135315
1569841712.5112154,77,0.6461489796638489
1569841712.9628637,78,0.6382575631141663
1569841713.4041438,79,0.6666666865348816
1569841713.8463726,80,0.6628788113594055
1569841714.2837737,81,0.6631944179534912
1569841714.7544324,82,0.658143937587738
1569841715.20987,83,0.6903409361839294
1569841715.6629066,84,0.653724730014801
1569841716.1110888,85,0.6739267706871033
1569841716.56696,86,0.6732954382896423
1569841717.0205047,87,0.6755050420761108
1569841717.4722617,88,0.6821338534355164
1569841717.9228647,89,0.6878156661987305
1569841718.3752918,90,0.6685606241226196
1569841718.819606,91,0.7039141654968262
1569841719.266319,92,0.7010732293128967
1569841719.7053332,93,0.6960227489471436
1569841720.142226,94,0.7007575631141663
1569841720.5813837,95,0.6840277910232544
1569841721.0176666,96,0.6685606241226196
1569841721.4486082,97,0.6688762903213501
1569841721.882754,98,0.6717171669006348
1569841722.3128068,99,0.6808711886405945
1569841722.7474785,100,0.6742424368858337
1569841723.1827154,101,0.6890782713890076
1569841723.6160362,102,0.6770833134651184
1569841724.0509474,103,0.6818181872367859
1569841724.4813635,104,0.6972853541374207
1569841724.9151142,105,0.7004418969154358
1569841725.3465528,106,0.6941288113594055
1569841725.7728493,107,0.6685606241226196
1569841726.2080781,108,0.6739267706871033
1569841726.6480205,109,0.6890782713890076
1569841727.0884185,110,0.6909722089767456
1569841727.5268502,111,0.7127525210380554
1569841727.9589572,112,0.6792929172515869
1569841728.394263,113,0.7004418969154358
1569841728.8338373,114,0.720643937587738
1569841729.272855,115,0.7095959782600403
1569841729.7048147,116,0.6934974789619446
1569841730.1459196,117,0.7184343338012695
1569841730.5813103,118,0.7184343338012695
1569841731.0302298,119,0.6963383555412292
1569841731.4891512,120,0.7023358345031738
1569841731.9362972,121,0.7146464586257935
1569841732.3836877,122,0.7017045617103577
1569841732.8256717,123,0.6963383555412292
1569841733.270241,124,0.7102272510528564
1569841733.7170987,125,0.716224730014801
1569841734.1763685,126,0.7310606241226196
1569841734.6161964,127,0.7193813323974609
1569841735.0530212,128,0.7313762903213501
1569841735.4898252,129,0.7058081030845642
1569841735.9313812,130,0.6868686676025391
1569841736.3692975,131,0.6925504803657532
1569841736.8162978,132,0.7165403962135315
1569841737.2558436,133,0.7228535413742065
1569841737.6978686,134,0.7099116444587708
1569841738.1441278,135,0.7064393758773804
1569841738.5853734,136,0.7247474789619446
1569841739.0441692,137,0.7266414165496826
1569841739.4915926,138,0.7077020406723022
1569841739.9313753,139,0.751893937587738
1569841740.3735383,140,0.7010732293128967
1569841740.8115053,141,0.7136995196342468
1569841741.248537,142,0.7029671669006348
1569841741.6843064,143,0.720643937587738
1569841742.1210492,144,0.6976010203361511
1569841742.5674567,145,0.6991792917251587
1569841743.010805,146,0.7452651262283325
1569841743.4424756,147,0.7430555820465088
1569841743.8800066,148,0.6897096037864685
1569841744.3162372,149,0.6909722089767456
1569841744.7549765,150,0.7178030014038086
1569841745.1983502,151,0.6998106241226196
1569841745.6420577,152,0.7184343338012695
1569841746.0849335,153,0.7528409361839294
1569841746.5258038,154,0.7209596037864685
1569841746.9719243,155,0.7121211886405945
1569841747.4163845,156,0.7345328330993652
1569841747.8545113,157,0.7149621248245239
1569841748.2953632,158,0.7184343338012695
1569841748.746734,159,0.725063145160675
1569841749.187725,160,0.7256944179534912
1569841749.6258326,161,0.7058081030845642
1569841750.0635304,162,0.7351641654968262
1569841750.5029876,163,0.7193813323974609
1569841750.9440901,164,0.7421085834503174
1569841751.3812637,165,0.6881313323974609
1569841751.82135,166,0.7364267706871033
1569841752.2575986,167,0.7440025210380554
1569841752.6919105,168,0.7253788113594055
1569841753.1285043,169,0.725063145160675
1569841753.5679784,170,0.7335858345031738
1569841753.9971309,171,0.7133838534355164
1569841754.4285874,172,0.7351641654968262
1569841754.8662915,173,0.721275269985199
1569841755.2962904,174,0.7266414165496826
1569841755.7258039,175,0.7301136255264282
1569841756.1542969,176,0.7203282713890076
1569841756.5835116,177,0.7351641654968262
1569841757.0358272,178,0.7272727489471436
1569841757.4662194,179,0.6698232293128967
1569841757.9047067,180,0.7222222089767456
1569841758.3399358,181,0.7398989796638489
1569841758.7755826,182,0.7118055820465088
1569841759.2067993,183,0.7241161465644836
1569841759.6373332,184,0.7282196879386902
1569841760.0719972,185,0.7370581030845642
1569841760.502406,186,0.7102272510528564
1569841760.9334753,187,0.7503156661987305
1569841761.3824937,188,0.7228535413742065
1569841761.810039,189,0.7711489796638489
1569841762.2696693,190,0.7613636255264282
1569841762.704567,191,0.745580792427063
1569841763.1413853,192,0.747474730014801
1569841763.5706697,193,0.7266414165496826
1569841764.0029743,194,0.7200126051902771
1569841764.4355786,195,0.7342171669006348
1569841764.8635075,196,0.7383207082748413
1569841765.2972987,197,0.6991792917251587
1569841765.728337,198,0.7215909361839294
1569841766.1576405,199,0.7178030014038086
