Wall time,Step,Value
1569841723.5145974,0,0.12020502984523773
1569841724.0056243,1,0.22007274627685547
1569841724.4675303,2,0.2078372985124588
1569841724.9375353,3,0.20916005969047546
1569841725.4089484,4,0.25826719403266907
1569841725.8847754,5,0.2933201193809509
1569841726.356071,6,0.28802910447120667
1569841726.8282323,7,0.28951719403266907
1569841727.324111,8,0.30191799998283386
1569841727.7962058,9,0.300595223903656
1569841728.2750556,10,0.31233465671539307
1569841728.7433293,11,0.33019179105758667
1569841729.2152748,12,0.27546295523643494
1569841729.6883833,13,0.31580686569213867
1569841730.1601436,14,0.29150131344795227
1569841730.6457,15,0.3477182686328888
1569841731.1401556,16,0.30539020895957947
1569841731.6154337,17,0.27595898509025574
1569841732.1132321,18,0.3086971044540405
1569841732.6071754,19,0.28257274627685547
1569841733.0981088,20,0.3000991940498352
1569841733.5771687,21,0.3105158805847168
1569841734.055313,22,0.3110119104385376
1569841734.5260897,23,0.3229166567325592
1569841735.0001724,24,0.34060847759246826
1569841735.4751086,25,0.34887567162513733
1569841735.9608443,26,0.3645833432674408
1569841736.4482145,27,0.37830686569213867
1569841736.9316142,28,0.43435847759246826
1569841737.4060354,29,0.39765211939811707
1569841737.8992698,30,0.45568782091140747
1569841738.3886178,31,0.4677579402923584
1569841738.8664632,32,0.4097222089767456
1569841739.3558083,33,0.44113755226135254
1569841739.8498712,34,0.5009920597076416
1569841740.3345058,35,0.4642857015132904
1569841740.8154576,36,0.48842594027519226
1569841741.2854443,37,0.48743385076522827
1569841741.7557502,38,0.5019841194152832
1569841742.2341776,39,0.4920634925365448
1569841742.7217247,40,0.5289351940155029
1569841743.1941018,41,0.5201719403266907
1569841743.6574562,42,0.48098546266555786
1569841744.1387682,43,0.49222883582115173
1569841744.62553,44,0.5515872836112976
1569841745.1111834,45,0.4900793731212616
1569841745.604324,46,0.5219907164573669
1569841746.0955522,47,0.5077711343765259
1569841746.5789297,48,0.5201719403266907
1569841747.075758,49,0.5325727462768555
1569841747.549618,50,0.5813491940498352
1569841748.0463386,51,0.49537035822868347
1569841748.5158691,52,0.560019850730896
1569841748.996106,53,0.5109127163887024
1569841749.4747055,54,0.5532407164573669
1569841749.9469795,55,0.5462962985038757
1569841750.4383643,56,0.548115074634552
1569841750.928913,57,0.5358796119689941
1569841751.4135308,58,0.5565476417541504
1569841751.8949454,59,0.48892197012901306
1569841752.3701248,60,0.47999337315559387
1569841752.8375793,61,0.49024471640586853
1569841753.3143148,62,0.5710979104042053
1569841753.783756,63,0.5762235522270203
1569841754.247091,64,0.605654776096344
1569841754.7187178,65,0.5811838507652283
1569841755.187825,66,0.5864748954772949
1569841755.6689126,67,0.6054894328117371
1569841756.1518228,68,0.5983796119689941
1569841756.628672,69,0.5901124477386475
1569841757.1162732,70,0.6476520895957947
1569841757.5881314,71,0.6335979104042053
1569841758.0713487,72,0.6402116417884827
1569841758.5465956,73,0.6213624477386475
1569841759.017461,74,0.6372354626655579
1569841759.4793305,75,0.6355820298194885
1569841759.958621,76,0.6074735522270203
1569841760.4377723,77,0.6198743581771851
1569841760.9082174,78,0.6334325671195984
1569841761.3745794,79,0.6089616417884827
1569841761.8488529,80,0.6350859999656677
1569841762.3268878,81,0.6000330448150635
1569841762.789883,82,0.6455026268959045
1569841763.265194,83,0.6177248954772949
1569841763.7294753,84,0.5970568656921387
1569841764.206823,85,0.6127645373344421
1569841764.677102,86,0.6319444179534912
1569841765.1450646,87,0.6684854626655579
1569841765.6275413,88,0.6514550447463989
1569841766.0993023,89,0.6001983880996704
1569841766.59643,90,0.629960298538208
1569841767.0701768,91,0.6142526268959045
1569841767.5395336,92,0.6124338507652283
1569841768.032486,93,0.6124338507652283
1569841768.5237217,94,0.6421957612037659
1569841769.012655,95,0.6354166865348816
1569841769.492131,96,0.5950727462768555
1569841769.965285,97,0.6159060597419739
1569841770.4272187,98,0.6107804179191589
1569841770.9004653,99,0.5980489253997803
1569841771.3678865,100,0.6269841194152832
1569841771.8378923,101,0.5833333134651184
1569841772.303574,102,0.6142526268959045
1569841772.7757084,103,0.6023479104042053
1569841773.2354312,104,0.6016865372657776
1569841773.6962783,105,0.6301256418228149
1569841774.1654756,106,0.6195436716079712
1569841774.6378298,107,0.6054894328117371
1569841775.0980763,108,0.6018518805503845
1569841775.570185,109,0.6390542387962341
1569841776.045016,110,0.6040013432502747
1569841776.507436,111,0.6231812238693237
1569841776.9789069,112,0.617394208908081
1569841777.448632,113,0.6317790746688843
1569841777.925302,114,0.6160714030265808
1569841778.3957944,115,0.6177248954772949
1569841778.8625355,116,0.6036706566810608
1569841779.3309505,117,0.6405423283576965
1569841779.7868361,118,0.6283068656921387
1569841780.2618284,119,0.6650132536888123
1569841780.722876,120,0.6332672238349915
1569841781.1841466,121,0.6264880895614624
1569841781.6445613,122,0.6402116417884827
1569841782.1111321,123,0.6545965671539307
1569841782.5818713,124,0.6559193134307861
1569841783.0467887,125,0.5737434029579163
1569841783.5120974,126,0.6387235522270203
1569841783.9778419,127,0.6648479104042053
1569841784.4404135,128,0.6522817611694336
1569841784.9078715,129,0.6840277910232544
1569841785.3761632,130,0.6631944179534912
1569841785.8401296,131,0.6527777910232544
1569841786.2978272,132,0.6281415224075317
1569841786.757959,133,0.6810516119003296
1569841787.2204506,134,0.6873346567153931
1569841787.6844313,135,0.6734457612037659
1569841788.1540213,136,0.6810516119003296
1569841788.648533,137,0.6453372836112976
1569841789.1170268,138,0.6893187761306763
1569841789.5739322,139,0.6575727462768555
1569841790.0387855,140,0.6579034328460693
1569841790.5152636,141,0.6650132536888123
1569841790.9730933,142,0.6964285969734192
1569841791.4308834,143,0.6526124477386475
1569841791.9011528,144,0.6509590148925781
1569841792.3654425,145,0.6631944179534912
1569841792.828312,146,0.6509590148925781
1569841793.308928,147,0.6701388955116272
1569841793.777139,148,0.7172619104385376
1569841794.2440326,149,0.6929563283920288
1569841794.7031696,150,0.7142857313156128
1569841795.1772811,151,0.6860119104385376
1569841795.6403759,152,0.6683201193809509
1569841796.1034288,153,0.6841931343078613
1569841796.5808766,154,0.6792327761650085
1569841797.043595,155,0.6934523582458496
1569841797.5030782,156,0.6803902387619019
1569841797.9745164,157,0.6719576716423035
1569841798.4518034,158,0.6875
1569841798.907913,159,0.6665013432502747
1569841799.386833,160,0.6560846567153931
1569841799.8486543,161,0.7083333134651184
1569841800.3085248,162,0.7101520895957947
1569841800.7678638,163,0.6617063283920288
1569841801.2346296,164,0.6491402387619019
1569841801.6984704,165,0.6823743581771851
1569841802.163293,166,0.6946097612380981
1569841802.63399,167,0.7104827761650085
1569841803.1063905,168,0.6683201193809509
1569841803.5641022,169,0.713789701461792
1569841804.0263383,170,0.7157738208770752
1569841804.487022,171,0.6822090148925781
1569841804.9495394,172,0.6613756418228149
1569841805.4110591,173,0.6626983880996704
1569841805.8729413,174,0.7208994626998901
1569841806.3328958,175,0.6820436716079712
1569841806.7930167,176,0.6875
1569841807.26646,177,0.6489748954772949
1569841807.734092,178,0.6717923283576965
1569841808.2193556,179,0.6734457612037659
1569841808.7000747,180,0.6947751045227051
1569841809.1630352,181,0.7050264477729797
1569841809.6242347,182,0.6613756418228149
1569841810.0841362,183,0.7142857313156128
1569841810.5486937,184,0.6628637313842773
1569841811.0136917,185,0.7172619104385376
1569841811.474623,186,0.7141203880310059
1569841811.9394906,187,0.6803902387619019
1569841812.3978796,188,0.6610449552536011
1569841812.8610086,189,0.6909722089767456
1569841813.3179002,190,0.6926256418228149
1569841813.791901,191,0.6544312238693237
1569841814.2628043,192,0.6838624477386475
1569841814.727424,193,0.6927909851074219
1569841815.1987362,194,0.6841931343078613
1569841815.6689744,195,0.7227182388305664
1569841816.1330023,196,0.7119709253311157
1569841816.594314,197,0.7055224776268005
1569841817.0604873,198,0.7000661492347717
1569841817.5200353,199,0.6860119104385376
