Wall time,Step,Value
1569841684.8561308,0,0.14374999701976776
1569841685.2951741,1,0.21666666865348816
1569841685.7293782,2,0.2048611044883728
1569841686.1641722,3,0.23749999701976776
1569841686.589761,4,0.20555555820465088
1569841687.0109792,5,0.22847221791744232
1569841687.4355083,6,0.24166665971279144
1569841687.8650095,7,0.2951388955116272
1569841688.2929995,8,0.3548611104488373
1569841688.722829,9,0.2993055582046509
1569841689.1569364,10,0.2923611104488373
1569841689.5845895,11,0.3020833432674408
1569841690.009803,12,0.2986111044883728
1569841690.4394245,13,0.3159722089767456
1569841690.8680513,14,0.3305555582046509
1569841691.290539,15,0.31111112236976624
1569841691.7160797,16,0.31041666865348816
1569841692.1485832,17,0.3201389014720917
1569841692.5908473,18,0.32499998807907104
1569841693.0212135,19,0.26944443583488464
1569841693.452804,20,0.2923611104488373
1569841693.8841603,21,0.27638888359069824
1569841694.3264213,22,0.24930556118488312
1569841694.7536242,23,0.2923611104488373
1569841695.181982,24,0.22499999403953552
1569841695.6197934,25,0.2666666805744171
1569841696.0558567,26,0.28958332538604736
1569841696.4909298,27,0.31458333134651184
1569841696.9201086,28,0.34375
1569841697.353231,29,0.35208332538604736
1569841697.7828326,30,0.37986111640930176
1569841698.2099075,31,0.3888888955116272
1569841698.6365607,32,0.43541666865348816
1569841699.0689723,33,0.41527777910232544
1569841699.4941158,34,0.4506944417953491
1569841699.9363372,35,0.4618055522441864
1569841700.368468,36,0.4722222089767456
1569841700.7946923,37,0.48402777314186096
1569841701.22661,38,0.46319442987442017
1569841701.6649485,39,0.47430557012557983
1569841702.1018329,40,0.4868055582046509
1569841702.5278156,41,0.49791666865348816
1569841702.967666,42,0.4895833432674408
1569841703.390678,43,0.518750011920929
1569841703.8199515,44,0.4888888895511627
1569841704.260469,45,0.5166666507720947
1569841704.6999502,46,0.5027777552604675
1569841705.1318219,47,0.5256944298744202
1569841705.5607595,48,0.5076388716697693
1569841705.9904613,49,0.5083333253860474
1569841706.4199862,50,0.5249999761581421
1569841706.860742,51,0.5138888955116272
1569841707.2895832,52,0.5284722447395325
1569841707.7153857,53,0.5145833492279053
1569841708.1430993,54,0.5138888955116272
1569841708.574029,55,0.5444444417953491
1569841709.0132203,56,0.5020833611488342
1569841709.440936,57,0.5534722208976746
1569841709.8690267,58,0.5215277671813965
1569841710.2940845,59,0.5256944298744202
1569841710.7244263,60,0.5472221970558167
1569841711.1541038,61,0.5465278029441833
1569841711.5798662,62,0.5152778029441833
1569841712.0062642,63,0.5208333134651184
1569841712.4354672,64,0.5479166507720947
1569841712.8659515,65,0.5222222208976746
1569841713.2912729,66,0.5249999761581421
1569841713.7202017,67,0.5493055582046509
1569841714.15972,68,0.5048611164093018
1569841714.5920286,69,0.5201388597488403
1569841715.0198984,70,0.5541666746139526
1569841715.4467707,71,0.53125
1569841715.886237,72,0.5402777791023254
1569841716.31072,73,0.5416666865348816
1569841716.7348313,74,0.5388888716697693
1569841717.1642935,75,0.5576388835906982
1569841717.5897787,76,0.550694465637207
1569841718.0129387,77,0.5354166626930237
1569841718.442213,78,0.5687500238418579
1569841718.869071,79,0.5416666865348816
1569841719.3008919,80,0.5694444179534912
1569841719.7254,81,0.5354166626930237
1569841720.151301,82,0.5513888597488403
1569841720.5797887,83,0.574305534362793
1569841721.009836,84,0.5631944537162781
1569841721.4389336,85,0.5881944298744202
1569841721.8689384,86,0.5368055701255798
1569841722.2954838,87,0.574999988079071
1569841722.7226312,88,0.5888888835906982
1569841723.150572,89,0.5465278029441833
1569841723.5751264,90,0.5881944298744202
1569841724.0041544,91,0.574305534362793
1569841724.4383755,92,0.5895833373069763
1569841724.8885632,93,0.59375
1569841725.3191483,94,0.5895833373069763
1569841725.7453947,95,0.5701388716697693
1569841726.1985629,96,0.5541666746139526
1569841726.6346307,97,0.5923610925674438
1569841727.0662458,98,0.5923610925674438
1569841727.4933882,99,0.5631944537162781
1569841727.9198833,100,0.5770833492279053
1569841728.3625298,101,0.5958333611488342
1569841728.7981224,102,0.6041666865348816
1569841729.225958,103,0.5569444298744202
1569841729.6505828,104,0.5972222089767456
1569841730.087639,105,0.5923610925674438
1569841730.5112858,106,0.5951389074325562
1569841730.938448,107,0.5527777671813965
1569841731.3660076,108,0.5972222089767456
1569841731.7901795,109,0.605555534362793
1569841732.2168686,110,0.6180555820465088
1569841732.6471853,111,0.6166666746139526
1569841733.0751429,112,0.6305555701255798
1569841733.498357,113,0.6076388955116272
1569841733.9242837,114,0.5902777910232544
1569841734.348932,115,0.5798611044883728
1569841734.7700748,116,0.6076388955116272
1569841735.1908405,117,0.6138888597488403
1569841735.6107798,118,0.613194465637207
1569841736.0355258,119,0.5944444537162781
1569841736.4588938,120,0.6104166507720947
1569841736.879282,121,0.6270833611488342
1569841737.3005214,122,0.6180555820465088
1569841737.719381,123,0.6020833253860474
1569841738.140377,124,0.5895833373069763
1569841738.5627367,125,0.6048611402511597
1569841738.9875135,126,0.5958333611488342
1569841739.4091146,127,0.6090278029441833
1569841739.8310883,128,0.5847222208976746
1569841740.262339,129,0.6034722328186035
1569841740.6896186,130,0.5986111164093018
1569841741.120549,131,0.6104166507720947
1569841741.5447369,132,0.59375
1569841741.9680655,133,0.5916666388511658
1569841742.3900316,134,0.581944465637207
1569841742.8139143,135,0.6006944179534912
1569841743.2355788,136,0.6048611402511597
1569841743.656186,137,0.6229166388511658
1569841744.079188,138,0.6145833134651184
1569841744.5004709,139,0.6215277910232544
1569841744.925816,140,0.613194465637207
1569841745.347004,141,0.6097221970558167
1569841745.778233,142,0.6152777671813965
1569841746.1993105,143,0.6361111402511597
1569841746.6198294,144,0.5979166626930237
1569841747.0398428,145,0.5854166746139526
1569841747.4624465,146,0.605555534362793
1569841747.8889058,147,0.6263889074325562
1569841748.3100412,148,0.6138888597488403
1569841748.7325943,149,0.6340277791023254
1569841749.1623564,150,0.5833333134651184
1569841749.5854955,151,0.6118055582046509
1569841750.010181,152,0.6201388835906982
1569841750.4326396,153,0.5861111283302307
1569841750.8565257,154,0.6284722089767456
1569841751.2778869,155,0.6118055582046509
1569841751.698029,156,0.6152777671813965
1569841752.120331,157,0.6111111044883728
1569841752.5443847,158,0.5687500238418579
1569841752.9669397,159,0.6111111044883728
1569841753.3883932,160,0.6229166388511658
1569841753.8102808,161,0.6118055582046509
1569841754.258636,162,0.5958333611488342
1569841754.7006648,163,0.6152777671813965
1569841755.1308553,164,0.6215277910232544
1569841755.5540214,165,0.6111111044883728
1569841755.972753,166,0.6305555701255798
1569841756.393823,167,0.6361111402511597
1569841756.814056,168,0.6208333373069763
1569841757.2360473,169,0.6138888597488403
1569841757.6594682,170,0.5993055701255798
1569841758.0836358,171,0.6298611164093018
1569841758.5263257,172,0.5986111164093018
1569841758.9648094,173,0.6000000238418579
1569841759.3896706,174,0.6159722208976746
1569841759.8131487,175,0.6215277910232544
1569841760.246037,176,0.6381944417953491
1569841760.6695752,177,0.6236110925674438
1569841761.0953124,178,0.612500011920929
1569841761.5165296,179,0.6215277910232544
1569841761.9415379,180,0.613194465637207
1569841762.3651762,181,0.6173611283302307
1569841762.804738,182,0.6076388955116272
1569841763.2267268,183,0.6319444179534912
1569841763.6490421,184,0.6361111402511597
1569841764.0755668,185,0.6284722089767456
1569841764.4965303,186,0.6083333492279053
1569841764.9201353,187,0.6270833611488342
1569841765.3424366,188,0.644444465637207
1569841765.7661374,189,0.6138888597488403
1569841766.193522,190,0.6312500238418579
1569841766.6160963,191,0.6034722328186035
1569841767.0431545,192,0.6416666507720947
1569841767.4693515,193,0.6361111402511597
1569841767.8881333,194,0.612500011920929
1569841768.3125722,195,0.6451388597488403
1569841768.7366505,196,0.6416666507720947
1569841769.1640975,197,0.6187499761581421
1569841769.5899253,198,0.6583333611488342
1569841770.0160155,199,0.6215277910232544
