Wall time,Step,Value
1569841572.267581,0,0.13915598392486572
1569841572.7190478,1,0.26095086336135864
1569841573.1530833,2,0.31436964869499207
1569841573.58711,3,0.35576921701431274
1569841574.021307,4,0.3469551205635071
1569841574.4499247,5,0.3474893271923065
1569841574.8885126,6,0.34428417682647705
1569841575.3124144,7,0.3555021286010742
1569841575.7378109,8,0.3336004316806793
1569841576.1596022,9,0.3311965763568878
1569841576.5823498,10,0.3194444477558136
1569841577.0114286,11,0.3271901607513428
1569841577.43858,12,0.36965811252593994
1569841577.8759031,13,0.3357371687889099
1569841578.2995586,14,0.34455129504203796
1569841578.7215004,15,0.34882479906082153
1569841579.148236,16,0.3162393271923065
1569841579.5957146,17,0.2905983030796051
1569841580.0240982,18,0.3271901607513428
1569841580.448943,19,0.2708333432674408
1569841580.87311,20,0.31891027092933655
1569841581.29863,21,0.28525641560554504
1569841581.7266603,22,0.2975427210330963
1569841582.1510086,23,0.30742520093917847
1569841582.5757499,24,0.2975427210330963
1569841583.0033112,25,0.28525641560554504
1569841583.4286654,26,0.3023504316806793
1569841583.852474,27,0.3365384638309479
1569841584.2780912,28,0.2604166567325592
1569841584.703154,29,0.2580128312110901
1569841585.130219,30,0.2684294879436493
1569841585.5523133,31,0.25400641560554504
1569841585.9774213,32,0.26442307233810425
1569841586.4111698,33,0.28178417682647705
1569841586.834857,34,0.3336004316806793
1569841587.2619133,35,0.3135683834552765
1569841587.688237,36,0.38114315271377563
1569841588.1286426,37,0.3864850401878357
1569841588.5528166,38,0.3961004316806793
1569841588.98252,39,0.44845086336135864
1569841589.4035144,40,0.44150641560554504
1569841589.8241057,41,0.47275641560554504
1569841590.2470124,42,0.4930555522441864
1569841590.669865,43,0.5430021286010742
1569841591.098677,44,0.5125533938407898
1569841591.525462,45,0.5499466061592102
1569841591.9524856,46,0.5774572491645813
1569841592.3733659,47,0.5900107026100159
1569841592.798246,48,0.5731837749481201
1569841593.222825,49,0.567307710647583
1569841593.6484969,50,0.598557710647583
1569841594.0733535,51,0.5713140964508057
1569841594.4974551,52,0.593215823173523
1569841594.930181,53,0.6148504018783569
1569841595.358158,54,0.6183226704597473
1569841595.7817068,55,0.6380876302719116
1569841596.2031972,56,0.5881410241127014
1569841596.6240199,57,0.6049679517745972
1569841597.0512674,58,0.5846688151359558
1569841597.4895368,59,0.6172542572021484
1569841597.915714,60,0.6108440160751343
1569841598.3381891,61,0.6327457427978516
1569841598.7597473,62,0.6193910241127014
1569841599.1879528,63,0.6258012652397156
1569841599.6181085,64,0.5876068472862244
1569841600.0429637,65,0.5833333134651184
1569841600.465639,66,0.6415598392486572
1569841600.887991,67,0.6084401607513428
1569841601.312158,68,0.586271345615387
1569841601.743203,69,0.6335470080375671
1569841602.1725304,70,0.6073718070983887
1569841602.6011572,71,0.6463675498962402
1569841603.0364017,72,0.6370192170143127
1569841603.4635332,73,0.6346153616905212
1569841603.8982427,74,0.6332799196243286
1569841604.3266163,75,0.6009615659713745
1569841604.7701457,76,0.6455662250518799
1569841605.1991892,77,0.6364850401878357
1569841605.6265423,78,0.627136766910553
1569841606.0599556,79,0.6362179517745972
1569841606.4919548,80,0.6287392973899841
1569841606.9177232,81,0.6071047186851501
1569841607.3459456,82,0.6485042572021484
1569841607.7767463,83,0.6308760643005371
1569841608.2026684,84,0.6212607026100159
1569841608.6234808,85,0.6578525900840759
1569841609.0456026,86,0.6613247990608215
1569841609.4715805,87,0.6380876302719116
1569841609.8997595,88,0.6025640964508057
1569841610.3234034,89,0.6217948794364929
1569841610.7470016,90,0.6410256624221802
1569841611.174032,91,0.620726466178894
1569841611.6098685,92,0.5961538553237915
1569841612.032525,93,0.6247329115867615
1569841612.4534287,94,0.6014957427978516
1569841612.8769958,95,0.6006944179534912
1569841613.3024588,96,0.598557710647583
1569841613.7272468,97,0.6159188151359558
1569841614.1557472,98,0.6626602411270142
1569841614.582023,99,0.5758547186851501
1569841615.0132391,100,0.6071047186851501
1569841615.4387646,101,0.6049679517745972
1569841615.8734949,102,0.6241987347602844
1569841616.297245,103,0.6177884340286255
1569841616.723292,104,0.6119123697280884
1569841617.1524475,105,0.598023533821106
1569841617.5778565,106,0.629273533821106
1569841618.0003421,107,0.6252670884132385
1569841618.4239109,108,0.6485042572021484
1569841618.8481808,109,0.5702457427978516
1569841619.2728746,110,0.6036324501037598
1569841619.697163,111,0.62232905626297
1569841620.1197867,112,0.5809294581413269
1569841620.5426648,113,0.6060363054275513
1569841620.9672942,114,0.62767094373703
1569841621.389803,115,0.6346153616905212
1569841621.812528,116,0.6287392973899841
1569841622.2325218,117,0.6212607026100159
1569841622.6535943,118,0.629273533821106
1569841623.0778258,119,0.651442289352417
1569841623.5061917,120,0.6247329115867615
1569841623.9363134,121,0.5961538553237915
1569841624.3637333,122,0.6119123697280884
1569841624.7913797,123,0.6193910241127014
1569841625.217451,124,0.6420940160751343
1569841625.6426156,125,0.6380876302719116
1569841626.0681188,126,0.6193910241127014
1569841626.4933097,127,0.6450320482254028
1569841626.9227443,128,0.6188568472862244
1569841627.349694,129,0.6485042572021484
1569841627.7727096,130,0.6613247990608215
1569841628.1975217,131,0.6375533938407898
1569841628.6212518,132,0.6346153616905212
1569841629.0602567,133,0.6696047186851501
1569841629.4824052,134,0.6613247990608215
1569841629.9048886,135,0.6143162250518799
1569841630.3281803,136,0.6322115659713745
1569841630.751358,137,0.6402243375778198
1569841631.1770124,138,0.6733440160751343
1569841631.6072242,139,0.6503739356994629
1569841632.037252,140,0.6396901607513428
1569841632.4621496,141,0.65357905626297
1569841632.8831933,142,0.6674679517745972
1569841633.3063092,143,0.651976466178894
1569841633.7530627,144,0.6706730723381042
1569841634.181243,145,0.6431623697280884
1569841634.602397,146,0.6677350401878357
1569841635.0333383,147,0.6322115659713745
1569841635.457125,148,0.6204593777656555
1569841635.879765,149,0.6845619678497314
1569841636.30626,150,0.6639957427978516
1569841636.7335606,151,0.629807710647583
1569841637.1601992,152,0.6455662250518799
1569841637.5897155,153,0.6559829115867615
1569841638.013963,154,0.682692289352417
1569841638.4429042,155,0.6752136945724487
1569841638.8670015,156,0.6816239356994629
1569841639.2974758,157,0.65892094373703
1569841639.726223,158,0.6741452813148499
1569841640.153791,159,0.65357905626297
1569841640.5756958,160,0.6808226704597473
1569841641.0019073,161,0.6663995981216431
1569841641.4283586,162,0.6786859035491943
1569841641.851216,163,0.6647970080375671
1569841642.2756803,164,0.6554487347602844
1569841642.7015846,165,0.6436966061592102
1569841643.1424394,166,0.6810897588729858
1569841643.567204,167,0.6506410241127014
1569841643.989812,168,0.6672008633613586
1569841644.4140055,169,0.651976466178894
1569841644.8373532,170,0.6840277910232544
1569841645.267954,171,0.6960470080375671
1569841645.6931915,172,0.6554487347602844
1569841646.1156595,173,0.6971153616905212
1569841646.53862,174,0.6722756624221802
1569841646.9633365,175,0.6709401607513428
1569841647.3925169,176,0.6599892973899841
1569841647.8225536,177,0.6733440160751343
1569841648.2832983,178,0.6909722089767456
1569841648.7091196,179,0.6728098392486572
1569841649.1333215,180,0.6752136945724487
1569841649.559048,181,0.6784188151359558
1569841649.9920104,182,0.7067307829856873
1569841650.4170473,183,0.6717414259910583
1569841650.8387895,184,0.6565170884132385
1569841651.2655535,185,0.6781517267227173
1569841651.6933446,186,0.6709401607513428
1569841652.1370897,187,0.6530448794364929
1569841652.568083,188,0.6346153616905212
1569841652.993265,189,0.6885683536529541
1569841653.4222558,190,0.6594551205635071
1569841653.8459911,191,0.6479700803756714
1569841654.2716293,192,0.6663995981216431
1569841654.6938102,193,0.682692289352417
1569841655.1192477,194,0.6682692170143127
1569841655.5417187,195,0.6436966061592102
1569841655.967108,196,0.6682692170143127
1569841656.4000232,197,0.6861645579338074
1569841656.8272018,198,0.6885683536529541
1569841657.2526407,199,0.6607906222343445
