Wall time,Step,Value
1569841686.5123794,0,0.15890522301197052
1569841686.9809744,1,0.17054738104343414
1569841687.4265966,2,0.26613563299179077
1569841687.8761406,3,0.2714460790157318
1569841688.3298354,4,0.236723855137825
1569841688.775474,5,0.2549019753932953
1569841689.258584,6,0.23182189464569092
1569841689.6957388,7,0.23733660578727722
1569841690.1329157,8,0.2450980395078659
1569841690.5762353,9,0.25
1569841691.0245368,10,0.24428103864192963
1569841691.4733162,11,0.2312091439962387
1569841691.9225938,12,0.28778594732284546
1569841692.365338,13,0.2681781053543091
1569841692.812473,14,0.273080050945282
1569841693.2516272,15,0.2479575127363205
1569841693.6902592,16,0.31290850043296814
1569841694.1373277,17,0.2667483687400818
1569841694.5828986,18,0.24387255311012268
1569841695.036693,19,0.2890114486217499
1569841695.485234,20,0.2673611044883728
1569841695.9324753,21,0.30596405267715454
1569841696.3776927,22,0.2959558963775635
1569841696.8235455,23,0.2928921580314636
1569841697.274186,24,0.2924836575984955
1569841697.7208233,25,0.2896241843700409
1569841698.1651142,26,0.2883986830711365
1569841698.608776,27,0.2757352888584137
1569841699.0595264,28,0.31760621070861816
1569841699.5084834,29,0.2800244987010956
1569841699.9521005,30,0.2992238700389862
1569841700.3997815,31,0.2916666567325592
1569841700.8519578,32,0.24571079015731812
1569841701.3036737,33,0.2875817120075226
1569841701.7465317,34,0.2826797366142273
1569841702.1900327,35,0.250612735748291
1569841702.634653,36,0.2514297366142273
1569841703.081016,37,0.2534722089767456
1569841703.5200899,38,0.31617647409439087
1569841703.9678473,39,0.2841094732284546
1569841704.4111068,40,0.29820260405540466
1569841704.858448,41,0.2820670008659363
1569841705.3012059,42,0.28635621070861816
1569841705.7413368,43,0.2951388955116272
1569841706.182425,44,0.24244281649589539
1569841706.6231654,45,0.27655228972435
1569841707.073648,46,0.33435457944869995
1569841707.525979,47,0.3347630798816681
1569841707.97428,48,0.35927286744117737
1569841708.4239094,49,0.3921568691730499
1569841708.8750534,50,0.438112735748291
1569841709.3254766,51,0.4221813678741455
1569841709.7751074,52,0.4979575276374817
1569841710.2208078,53,0.4930555522441864
1569841710.6709843,54,0.4491421580314636
1569841711.1246786,55,0.42463234066963196
1569841711.577324,56,0.47201797366142273
1569841712.0266392,57,0.4673202633857727
1569841712.4739215,58,0.4881536066532135
1569841712.9248967,59,0.4699755012989044
1569841713.3726466,60,0.4756944477558136
1569841713.814421,61,0.4910130798816681
1569841714.2609427,62,0.4859068691730499
1569841714.7117858,63,0.4652777910232544
1569841715.1559017,64,0.4942810535430908
1569841715.6042457,65,0.5249183177947998
1569841716.053628,66,0.5279819965362549
1569841716.498622,67,0.514297366142273
1569841716.9424937,68,0.501225471496582
1569841717.3874037,69,0.5341094732284546
1569841717.8229184,70,0.5257353186607361
1569841718.2605274,71,0.5292075276374817
1569841718.7040255,72,0.5355392098426819
1569841719.144703,73,0.5238970518112183
1569841719.583024,74,0.5410539507865906
1569841720.0203722,75,0.5298202633857727
1569841720.4551332,76,0.545547366142273
1569841720.905837,77,0.5398284196853638
1569841721.3485584,78,0.5104166865348816
1569841721.791732,79,0.5243055820465088
1569841722.227144,80,0.4861111044883728
1569841722.6741252,81,0.5214460492134094
1569841723.1235597,82,0.5265522599220276
1569841723.5692732,83,0.5445261597633362
1569841724.0107653,84,0.5104166865348816
1569841724.4603555,85,0.5408496856689453
1569841724.9068441,86,0.5077614188194275
1569841725.3574083,87,0.5488153696060181
1569841725.800319,88,0.5026552081108093
1569841726.2400985,89,0.5447303652763367
1569841726.6949317,90,0.5682189464569092
1569841727.1561193,91,0.5437091588973999
1569841727.6348054,92,0.5381944179534912
1569841728.081026,93,0.5145016312599182
1569841728.5282323,94,0.5402369499206543
1569841728.9840908,95,0.5479983687400818
1569841729.4298184,96,0.5561683177947998
1569841729.8764272,97,0.5620915293693542
1569841730.3226988,98,0.578839898109436
1569841730.7725432,99,0.5870097875595093
1569841731.2152417,100,0.5526960492134094
1569841731.6585195,101,0.5745506286621094
1569841732.1047964,102,0.5718954205513
1569841732.55469,103,0.578839898109436
1569841733.0047357,104,0.5837418437004089
1569841733.4443824,105,0.592524528503418
1569841733.8918998,106,0.5745506286621094
1569841734.3346176,107,0.6037581562995911
1569841734.7861624,108,0.6006944179534912
1569841735.2275743,109,0.5682189464569092
1569841735.6708744,110,0.5982434749603271
1569841736.117598,111,0.6064134240150452
1569841736.5633612,112,0.6060048937797546
1569841737.0104783,113,0.608660101890564
1569841737.4585063,114,0.5947712659835815
1569841737.9050891,115,0.5765931606292725
1569841738.3562663,116,0.5645424723625183
1569841738.8104465,117,0.6121323704719543
1569841739.2639937,118,0.608660101890564
1569841739.7105126,119,0.5890522599220276
1569841740.1575718,120,0.5935457348823547
1569841740.6068063,121,0.6058006286621094
1569841741.0592887,122,0.6072303652763367
1569841741.5102284,123,0.5904819965362549
1569841741.9607935,124,0.6039624214172363
1569841742.4044716,125,0.577410101890564
1569841742.841585,126,0.6117238402366638
1569841743.2802804,127,0.6094771027565002
1569841743.724783,128,0.6182597875595093
1569841744.1730614,129,0.6006944179534912
1569841744.6163404,130,0.5910947918891907
1569841745.0620787,131,0.6117238402366638
1569841745.5073595,132,0.6066176295280457
1569841745.954224,133,0.626225471496582
1569841746.3948412,134,0.6037581562995911
1569841746.8372905,135,0.6254084706306458
1569841747.2802575,136,0.608660101890564
1569841747.7224066,137,0.5982434749603271
1569841748.155334,138,0.6247957348823547
1569841748.5861423,139,0.639910101890564
1569841749.027045,140,0.6176470518112183
1569841749.4748633,141,0.6364378929138184
1569841749.9165957,142,0.6029411554336548
1569841750.3586183,143,0.633782684803009
1569841750.8089597,144,0.623774528503418
1569841751.2477288,145,0.5959967374801636
1569841751.6871974,146,0.6109068393707275
1569841752.1323133,147,0.6274510025978088
1569841752.5695486,148,0.6280637383460999
1569841753.0070884,149,0.6245915293693542
1569841753.45617,150,0.6491013169288635
1569841753.904605,151,0.6219362616539001
1569841754.3504038,152,0.6303104758262634
1569841754.794535,153,0.6288807392120361
1569841755.2431395,154,0.6194853186607361
1569841755.6917455,155,0.6301062107086182
1569841756.1447377,156,0.6491013169288635
1569841756.5881217,157,0.6274510025978088
1569841757.0447872,158,0.6352124214172363
1569841757.4909658,159,0.623774528503418
1569841757.9446714,160,0.6546159982681274
1569841758.3868976,161,0.6345996856689453
1569841758.836359,162,0.641952633857727
1569841759.2868013,163,0.6636029481887817
1569841759.7343323,164,0.6002859473228455
1569841760.179809,165,0.6607434749603271
1569841760.626064,166,0.6198937892913818
1569841761.0735257,167,0.626225471496582
1569841761.521365,168,0.6497140526771545
1569841761.9678562,169,0.6260212659835815
1569841762.4207876,170,0.641952633857727
1569841762.874431,171,0.6676878929138184
1569841763.3240101,172,0.6670751571655273
1569841763.773224,173,0.6687091588973999
1569841764.221534,174,0.6456291079521179
1569841764.669086,175,0.6582924723625183
1569841765.1109204,176,0.6531862616539001
1569841765.557892,177,0.641339898109436
1569841766.0082264,178,0.6323529481887817
1569841766.4587934,179,0.6613562107086182
1569841766.9069934,180,0.6601307392120361
1569841767.353442,181,0.6401143670082092
1569841767.7920625,182,0.6589052081108093
1569841768.2373588,183,0.6476715803146362
1569841768.6825602,184,0.658088207244873
1569841769.1300292,185,0.6482843160629272
1569841769.5732124,186,0.6791258454322815
1569841770.010838,187,0.6058006286621094
1569841770.4563494,188,0.6139705777168274
1569841770.8921258,189,0.639297366142273
1569841771.3293366,190,0.6288807392120361
1569841771.7627292,191,0.6352124214172363
1569841772.1962574,192,0.664419949054718
1569841772.6271474,193,0.6685048937797546
1569841773.0663328,194,0.6205065250396729
1569841773.4994965,195,0.648080050945282
1569841773.9333222,196,0.6658496856689453
1569841774.3658187,197,0.639297366142273
1569841774.8007677,198,0.6456291079521179
1569841775.2363863,199,0.6478758454322815
