Wall time,Step,Value
1569841586.6548064,0,0.16743259131908417
1569841587.1131637,1,0.19607843458652496
1569841587.5478408,2,0.21430759131908417
1569841587.9810388,3,0.23590686917304993
1569841588.4132817,4,0.22640931606292725
1569841588.854105,5,0.22380514442920685
1569841589.2930331,6,0.2558210790157318
1569841589.747958,7,0.22120098769664764
1569841590.1858754,8,0.26669731736183167
1569841590.6238391,9,0.2593443691730499
1569841591.0588574,10,0.28569239377975464
1569841591.4912143,11,0.2792585790157318
1569841591.9199526,12,0.2441789209842682
1569841592.3501768,13,0.2598039209842682
1569841592.7780929,14,0.2702205777168274
1569841593.2027156,15,0.265012264251709
1569841593.6265478,16,0.3030024468898773
1569841594.0518222,17,0.2593443691730499
1569841594.4781792,18,0.25796568393707275
1569841594.902439,19,0.2624080777168274
1569841595.3727121,20,0.29013481736183167
1569841595.8002844,21,0.23544730246067047
1569841596.2522242,22,0.2671568691730499
1569841596.6774075,23,0.25413602590560913
1569841597.1000762,24,0.25245097279548645
1569841597.530293,25,0.2792585790157318
1569841597.9576755,26,0.28140318393707275
1569841598.3807096,27,0.3017769753932953
1569841598.8055606,28,0.28921568393707275
1569841599.2313747,29,0.27450981736183167
1569841599.655614,30,0.2671568691730499
1569841600.0876114,31,0.28017768263816833
1569841600.5147903,32,0.2749693691730499
1569841600.9417276,33,0.2948835790157318
1569841601.366898,34,0.30575981736183167
1569841601.8104286,35,0.30912989377975464
1569841602.247694,36,0.31004902720451355
1569841602.6766272,37,0.34911152720451355
1569841603.1000729,38,0.3590686321258545
1569841603.5227597,39,0.38327205181121826
1569841603.9529274,40,0.36611518263816833
1569841604.38664,41,0.3993566036224365
1569841604.8213515,42,0.38556984066963196
1569841605.2613404,43,0.43183210492134094
1569841605.7001705,44,0.4227941036224365
1569841606.1367762,45,0.4388786852359772
1569841606.572382,46,0.4189644753932953
1569841607.0021296,47,0.45327818393707275
1569841607.430864,48,0.41590073704719543
1569841607.8590434,49,0.4401041567325592
1569841608.2929273,50,0.4319852888584137
1569841608.7256126,51,0.453125
1569841609.1606162,52,0.4514399468898773
1569841609.5940225,53,0.4908088147640228
1569841610.0321221,54,0.4492953419685364
1569841610.4688313,55,0.47349876165390015
1569841610.9040487,56,0.4817708432674408
1569841611.3356316,57,0.5038296580314636
1569841611.7668982,58,0.4934130012989044
1569841612.1984034,59,0.47319239377975464
1569841612.6305504,60,0.501225471496582
1569841613.0564322,61,0.5337010025978088
1569841613.5091066,62,0.5203737616539001
1569841613.9365957,63,0.4826899468898773
1569841614.3714767,64,0.5272671580314636
1569841614.8115396,65,0.5265012383460999
1569841615.2433696,66,0.524662971496582
1569841615.6778219,67,0.48743873834609985
1569841616.1169257,68,0.5575980544090271
1569841616.5517597,69,0.5056678652763367
1569841616.9874747,70,0.5424326062202454
1569841617.4238951,71,0.4788602888584137
1569841617.86293,72,0.5108762383460999
1569841618.2971056,73,0.4805453419685364
1569841618.7338352,74,0.5232843160629272
1569841619.176661,75,0.4935661852359772
1569841619.6152842,76,0.5026041865348816
1569841620.0577712,77,0.5026041865348816
1569841620.4941041,78,0.48973652720451355
1569841620.9333637,79,0.49433210492134094
1569841621.3726566,80,0.4805453419685364
1569841621.8372269,81,0.5258885025978088
1569841622.2716644,82,0.5134803652763367
1569841622.7087796,83,0.5165441036224365
1569841623.1521308,84,0.5464154481887817
1569841623.5990498,85,0.5263480544090271
1569841624.032706,86,0.5182291865348816
1569841624.4694932,87,0.5251225233078003
1569841624.9037993,88,0.5203737616539001
1569841625.3384528,89,0.5039828419685364
1569841625.7731998,90,0.5203737616539001
1569841626.2085164,91,0.5381433963775635
1569841626.6468282,92,0.5407475233078003
1569841627.0842135,93,0.5485600233078003
1569841627.520913,94,0.5326286554336548
1569841627.9584792,95,0.5229779481887817
1569841628.390207,96,0.5459558963775635
1569841628.8175778,97,0.5424326062202454
1569841629.2465441,98,0.5438112616539001
1569841629.6829915,99,0.563725471496582
1569841630.122983,100,0.5511642098426819
1569841630.5673828,101,0.5442708134651184
1569841631.0019453,102,0.5350796580314636
1569841631.4395902,103,0.5511642098426819
1569841631.882351,104,0.5689338445663452
1569841632.3210251,105,0.5819546580314636
1569841632.7645965,106,0.5983455777168274
1569841633.2077963,107,0.5499387383460999
1569841633.6416013,108,0.5719975233078003
1569841634.0814261,109,0.5767463445663452
1569841634.513977,110,0.522212028503418
1569841634.947922,111,0.602787971496582
1569841635.375777,112,0.5980392098426819
1569841635.7980156,113,0.5490196347236633
1569841636.2208326,114,0.5672487616539001
1569841636.648128,115,0.6144301295280457
1569841637.0724192,116,0.5729166865348816
1569841637.4996955,117,0.5352328419685364
1569841637.9254522,118,0.5862438678741455
1569841638.3515794,119,0.5710784196853638
1569841638.777652,120,0.5807291865348816
1569841639.2007718,121,0.5784313678741455
1569841639.6304972,122,0.5689338445663452
1569841640.057044,123,0.5502451062202454
1569841640.4862037,124,0.5022978186607361
1569841640.9115038,125,0.576286792755127
1569841641.337725,126,0.5234375
1569841641.7623134,127,0.5333946347236633
1569841642.210707,128,0.5416666865348816
1569841642.6365676,129,0.5424326062202454
1569841643.0755942,130,0.5897671580314636
1569841643.5014188,131,0.5724571347236633
1569841643.9324944,132,0.5117953419685364
1569841644.3606277,133,0.5719975233078003
1569841644.7862322,134,0.5940563678741455
1569841645.220088,135,0.607536792755127
1569841645.6470113,136,0.594975471496582
1569841646.0748444,137,0.5867034196853638
1569841646.5279546,138,0.6101409196853638
1569841646.9556332,139,0.6305146813392639
1569841647.381926,140,0.6096813678741455
1569841647.810702,141,0.6023284196853638
1569841648.2419662,142,0.5703125
1569841648.6663504,143,0.6291360259056091
1569841649.092131,144,0.5724571347236633
1569841649.5177593,145,0.5876225233078003
1569841649.9614713,146,0.5984987616539001
1569841650.4014895,147,0.5833333134651184
1569841650.8419504,148,0.5448835492134094
1569841651.2772317,149,0.6167279481887817
1569841651.7215104,150,0.5902267098426819
1569841652.1678305,151,0.6326593160629272
1569841652.6038525,152,0.6513480544090271
1569841653.0428565,153,0.5975796580314636
1569841653.4811869,154,0.6219362616539001
1569841653.9211237,155,0.6227021813392639
1569841654.3596015,156,0.6127451062202454
1569841654.7944267,157,0.6191789507865906
1569841655.220993,158,0.6020220518112183
1569841655.646449,159,0.6122855544090271
1569841656.0725381,160,0.6001838445663452
1569841656.5030239,161,0.5825673937797546
1569841656.930902,162,0.602787971496582
1569841657.3667312,163,0.6122855544090271
1569841657.8016768,164,0.630974292755127
1569841658.2396388,165,0.6279105544090271
1569841658.6780708,166,0.6205576062202454
1569841659.112826,167,0.647824764251709
1569841659.5480142,168,0.6447610259056091
1569841659.9840727,169,0.610600471496582
1569841660.4188826,170,0.6435355544090271
1569841660.8477378,171,0.6162683963775635
1569841661.2722695,172,0.6292892098426819
1569841661.6978662,173,0.6452205777168274
1569841662.1216626,174,0.6492034196853638
1569841662.5492978,175,0.638786792755127
1569841662.9755747,176,0.6158088445663452
1569841663.401632,177,0.6127451062202454
1569841663.8318317,178,0.6447610259056091
1569841664.2600412,179,0.6924019455909729
1569841664.6864016,180,0.6214767098426819
1569841665.1123288,181,0.6413909196853638
1569841665.5365865,182,0.6271446347236633
1569841665.9655635,183,0.6449142098426819
1569841666.390806,184,0.6207107901573181
1569841666.82032,185,0.609375
1569841667.254132,186,0.671262264251709
1569841667.6838946,187,0.6328125
1569841668.1121364,188,0.630974292755127
1569841668.5423498,189,0.6548713445663452
1569841668.967212,190,0.6525735259056091
1569841669.397861,191,0.6461396813392639
1569841669.8371003,192,0.663449764251709
1569841670.2767854,193,0.6475183963775635
1569841670.7090375,194,0.6487438678741455
1569841671.146994,195,0.7032781839370728
1569841671.5722923,196,0.6600796580314636
1569841672.0006986,197,0.6807597875595093
1569841672.4299328,198,0.6925551295280457
1569841672.8556583,199,0.6245404481887817
