Wall time,Step,Value
1565118996.97814,0,0.1756443977355957
1565119003.6794665,1,0.19882382452487946
1565119010.3918314,2,0.2258821278810501
1565119017.0169375,3,0.19000250101089478
1565119023.686885,4,0.37446820735931396
1565119030.3318417,5,0.3550112545490265
1565119036.919189,6,0.3406844437122345
1565119043.4881911,7,0.4003691077232361
1565119050.0882487,8,0.354761004447937
1565119056.7109578,9,0.40778279304504395
1565119063.3281991,10,0.4142580032348633
1565119069.9022536,11,0.4038413465023041
1565119076.4874096,12,0.42329829931259155
1565119083.078557,13,0.4626501500606537
1565119089.7198281,14,0.46189939975738525
1565119096.339451,15,0.5003440976142883
1565119102.928525,16,0.3830080032348633
1565119109.5212483,17,0.44572699069976807
1565119116.1484501,18,0.427896648645401
1565119122.7839663,19,0.47932305932044983
1565119129.4216952,20,0.4785723090171814
1565119136.055541,21,0.46724849939346313
1565119142.6638606,22,0.487581342458725
1565119149.3071215,23,0.5179241895675659
1565119155.933834,24,0.49502629041671753
1565119162.5644257,25,0.5383195877075195
1565119169.1980817,26,0.5489552021026611
1565119175.7980583,27,0.5045357942581177
1565119182.4101658,28,0.48439064621925354
1565119189.0299504,29,0.47766515612602234
1565119195.6493564,30,0.4767580032348633
1565119202.2322366,31,0.5223348140716553
1565119208.923872,32,0.5348473191261292
1565119215.5812337,33,0.47419294714927673
1565119222.2317133,34,0.16385135054588318
1565119228.8356452,35,0.18512262403964996
1565119235.4088316,36,0.15900275111198425
1565119241.9880495,37,0.18468467891216278
1565119248.5587788,38,0.07961086183786392
1565119255.1346476,39,0.16985735297203064
1565119261.7810805,40,0.19022147357463837
1565119268.427822,41,0.1881256252527237
1565119275.039679,42,0.17864739894866943
1565119281.6849058,43,0.18512262403964996
1565119288.3414705,44,0.1513388454914093
1565119294.9636998,45,0.1825888454914093
1565119301.539871,46,0.17680180072784424
1565119308.1083515,47,0.16432057321071625
1565119314.7335277,48,0.17520645260810852
1565119321.3052092,49,0.1788976490497589
1565119327.8915539,50,0.1915978491306305
1565119334.4818306,51,0.15040040016174316
1565119341.0885959,52,0.1723911464214325
1565119347.7513673,53,0.1844344288110733
1565119354.4052465,54,0.13979604840278625
1565119361.0283492,55,0.1862800270318985
1565119367.6829112,56,0.16801175475120544
1565119374.3022485,57,0.1844344288110733
1565119380.9382591,58,0.17264139652252197
1565119387.529776,59,0.10228978842496872
1565119394.1433682,60,0.16547797620296478
1565119400.7253778,61,0.08051801472902298
1565119407.3715456,62,0.10391641408205032
1565119413.9579725,63,0.15599974989891052
1565119420.5632904,64,0.08492867648601532
1565119427.2033129,65,0.17336085438728333
1565119433.829288,66,0.15390390157699585
1565119440.426071,67,0.16641642153263092
1565119447.0069296,68,0.1356043517589569
1565119453.5914757,69,0.16037912666797638
1565119460.1773703,70,0.10066316276788712
1565119466.805384,71,0.17332957684993744
1565119473.3939338,72,0.17079579830169678
1565119479.9718227,73,0.1788976490497589
1565119486.6258118,74,0.17286035418510437
1565119493.2643602,75,0.16801175475120544
1565119499.9202027,76,0.13144394755363464
1565119506.5509222,77,0.1881256252527237
1565119513.1297083,78,0.07591967284679413
1565119519.7573564,79,0.1788976490497589
1565119526.3609846,80,0.1807432472705841
1565119532.9790173,81,0.08399023860692978
1565119539.5622792,82,0.1807432472705841
1565119546.1394083,83,0.13701200485229492
1565119552.7353652,84,0.14580205082893372
1565119559.3296099,85,0.18027402460575104
1565119565.9739473,86,0.08330205082893372
1565119572.6086988,87,0.16453954577445984
1565119579.2560108,88,0.16966967284679413
1565119585.848371,89,0.14139139652252197
1565119592.4937408,90,0.10438563674688339
1565119599.1205616,91,0.09187312424182892
1565119605.7377307,92,0.1842154711484909
1565119612.335017,93,0.074762262403965
1565119618.9793074,94,0.1860610544681549
1565119625.6528482,95,0.17520645260810852
1565119632.2686322,96,0.1807432472705841
1565119638.885595,97,0.12381131201982498
1565119645.4792182,98,0.18881382048130035
1565119652.0648131,99,0.18030530214309692
1565119658.6681075,100,0.1737987995147705
1565119665.2789671,101,0.18537287414073944
1565119671.8695712,102,0.16084834933280945
1565119678.4537125,103,0.17007632553577423
1565119685.0976892,104,0.1825888454914093
1565119691.7130806,105,0.1825888454914093
1565119698.3184042,106,0.16616617143154144
1565119704.9253116,107,0.16569694876670837
1565119711.5403214,108,0.08815065026283264
1565119718.1834123,109,0.1807432472705841
1565119724.7598257,110,0.1862800270318985
1565119731.358513,111,0.16453954577445984
1565119737.9836185,112,0.19000250101089478
1565119744.6178432,113,0.18399649858474731
1565119751.2188473,114,0.1881256252527237
1565119757.8352442,115,0.14464464783668518
1565119764.4834108,116,0.16638512909412384
1565119771.085654,117,0.1807432472705841
1565119777.7472541,118,0.16966967284679413
1565119784.3373938,119,0.1860610544681549
1565119790.9673998,120,0.07892267405986786
1565119797.595319,121,0.16916917264461517
1565119804.2070248,122,0.1580643206834793
1565119810.7955313,123,0.19209834933280945
1565119817.4089122,124,0.1636323779821396
1565119824.0094795,125,0.17357982695102692
1565119830.601282,126,0.11179929971694946
1565119837.1793768,127,0.1723911464214325
1565119843.795873,128,0.18559184670448303
1565119850.3884785,129,0.17520645260810852
1565119857.0206091,130,0.17705205082893372
1565119863.6159012,131,0.17658282816410065
1565119870.2333057,132,0.17817817628383636
1565119876.8358421,133,0.17705205082893372
1565119883.4934454,134,0.17473722994327545
1565119890.0882294,135,0.1807432472705841
1565119896.6805012,136,0.17589464783668518
1565119903.3110633,137,0.17705205082893372
1565119909.94744,138,0.16594719886779785
1565119916.563619,139,0.16200575232505798
1565119923.157154,140,0.16754254698753357
1565119929.8022954,141,0.1981043517589569
1565119936.44904,142,0.16453954577445984
1565119943.092615,143,0.17148397862911224
1565119949.7311275,144,0.13838839530944824
1565119956.3378398,145,0.1601601541042328
1565119962.9205303,146,0.1596909463405609
1565119969.5313947,147,0.1862800270318985
1565119976.1530726,148,0.1583145707845688
1565119982.777083,149,0.1633821278810501
1565119989.3784127,150,0.15574949979782104
1565119995.9463327,151,0.16663537919521332
1565120002.5208719,152,0.1289101541042328
1565120009.1524239,153,0.1825888454914093
1565120015.7451937,154,0.17451827228069305
1565120022.377078,155,0.1842154711484909
1565120028.9983206,156,0.0833333358168602
1565120035.633225,157,0.1460210233926773
1565120042.248458,158,0.17683307826519012
1565120048.855525,159,0.1703265756368637
1565120055.4914405,160,0.19369369745254517
1565120062.1242568,161,0.17264139652252197
1565120068.7295127,162,0.17336085438728333
1565120075.3727672,163,0.1650087535381317
1565120081.9983866,164,0.1893143206834793
1565120088.6586032,165,0.1807432472705841
1565120095.292393,166,0.1372309774160385
1565120101.9393353,167,0.17658282816410065
1565120108.5645084,168,0.17473722994327545
1565120115.174532,169,0.0782344862818718
1565120121.7694576,170,0.1529967486858368
1565120128.3697317,171,0.17705205082893372
1565120135.0382605,172,0.1862800270318985
1565120141.6751347,173,0.16985735297203064
1565120148.296521,174,0.1670733243227005
1565120154.9285998,175,0.13003627955913544
1565120161.5411758,176,0.1668543517589569
1565120168.1405103,177,0.17426802217960358
1565120174.752924,178,0.15900275111198425
1565120181.3765125,179,0.1684809774160385
1565120187.9836664,180,0.19578954577445984
1565120194.5625896,181,0.15947197377681732
1565120201.1474876,182,0.1719532012939453
1565120207.7601879,183,0.16200575232505798
1565120214.3374913,184,0.18121245503425598
1565120220.9158282,185,0.1876876950263977
1565120227.5594983,186,0.16963839530944824
1565120234.1390285,187,0.07360485196113586
1565120240.7505136,188,0.16663537919521332
1565120247.3662043,189,0.15919044613838196
1565120253.990538,190,0.17264139652252197
1565120260.6151478,191,0.16591592133045197
1565120267.2519512,192,0.19325575232505798
1565120273.84762,193,0.1529967486858368
1565120280.478401,194,0.1825888454914093
1565120287.0788984,195,0.08677427470684052
1565120293.7067049,196,0.14023397862911224
1565120300.3021364,197,0.17126502096652985
1565120306.9373925,198,0.18027402460575104
1565120313.5624015,199,0.08470971137285233
