Wall time,Step,Value
1565119024.734404,0,0.19369173049926758
1565119031.5597334,1,0.2609994113445282
1565119038.336543,2,0.21204836666584015
1565119045.1032476,3,0.2056381106376648
1565119051.906325,4,0.2520396411418915
1565119058.7399714,5,0.21773017942905426
1565119065.5393126,6,0.21182984113693237
1565119072.3095214,7,0.23310023546218872
1565119079.0825377,8,0.26289334893226624
1565119085.8889093,9,0.23069638013839722
1565119092.7225971,10,0.2918851971626282
1565119099.530614,11,0.2711975574493408
1565119106.3334072,12,0.3110431134700775
1565119113.1388948,13,0.33377039432525635
1565119119.920183,14,0.32153263688087463
1565119126.755282,15,0.30783799290657043
1565119133.5834842,16,0.26027098298072815
1565119140.3862057,17,0.3654574453830719
1565119147.1936913,18,0.3291083872318268
1565119154.0335786,19,0.1032925397157669
1565119160.8373492,20,0.1372377574443817
1565119167.6800923,21,0.24082167446613312
1565119174.478031,22,0.24694055318832397
1565119181.2651591,23,0.24745047092437744
1565119188.084666,24,0.2670454680919647
1565119194.915012,25,0.26682692766189575
1565119201.6877053,26,0.2705419659614563
1565119208.5461645,27,0.3011363744735718
1565119215.3875937,28,0.2914481461048126
1565119222.2395432,29,0.3377768099308014
1565119229.0232391,30,0.3210955858230591
1565119235.7842004,31,0.34957751631736755
1565119242.5546558,32,0.33406177163124084
1565119249.322032,33,0.31774476170539856
1565119256.1111472,34,0.3262674808502197
1565119262.96488,35,0.377695232629776
1565119269.8046625,36,0.34447842836380005
1565119276.6100764,37,0.3720862567424774
1565119283.4324827,38,0.3618881106376648
1565119290.2535715,39,0.3997668921947479
1565119297.0667648,40,0.35933858156204224
1565119303.8401318,41,0.3827942907810211
1565119310.6129043,42,0.36793413758277893
1565119317.415191,43,0.3821386992931366
1565119324.181255,44,0.4071241319179535
1565119330.9859195,45,0.37754952907562256
1565119337.7645445,46,0.39597901701927185
1565119344.602347,47,0.32036712765693665
1565119351.4461973,48,0.3946678340435028
1565119358.2755811,49,0.39000582695007324
1565119365.121421,50,0.4161567687988281
1565119371.9505267,51,0.4160839021205902
1565119378.7593436,52,0.4371357858181
1565119385.5264175,53,0.3800262212753296
1565119392.3407614,54,0.4219842553138733
1565119399.11551,55,0.43618881702423096
1565119405.927049,56,0.41382575035095215
1565119412.724188,57,0.4195804297924042
1565119419.4994755,58,0.4428904354572296
1565119426.3179677,59,0.4276660978794098
1565119433.1619725,60,0.35722610354423523
1565119439.9554079,61,0.43108972907066345
1565119446.7351358,62,0.3471008241176605
1565119453.508759,63,0.39656177163124084
1565119460.3188977,64,0.39838287234306335
1565119467.1456192,65,0.4181235432624817
1565119473.9357283,66,0.4472610652446747
1565119480.7101016,67,0.28853437304496765
1565119487.5455685,68,0.36108681559562683
1565119494.3924155,69,0.43196386098861694
1565119501.2256234,70,0.45483681559562683
1565119508.0236962,71,0.189612478017807
1565119514.7987003,72,0.19500291347503662
1565119521.6030319,73,0.19456584751605988
1565119528.422292,74,0.19755244255065918
1565119535.1992862,75,0.20010198652744293
1565119541.96424,76,0.21583624184131622
1565119548.7570071,77,0.14517773687839508
1565119555.5419054,78,0.20068472623825073
1565119562.3490198,79,0.09192890673875809
1565119569.1965063,80,0.08814102411270142
1565119576.0143988,81,0.08464451879262924
1565119582.827908,82,0.1609848439693451
1565119589.6311836,83,0.052666082978248596
1565119596.4729931,84,0.08726689964532852
1565119603.2709014,85,0.11662296205759048
1565119610.0855336,86,0.08916083723306656
1565119616.9191654,87,0.11174242198467255
1565119623.7708282,88,0.1723484843969345
1565119630.596218,89,0.17089161276817322
1565119637.4053047,90,0.189612478017807
1565119644.1854622,91,0.10759032517671585
1565119650.9532244,92,0.08479020744562149
1565119657.7244608,93,0.08770396560430527
1565119664.5360968,94,0.20680361986160278
1565119671.306397,95,0.10824592411518097
1565119678.0705776,96,0.06264568865299225
1565119684.9070177,97,0.06075174733996391
1565119691.7302892,98,0.08981643617153168
1565119698.523264,99,0.18349358439445496
1565119705.320263,100,0.18138112127780914
1565119712.129796,101,0.25101980566978455
1565119718.956084,102,0.2607080340385437
1565119725.732588,103,0.2202068716287613
1565119732.5074387,104,0.21394230425357819
1565119739.3551404,105,0.19667832553386688
1565119746.1903641,106,0.24963578581809998
1565119752.983725,107,0.24096736311912537
1565119759.8044248,108,0.05390442907810211
1565119766.6143248,109,0.2184586226940155
1565119773.4352498,110,0.20381700992584229
1565119780.2583349,111,0.08763112127780914
1565119787.0596604,112,0.0723339170217514
1565119793.8996568,113,0.10307400673627853
1565119800.6822362,114,0.09717366099357605
1565119807.4856942,115,0.21955128014087677
1565119814.2977002,116,0.05485139787197113
1565119821.1161122,117,0.18764568865299225
1565119827.927924,118,0.24737761914730072
1565119834.7031808,119,0.05645396187901497
1565119841.4991937,120,0.09833916276693344
1565119848.318822,121,0.053467366844415665
1565119855.123637,122,0.15319055318832397
1565119861.935024,123,0.19864509999752045
1565119868.7395742,124,0.22465035319328308
1565119875.5352738,125,0.22690850496292114
1565119882.3983967,126,0.204472616314888
1565119889.204902,127,0.13847610354423523
1565119895.9965923,128,0.1342511624097824
1565119902.820784,129,0.1845134049654007
1565119909.642381,130,0.2714160978794098
1565119916.450919,131,0.2148892730474472
1565119923.2633438,132,0.2089160829782486
1565119930.1063247,133,0.3065996468067169
1565119936.9330912,134,0.05630827322602272
1565119943.777267,135,0.20877039432525635
1565119950.5983233,136,0.19951923191547394
1565119957.3942199,137,0.13519813120365143
1565119964.1672215,138,0.15916375815868378
1565119970.9871182,139,0.08726689964532852
1565119977.7933621,140,0.20556527376174927
1565119984.6115737,141,0.10453088581562042
1565119991.4022858,142,0.13141025602817535
1565119998.1760674,143,0.1208479031920433
1565120004.9491034,144,0.110139861702919
1565120011.74265,145,0.24300698935985565
1565120018.5718145,146,0.14780011773109436
1565120025.3921757,147,0.05601689964532852
1565120032.2119923,148,0.20826049149036407
1565120039.013736,149,0.06024184077978134
1565120045.823386,150,0.2130681872367859
1565120052.6504893,151,0.07961829751729965
1565120059.4620395,152,0.31148019433021545
1565120066.2657976,153,0.2440268099308014
1565120073.0914474,154,0.20964452624320984
1565120079.9114745,155,0.22909381985664368
1565120086.749426,156,0.21153846383094788
1565120093.5843585,157,0.27425700426101685
1565120100.420847,158,0.21175698935985565
1565120107.2586951,159,0.24919871985912323
1565120114.0623639,160,0.054122962057590485
1565120120.8641646,161,0.0550699308514595
1565120127.6525402,162,0.05434149131178856
1565120134.5016382,163,0.05390442907810211
1565120141.3617022,164,0.22268356382846832
1565120148.149946,165,0.31767192482948303
1565120154.975041,166,0.23819929361343384
1565120161.7794676,167,0.06920163333415985
1565120168.5823696,168,0.25218531489372253
1565120175.4064112,169,0.26078087091445923
1565120182.2234676,170,0.3205856680870056
1565120189.026178,171,0.24737761914730072
1565120195.792406,172,0.32641318440437317
1565120202.5628917,173,0.10496795177459717
1565120209.3721826,174,0.29028263688087463
1565120216.1468427,175,0.26209208369255066
1565120222.9422898,176,0.3309294879436493
1565120229.7448854,177,0.3047785460948944
1565120236.5188193,178,0.2624562978744507
1565120243.3403132,179,0.15289919078350067
1565120250.1495528,180,0.252695232629776
1565120256.9547434,181,0.29363346099853516
1565120263.7690985,182,0.27658799290657043
1565120270.586926,183,0.2857663035392761
1565120277.3984814,184,0.3018648028373718
1565120284.1763651,185,0.2756410241127014
1565120291.0074608,186,0.3527098000049591
1565120297.8172507,187,0.24395395815372467
1565120304.6419084,188,0.27156177163124084
1565120311.451954,189,0.33500874042510986
1565120318.3036904,190,0.2603438198566437
1565120325.0955958,191,0.3639277517795563
1565120331.883707,192,0.33522728085517883
1565120338.7107174,193,0.3181818127632141
1565120345.520294,194,0.30426865816116333
1565120352.3061569,195,0.3374854326248169
1565120359.1107085,196,0.24351690709590912
1565120365.9045947,197,0.2999708652496338
1565120372.6822689,198,0.2890442907810211
1565120379.5293257,199,0.33253204822540283
