Wall time,Step,Value
1565119019.2544053,0,0.2133556604385376
1565119026.7368495,1,0.1798735111951828
1565119034.2108622,2,0.2591145932674408
1565119041.6388679,3,0.229538694024086
1565119049.0210917,4,0.2555803656578064
1565119056.5597825,5,0.2765997052192688
1565119064.1130767,6,0.2360491007566452
1565119071.7145398,7,0.2341889888048172
1565119079.338154,8,0.2509300708770752
1565119086.919979,9,0.2626488208770752
1565119094.5116782,10,0.290922611951828
1565119102.1069272,11,0.3039434552192688
1565119109.7067082,12,0.287016361951828
1565119117.3412535,13,0.2873883843421936
1565119124.805909,14,0.2686011791229248
1565119132.2802083,15,0.2864583432674408
1565119139.7677097,16,0.30859375
1565119147.2414083,17,0.3290550708770752
1565119154.6621091,18,0.288876473903656
1565119162.1529086,19,0.3190104067325592
1565119169.7788963,20,0.2959449291229248
1565119177.393786,21,0.296688973903656
1565119184.9649725,22,0.3257068395614624
1565119192.5825572,23,0.3253348171710968
1565119200.2074668,24,0.322358638048172
1565119207.676546,25,0.3117559552192688
1565119215.2896461,26,0.3385416567325592
1565119222.870117,27,0.3195684552192688
1565119230.2678483,28,0.3197544515132904
1565119237.7146368,29,0.351748526096344
1565119245.1336243,30,0.3138020932674408
1565119252.577471,31,0.3203125
1565119260.044289,32,0.3482142984867096
1565119267.4705548,33,0.314546138048172
1565119274.9443665,34,0.334077388048172
1565119282.3942003,35,0.3431919515132904
1565119289.7947688,36,0.3266369104385376
1565119297.3804018,37,0.3515625
1565119304.9754217,38,0.2992931604385376
1565119312.4366016,39,0.3415178656578064
1565119319.897158,40,0.3255208432674408
1565119327.5064209,41,0.3325892984867096
1565119335.0728753,42,0.3372395932674408
1565119342.6646698,43,0.3470982015132904
1565119350.2078187,44,0.339657723903656
1565119357.8006587,45,0.3154761791229248
1565119365.264026,46,0.3286830484867096
1565119372.832666,47,0.3208705484867096
1565119380.4766498,48,0.353608638048172
1565119388.1180756,49,0.3902529776096344
1565119395.7358716,50,0.339657723903656
1565119403.326401,51,0.3723958432674408
1565119410.9611921,52,0.3521205484867096
1565119418.4245744,53,0.3372395932674408
1565119426.0182807,54,0.3604910671710968
1565119433.5043275,55,0.3372395932674408
1565119440.996701,56,0.328125
1565119448.4518638,57,0.3578869104385376
1565119456.0541182,58,0.3549107015132904
1565119463.5607157,59,0.379092276096344
1565119471.0231135,60,0.3472842276096344
1565119478.466663,61,0.3430059552192688
1565119486.0669365,62,0.3599330484867096
1565119493.6648946,63,0.3569568395614624
1565119501.1520674,64,0.3822544515132904
1565119508.7258687,65,0.3681175708770752
1565119516.1775868,66,0.359375
1565119523.7705758,67,0.3802083432674408
1565119531.385018,68,0.3697916567325592
1565119539.0231853,69,0.345610111951828
1565119546.6097164,70,0.3837425708770752
1565119554.203897,71,0.3258928656578064
1565119561.7763016,72,0.3446800708770752
1565119569.2217824,73,0.3874627947807312
1565119576.665891,74,0.335751473903656
1565119584.1306756,75,0.3660714328289032
1565119591.6500094,76,0.3420758843421936
1565119599.224027,77,0.3666294515132904
1565119606.703947,78,0.3850446343421936
1565119614.2717865,79,0.3679315447807312
1565119621.8667164,80,0.3108258843421936
1565119629.3998914,81,0.3921130895614624
1565119636.8836687,82,0.3928571343421936
1565119644.349676,83,0.3656994104385376
1565119651.7668195,84,0.3889508843421936
1565119659.2599301,85,0.3876488208770752
1565119666.709005,86,0.3526785671710968
1565119674.327547,87,0.3504464328289032
1565119681.913332,88,0.3623511791229248
1565119689.4448936,89,0.3859747052192688
1565119697.0840895,90,0.3599330484867096
1565119704.7264686,91,0.4084821343421936
1565119712.2921903,92,0.3643973171710968
1565119719.7397106,93,0.3822544515132904
1565119727.264919,94,0.3939732015132904
1565119734.747588,95,0.3989955484867096
1565119742.2804165,96,0.417782723903656
1565119749.8153634,97,0.3796502947807312
1565119757.3721159,98,0.4291294515132904
1565119764.8291829,99,0.3976934552192688
1565119772.2841573,100,0.386904776096344
1565119779.7774038,101,0.3794642984867096
1565119787.2543385,102,0.3921130895614624
1565119794.8453825,103,0.3939732015132904
1565119802.3624625,104,0.3999255895614624
1565119809.7971222,105,0.404389888048172
1565119817.3982549,106,0.4053199291229248
1565119824.8889434,107,0.3913690447807312
1565119832.4198127,108,0.408296138048172
1565119840.0112007,109,0.3833705484867096
1565119847.4297705,110,0.386904776096344
1565119854.8885965,111,0.4058779776096344
1565119862.3481374,112,0.4010416567325592
1565119869.8158617,113,0.3656994104385376
1565119877.434838,114,0.3995535671710968
1565119885.0663743,115,0.4170386791229248
1565119892.5332954,116,0.384672611951828
1565119899.9695284,117,0.3921130895614624
1565119907.5515869,118,0.4123883843421936
1565119915.1392488,119,0.390625
1565119922.7261682,120,0.4196428656578064
1565119930.3145368,121,0.4309895932674408
1565119937.882162,122,0.4038318395614624
1565119945.3304472,123,0.4209449291229248
1565119952.7857125,124,0.4241071343421936
1565119960.3333724,125,0.3625372052192688
1565119967.7863042,126,0.431547611951828
1565119975.2261648,127,0.396577388048172
1565119982.6955063,128,0.3997395932674408
1565119990.1536753,129,0.4109002947807312
1565119997.7802038,130,0.40625
1565120005.2475357,131,0.4391741156578064
1565120012.8660529,132,0.3932291567325592
1565120020.3508399,133,0.4313616156578064
1565120027.8060884,134,0.3898809552192688
1565120035.3954823,135,0.4110863208770752
1565120042.9567893,136,0.4235491156578064
1565120050.416036,137,0.3913690447807312
1565120058.0056562,138,0.4095982015132904
1565120065.57219,139,0.439546138048172
1565120073.2060115,140,0.4188988208770752
1565120080.8391318,141,0.3841145932674408
1565120088.4424412,142,0.4254092276096344
1565120096.0564096,143,0.4215029776096344
1565120103.5355446,144,0.4107142984867096
1565120111.1137958,145,0.394717276096344
1565120118.5285368,146,0.4175967276096344
1565120125.9763591,147,0.39453125
1565120133.4415967,148,0.429873526096344
1565120140.9332936,149,0.4352678656578064
1565120148.361083,150,0.4410342276096344
1565120155.7941506,151,0.396391361951828
1565120163.2869396,152,0.3958333432674408
1565120170.741318,153,0.41796875
1565120178.3240058,154,0.4235491156578064
1565120185.9469428,155,0.396391361951828
1565120193.504125,156,0.4527529776096344
1565120200.9481127,157,0.3800223171710968
1565120208.556299,158,0.4423363208770752
1565120216.1686916,159,0.420014888048172
1565120223.6702561,160,0.4311755895614624
1565120231.1495585,161,0.4507068395614624
1565120238.6316135,162,0.4540550708770752
1565120246.211553,163,0.441592276096344
1565120253.6961355,164,0.4183407723903656
1565120261.3126316,165,0.437686026096344
1565120268.8333218,166,0.464657723903656
1565120276.3016992,167,0.4813988208770752
1565120283.7731817,168,0.4462425708770752
1565120291.2838771,169,0.4696800708770752
1565120298.8595042,170,0.452938973903656
1565120306.3286994,171,0.4644717276096344
1565120313.8517098,172,0.468563973903656
1565120321.305333,173,0.4293154776096344
1565120328.7462053,174,0.49609375
1565120336.2048476,175,0.4789806604385376
1565120343.6978328,176,0.4577752947807312
1565120351.1987643,177,0.4291294515132904
1565120358.6203518,178,0.4546130895614624
1565120366.0843496,179,0.4360119104385376
1565120373.5562072,180,0.4730282723903656
1565120381.1535761,181,0.4520089328289032
1565120388.7399611,182,0.4600074291229248
1565120396.3311055,183,0.4908854067325592
1565120403.795233,184,0.454985111951828
1565120411.3860435,185,0.480282723903656
1565120418.904508,186,0.4527529776096344
1565120426.319261,187,0.4613095223903656
1565120433.8815913,188,0.4672619104385376
1565120441.3628547,189,0.4430803656578064
1565120448.8500578,190,0.4322916567325592
1565120456.3710477,191,0.4613095223903656
1565120463.9013054,192,0.4613095223903656
1565120471.316597,193,0.4761904776096344
1565120478.8000479,194,0.468563973903656
1565120486.3661528,195,0.435453861951828
1565120493.8102808,196,0.4233630895614624
1565120501.2676442,197,0.447358638048172
1565120508.7265265,198,0.4789806604385376
1565120516.3728352,199,0.4800967276096344
