Wall time,Step,Value
1565118994.126482,0,0.2160416692495346
1565119001.1605487,1,0.2841666638851166
1565119008.1699913,2,0.3320833444595337
1565119015.122184,3,0.32229167222976685
1565119022.053025,4,0.33250001072883606
1565119029.001221,5,0.32208332419395447
1565119035.9521804,6,0.3322916626930237
1565119042.8718045,7,0.30270832777023315
1565119049.769631,8,0.37291666865348816
1565119056.614639,9,0.4270833432674408
1565119063.5354893,10,0.43541666865348816
1565119070.4324026,11,0.4235416650772095
1565119077.3826354,12,0.39770832657814026
1565119084.2948713,13,0.2627083361148834
1565119091.1806872,14,0.3958333432674408
1565119098.1047997,15,0.4456250071525574
1565119105.0499678,16,0.45520833134651184
1565119111.9731297,17,0.4529166519641876
1565119118.9311047,18,0.46541666984558105
1565119125.8686163,19,0.4724999964237213
1565119132.7771456,20,0.47208333015441895
1565119139.7082562,21,0.3997916579246521
1565119146.6510692,22,0.4281249940395355
1565119153.6062038,23,0.45895832777023315
1565119160.5551333,24,0.4220833480358124
1565119167.5133934,25,0.42770832777023315
1565119174.46026,26,0.4266666769981384
1565119181.4099343,27,0.43291667103767395
1565119188.3523812,28,0.43020832538604736
1565119195.296617,29,0.45270833373069763
1565119202.2417386,30,0.45625001192092896
1565119209.206795,31,0.4872916638851166
1565119216.1583416,32,0.4404166638851166
1565119223.097297,33,0.19187499582767487
1565119229.9624937,34,0.22729167342185974
1565119236.8805473,35,0.17645832896232605
1565119243.8284929,36,0.1991666704416275
1565119250.7815962,37,0.2043749988079071
1565119257.6874363,38,0.22624999284744263
1565119264.634375,39,0.21062499284744263
1565119271.5816367,40,0.21666666865348816
1565119278.5316734,41,0.2241666615009308
1565119285.4582381,42,0.1966666728258133
1565119292.344587,43,0.23416666686534882
1565119299.2965772,44,0.22562499344348907
1565119306.2503138,45,0.2227083295583725
1565119313.202571,46,0.2056249976158142
1565119320.1258667,47,0.23541666567325592
1565119327.0353189,48,0.21916666626930237
1565119333.9722555,49,0.21791666746139526
1565119340.8869226,50,0.2264583259820938
1565119347.7391336,51,0.2083333283662796
1565119354.6729836,52,0.22875000536441803
1565119361.6278238,53,0.21416667103767395
1565119368.577389,54,0.22062499821186066
1565119375.5249825,55,0.21291667222976685
1565119382.4672217,56,0.21895833313465118
1565119389.4077897,57,0.23416666686534882
1565119396.324146,58,0.2241666615009308
1565119403.2863286,59,0.22374999523162842
1565119410.2160094,60,0.2224999964237213
1565119417.1753159,61,0.22499999403953552
1565119424.1182654,62,0.2254166603088379
1565119431.0657032,63,0.22229166328907013
1565119438.020082,64,0.2162500023841858
1565119444.9767196,65,0.22687500715255737
1565119451.9370875,66,0.1850000023841858
1565119458.8897908,67,0.2150000035762787
1565119465.797601,68,0.2147916704416275
1565119472.7473378,69,0.2108333259820938
1565119479.6918232,70,0.2212499976158142
1565119486.5994434,71,0.2214583307504654
1565119493.5391786,72,0.22229166328907013
1565119500.48685,73,0.2004166692495346
1565119507.4254725,74,0.21562500298023224
1565119514.3700576,75,0.25312501192092896
1565119521.267938,76,0.21395833790302277
1565119528.1840632,77,0.20416666567325592
1565119535.0396707,78,0.234375
1565119541.9602668,79,0.22187499701976776
1565119548.938476,80,0.234375
1565119555.8789918,81,0.23208333551883698
1565119562.7899053,82,0.17000000178813934
1565119569.7038352,83,0.20937499403953552
1565119576.640898,84,0.22458332777023315
1565119583.5121915,85,0.1758333295583725
1565119590.4658928,86,0.24041666090488434
1565119597.4126475,87,0.22458332777023315
1565119604.3300219,88,0.2095833271741867
1565119611.24312,89,0.22208333015441895
1565119618.1282024,90,0.23416666686534882
1565119625.0617702,91,0.08291666954755783
1565119631.9115615,92,0.2306250035762787
1565119638.7670102,93,0.17104166746139526
1565119645.717584,94,0.17874999344348907
1565119652.6691532,95,0.2212499976158142
1565119659.5848444,96,0.1614583283662796
1565119666.4827044,97,0.2291666716337204
1565119673.4010818,98,0.1797916740179062
1565119680.3465438,99,0.2383333295583725
1565119687.2901614,100,0.24312500655651093
1565119694.1741319,101,0.19208332896232605
1565119701.0501494,102,0.2175000011920929
1565119707.9878614,103,0.2381249964237213
1565119714.870519,104,0.21020832657814026
1565119721.7995617,105,0.22291666269302368
1565119728.662258,106,0.22458332777023315
1565119735.5918994,107,0.24645833671092987
1565119742.5158083,108,0.20416666567325592
1565119749.419525,109,0.22187499701976776
1565119756.3778799,110,0.19729167222976685
1565119763.3179448,111,0.1393750011920929
1565119770.2706573,112,0.17416666448116302
1565119777.2074118,113,0.1537500023841858
1565119784.092861,114,0.1860416680574417
1565119791.0246458,115,0.2541666626930237
1565119797.9626603,116,0.23125000298023224
1565119804.8222148,117,0.2549999952316284
1565119811.766893,118,0.2614583373069763
1565119818.7170465,119,0.23145833611488342
1565119825.6057727,120,0.24520833790302277
1565119832.5549765,121,0.2356249988079071
1565119839.449007,122,0.19499999284744263
1565119846.392895,123,0.2631250023841858
1565119853.3154714,124,0.21187500655651093
1565119860.2641776,125,0.24416667222976685
1565119867.209006,126,0.1991666704416275
1565119874.1216547,127,0.20812499523162842
1565119881.0559225,128,0.23145833611488342
1565119887.9301744,129,0.22708334028720856
1565119894.8714666,130,0.2329166680574417
1565119901.7220304,131,0.2318750023841858
1565119908.60896,132,0.24270834028720856
1565119915.542602,133,0.2395833283662796
1565119922.417083,134,0.2958333194255829
1565119929.3764668,135,0.22875000536441803
1565119936.3083022,136,0.21770833432674408
1565119943.2080798,137,0.1993750035762787
1565119950.1708717,138,0.26124998927116394
1565119957.0909765,139,0.21416667103767395
1565119963.9349988,140,0.24166665971279144
1565119970.8626745,141,0.19458332657814026
1565119977.7940166,142,0.21687500178813934
1565119984.7537892,143,0.2202083319425583
1565119991.7087238,144,0.20083333551883698
1565119998.6743486,145,0.2241666615009308
1565120005.6247659,146,0.18916666507720947
1565120012.574557,147,0.23083333671092987
1565120019.5143747,148,0.18458333611488342
1565120026.4247499,149,0.2383333295583725
1565120033.3228114,150,0.23083333671092987
1565120040.2595618,151,0.21916666626930237
1565120047.2088048,152,0.20395833253860474
1565120054.1086714,153,0.23000000417232513
1565120060.9953134,154,0.21791666746139526
1565120067.919136,155,0.24687500298023224
1565120074.875997,156,0.2539583444595337
1565120081.84033,157,0.16083332896232605
1565120088.7938697,158,0.21062499284744263
1565120095.7291212,159,0.21958333253860474
1565120102.6551173,160,0.21895833313465118
1565120109.5966392,161,0.1991666704416275
1565120116.5471678,162,0.2564583420753479
1565120123.491371,163,0.29104167222976685
1565120130.4593875,164,0.25687500834465027
1565120137.3938165,165,0.2056249976158142
1565120144.3335109,166,0.28437501192092896
1565120151.254804,167,0.24062499403953552
1565120158.2010853,168,0.21041665971279144
1565120165.1456285,169,0.25333333015441895
1565120172.1037767,170,0.19625000655651093
1565120179.0255194,171,0.2133333384990692
1565120185.8984149,172,0.2629166543483734
1565120192.7643414,173,0.2110416740179062
1565120199.660703,174,0.28333333134651184
1565120206.607265,175,0.28979167342185974
1565120213.5382235,176,0.31458333134651184
1565120220.4658563,177,0.2279166728258133
1565120227.39604,178,0.3291666805744171
1565120234.262202,179,0.36375001072883606
1565120241.202337,180,0.31437501311302185
1565120248.1568942,181,0.1966666728258133
1565120255.103516,182,0.15145833790302277
1565120262.0521357,183,0.35083332657814026
1565120268.9977615,184,0.21979166567325592
1565120275.9519765,185,0.28187501430511475
1565120282.8603597,186,0.2706249952316284
1565120289.738394,187,0.15916666388511658
1565120296.671852,188,0.1485416740179062
1565120303.5464842,189,0.2097916603088379
1565120310.3900478,190,0.15166667103767395
1565120317.319165,191,0.08270833641290665
1565120324.2877903,192,0.22062499821186066
1565120331.2422733,193,0.22083333134651184
1565120338.1442034,194,0.1316666603088379
1565120345.0875542,195,0.17791666090488434
1565120351.9897234,196,0.23020833730697632
1565120358.938341,197,0.2135416716337204
1565120365.8893547,198,0.19187499582767487
1565120372.84412,199,0.17916665971279144
