Wall time,Step,Value
1565119014.4647822,0,0.18481360375881195
1565119021.9807625,1,0.1998903453350067
1565119029.4931371,2,0.26063597202301025
1565119037.1655512,3,0.23212718963623047
1565119044.8237252,4,0.3120613992214203
1565119052.4365568,5,0.29237937927246094
1565119059.8614874,6,0.24643640220165253
1565119067.4618397,7,0.2802083194255829
1565119074.986061,8,0.31595394015312195
1565119082.6705968,9,0.3384320139884949
1565119090.1308963,10,0.3149122893810272
1565119097.7738674,11,0.34610745310783386
1565119105.2975285,12,0.3382127285003662
1565119112.7654293,13,0.3851425349712372
1565119120.4540985,14,0.38503289222717285
1565119128.0774658,15,0.31562501192092896
1565119135.7692883,16,0.3858552575111389
1565119143.4565418,17,0.4330592155456543
1565119151.1263049,18,0.4097587764263153
1565119158.6338162,19,0.18393640220165253
1565119166.1201863,20,0.1867324560880661
1565119173.7805781,21,0.24221491813659668
1565119181.2927215,22,0.1985197365283966
1565119188.9623554,23,0.1813596487045288
1565119196.4880424,24,0.18349780142307281
1565119204.1347468,25,0.18569079041481018
1565119211.6538274,26,0.18952850997447968
1565119219.1753943,27,0.1921052634716034
1565119226.7967563,28,0.19046053290367126
1565119234.2769861,29,0.11814692616462708
1565119241.7786243,30,0.1377193033695221
1565119249.4573092,31,0.15712718665599823
1565119256.9095023,32,0.18832236528396606
1565119264.584388,33,0.11677631735801697
1565119272.2974858,34,0.08898026496171951
1565119279.8034844,35,0.12719298899173737
1565119287.4361618,36,0.21562500298023224
1565119294.9264884,37,0.18941885232925415
1565119302.4420273,38,0.162061408162117
1565119309.9722548,39,0.2873903512954712
1565119317.4972575,40,0.304550439119339
1565119324.9898515,41,0.2787829041481018
1565119332.4913602,42,0.2746162414550781
1565119340.1355095,43,0.2944627106189728
1565119347.699581,44,0.3155701756477356
1565119355.3702016,45,0.30416667461395264
1565119363.0408785,46,0.2847587764263153
1565119370.706315,47,0.3385416567325592
1565119378.2125528,48,0.34830042719841003
1565119385.8711963,49,0.22598683834075928
1565119393.5476148,50,0.3035087585449219
1565119401.0599859,51,0.1907346546649933
1565119408.7350638,52,0.3820175528526306
1565119416.2388124,53,0.31705042719841003
1565119423.896193,54,0.3177083432674408
1565119431.4178042,55,0.269024133682251
1565119438.9364405,56,0.3754386007785797
1565119446.438138,57,0.34890350699424744
1565119454.128796,58,0.29232457280158997
1565119461.7775137,59,0.3861842155456543
1565119469.425733,60,0.36463814973831177
1565119476.9458363,61,0.3621710538864136
1565119484.4508858,62,0.2972039580345154
1565119492.0741663,63,0.2409539520740509
1565119499.5852408,64,0.25559210777282715
1565119507.0950062,65,0.3600328862667084
1565119514.5957747,66,0.38366228342056274
1565119522.2234716,67,0.35729166865348816
1565119529.6935596,68,0.3973684310913086
1565119537.2672613,69,0.3328947424888611
1565119544.7816536,70,0.4045504331588745
1565119552.2916248,71,0.3950657844543457
1565119559.7496095,72,0.35564693808555603
1565119567.3792129,73,0.3583333194255829
1565119574.8759344,74,0.3831140398979187
1565119582.337936,75,0.3263157904148102
1565119589.994358,76,0.2739035189151764
1565119597.6857812,77,0.43316885828971863
1565119605.334824,78,0.33859649300575256
1565119612.806005,79,0.08826754242181778
1565119620.2999876,80,0.18349780142307281
1565119627.7731383,81,0.18004386126995087
1565119635.194916,82,0.1950109601020813
1565119642.6270363,83,0.2175438553094864
1565119650.2894628,84,0.2254934161901474
1565119657.7574315,85,0.16716009378433228
1565119665.2162724,86,0.22275219857692719
1565119672.8691392,87,0.19320175051689148
1565119680.398535,88,0.21167762577533722
1565119687.8708887,89,0.09243421256542206
1565119695.313888,90,0.1682017594575882
1565119702.9202964,91,0.2029605209827423
1565119710.5383255,92,0.2293311357498169
1565119718.2227561,93,0.22571271657943726
1565119725.6851037,94,0.2253289520740509
1565119733.3107147,95,0.2032894790172577
1565119740.8467796,96,0.17138157784938812
1565119748.265139,97,0.22697368264198303
1565119755.9255245,98,0.20789474248886108
1565119763.4277115,99,0.14243420958518982
1565119771.092654,100,0.2026863992214203
1565119778.5965018,101,0.19506579637527466
1565119786.2144299,102,0.25608551502227783
1565119793.8768654,103,0.16858552396297455
1565119801.4909406,104,0.19879385828971863
1565119809.1138105,105,0.2730811536312103
1565119816.655249,106,0.08651315420866013
1565119824.2649012,107,0.25970393419265747
1565119831.7779157,108,0.208936408162117
1565119839.3897045,109,0.2972039580345154
1565119846.9019847,110,0.24501097202301025
1565119854.382169,111,0.1487390398979187
1565119861.9162982,112,0.19396929442882538
1565119869.4109633,113,0.2251644730567932
1565119877.0548425,114,0.1769188642501831
1565119884.6951957,115,0.11162281036376953
1565119892.3156352,116,0.1057017520070076
1565119899.9131436,117,0.14358553290367126
1565119907.5126963,118,0.08448465168476105
1565119915.0276299,119,0.23464912176132202
1565119922.6095324,120,0.18421052396297455
1565119930.1290028,121,0.19320175051689148
1565119937.5814626,122,0.10701754689216614
1565119945.238674,123,0.25131580233573914
1565119952.7631972,124,0.23294955492019653
1565119960.2002618,125,0.2512609660625458
1565119967.6630497,126,0.24638158082962036
1565119975.3122993,127,0.25608551502227783
1565119982.8081603,128,0.20476973056793213
1565119990.4718904,129,0.2029605209827423
1565119997.995081,130,0.24166665971279144
1565120005.6531575,131,0.2682565748691559
1565120013.1550844,132,0.19435307383537292
1565120020.820307,133,0.24950657784938812
1565120028.2641072,134,0.2585526406764984
1565120035.9166222,135,0.25789472460746765
1565120043.5808868,136,0.23322369158267975
1565120051.0950232,137,0.28777411580085754
1565120058.6914005,138,0.23212718963623047
1565120066.1992967,139,0.26968201994895935
1565120073.6760576,140,0.2554824650287628
1565120081.1668248,141,0.23629385232925415
1565120088.8345838,142,0.2659539580345154
1565120096.481744,143,0.24369516968727112
1565120103.9846566,144,0.34824562072753906
1565120111.6483102,145,0.2763157784938812
1565120119.3481734,146,0.25762060284614563
1565120126.869059,147,0.2936951816082001
1565120134.5096118,148,0.23492324352264404
1565120142.0480325,149,0.29676535725593567
1565120149.6767716,150,0.3375000059604645
1565120157.360047,151,0.2754386067390442
1565120165.0450945,152,0.2936951816082001
1565120172.705542,153,0.3257127106189728
1565120180.3371,154,0.2906250059604645
1565120187.7340007,155,0.362774133682251
1565120195.3106558,156,0.3635416626930237
1565120202.8216238,157,0.21195174753665924
1565120210.4900136,158,0.14161184430122375
1565120217.9882495,159,0.308552622795105
1565120225.6481192,160,0.2426535040140152
1565120233.2100956,161,0.2002193033695221
1565120240.706511,162,0.3389802575111389
1565120248.192199,163,0.28360745310783386
1565120255.6997035,164,0.30279606580734253
1565120263.366302,165,0.36907893419265747
1565120271.0603504,166,0.41228070855140686
1565120278.7277205,167,0.35932016372680664
1565120286.1651773,168,0.38486841320991516
1565120293.6618843,169,0.26447367668151855
1565120301.1240213,170,0.20476973056793213
1565120308.6929145,171,0.32527410984039307
1565120316.3383973,172,0.12828947603702545
1565120323.8524528,173,0.18908990919589996
1565120331.5111847,174,0.09660087525844574
1565120339.1451025,175,0.08585526049137115
1565120346.8037972,176,0.08514254540205002
1565120354.4340014,177,0.1862938553094864
1565120361.9623253,178,0.09353069961071014
1565120369.6167493,179,0.08963815867900848
1565120377.1174433,180,0.10674341768026352
1565120384.680818,181,0.09106359630823135
1565120392.1308618,182,0.23629385232925415
1565120399.5282218,183,0.10082236677408218
1565120407.139223,184,0.20646929740905762
1565120414.7824278,185,0.13623903691768646
1565120422.4276087,186,0.181688591837883
1565120429.898329,187,0.10712718963623047
1565120437.4904697,188,0.10844298452138901
1565120444.900755,189,0.11260964721441269
1565120452.337842,190,0.15148025751113892
1565120459.916811,191,0.20263157784938812
1565120467.5423715,192,0.19956140220165253
1565120475.1465302,193,0.16551534831523895
1565120482.7510815,194,0.14841008186340332
1565120490.2147443,195,0.21239034831523895
1565120497.8087275,196,0.22417762875556946
1565120505.2126098,197,0.2553727924823761
1565120512.6469967,198,0.2106359601020813
1565120520.252502,199,0.2487938553094864
