Wall time,Step,Value
1565118986.934019,0,0.21692708134651184
1565118993.6320455,1,0.22890624403953552
1565119000.334972,2,0.2174479216337204
1565119007.0452688,3,0.2770833373069763
1565119013.7550066,4,0.3151041567325592
1565119020.4528432,5,0.21458333730697632
1565119027.1709914,6,0.18203124403953552
1565119033.876616,7,0.22864583134651184
1565119040.6273296,8,0.2888020873069763
1565119047.3478055,9,0.21250000596046448
1565119054.0750911,10,0.3674479126930237
1565119060.8194811,11,0.4273437559604645
1565119067.5394793,12,0.39401042461395264
1565119074.2329938,13,0.36380207538604736
1565119081.0847144,14,0.37161457538604736
1565119087.8289785,15,0.38098958134651184
1565119094.554209,16,0.46276041865348816
1565119101.2913485,17,0.43020832538604736
1565119108.031418,18,0.46015626192092896
1565119114.7810154,19,0.48828125
1565119121.5023732,20,0.06796874850988388
1565119128.247474,21,0.12473957985639572
1565119134.990681,22,0.16432291269302368
1565119141.6931057,23,0.12786458432674408
1565119148.3997707,24,0.2278645783662796
1565119155.0993352,25,0.19921875
1565119161.8172104,26,0.22994790971279144
1565119168.5189846,27,0.12526041269302368
1565119175.2473056,28,0.18463541567325592
1565119182.0073433,29,0.2580729126930237
1565119188.7307408,30,0.19062499701976776
1565119195.4467018,31,0.22760416567325592
1565119202.148949,32,0.22578124701976776
1565119208.8965085,33,0.16458334028720856
1565119215.6060812,34,0.2526041567325592
1565119222.3308756,35,0.09973958134651184
1565119229.0349228,36,0.24635416269302368
1565119235.7424054,37,0.2447916716337204
1565119242.4868994,38,0.25442707538604736
1565119249.2061565,39,0.28307291865348816
1565119255.9281895,40,0.20755209028720856
1565119262.6684022,41,0.3177083432674408
1565119269.4240975,42,0.29218751192092896
1565119276.1685054,43,0.2588541805744171
1565119282.903135,44,0.2122395783662796
1565119289.620189,45,0.3044270873069763
1565119296.340066,46,0.30416667461395264
1565119303.0942051,47,0.42005208134651184
1565119309.825635,48,0.37968748807907104
1565119316.5699196,49,0.3479166626930237
1565119323.2957282,50,0.30286458134651184
1565119330.0193286,51,0.31302082538604736
1565119336.736636,52,0.42109376192092896
1565119343.4457603,53,0.37968748807907104
1565119350.2028255,54,0.3111979067325592
1565119356.941426,55,0.4286458194255829
1565119363.6806839,56,0.3101562559604645
1565119370.4194305,57,0.4260416626930237
1565119377.1494458,58,0.28046876192092896
1565119383.907212,59,0.2536458373069763
1565119390.6358497,60,0.3096354305744171
1565119397.401275,61,0.2747395932674408
1565119404.0991662,62,0.3179687559604645
1565119410.8158867,63,0.328125
1565119417.546477,64,0.45260417461395264
1565119424.2934163,65,0.3893229067325592
1565119431.0202265,66,0.4598958194255829
1565119437.7181008,67,0.4401041567325592
1565119444.4657245,68,0.4736979305744171
1565119451.1775403,69,0.4856770932674408
1565119457.8921196,70,0.40312498807907104
1565119464.62073,71,0.4195312559604645
1565119471.3524265,72,0.28515625
1565119478.0662138,73,0.5059896111488342
1565119484.7923226,74,0.4859375059604645
1565119491.4922924,75,0.4052083194255829
1565119498.2363753,76,0.4973958432674408
1565119504.9788918,77,0.0494791679084301
1565119511.6893837,78,0.0716145858168602
1565119518.4388375,79,0.07109375298023224
1565119525.1822972,80,0.09479166567325592
1565119531.9121695,81,0.06979166716337204
1565119538.6585872,82,0.25833332538604736
1565119545.3631256,83,0.1940104216337204
1565119552.1016693,84,0.23593750596046448
1565119558.8342278,85,0.19817708432674408
1565119565.5461712,86,0.24401041865348816
1565119572.255501,87,0.21666666865348816
1565119578.972246,88,0.21015624701976776
1565119585.6978164,89,0.21041665971279144
1565119592.4217792,90,0.23255208134651184
1565119599.1584017,91,0.23411458730697632
1565119605.8599417,92,0.07083333283662796
1565119612.5889273,93,0.18072916567325592
1565119619.3588083,94,0.21041665971279144
1565119626.0905998,95,0.17083333432674408
1565119632.849513,96,0.24583333730697632
1565119639.6072626,97,0.18203124403953552
1565119646.3633792,98,0.17890624701976776
1565119653.1031485,99,0.2122395783662796
1565119659.8187883,100,0.18645833432674408
1565119666.561537,101,0.18437500298023224
1565119673.2708123,102,0.24843749403953552
1565119679.9984457,103,0.2421875
1565119686.738559,104,0.18723958730697632
1565119693.4599588,105,0.2109375
1565119700.192608,106,0.20104166865348816
1565119706.9035382,107,0.21979166567325592
1565119713.599951,108,0.22630208730697632
1565119720.3391895,109,0.24817708134651184
1565119727.0636823,110,0.25078123807907104
1565119733.7939177,111,0.1953125
1565119740.5121043,112,0.19479165971279144
1565119747.277754,113,0.18255208432674408
1565119753.9867096,114,0.2536458373069763
1565119760.6862915,115,0.22812500596046448
1565119767.3982573,116,0.26249998807907104
1565119774.1498263,117,0.23593750596046448
1565119780.8769217,118,0.22552083432674408
1565119787.6060872,119,0.19713541865348816
1565119794.363104,120,0.22421875596046448
1565119801.096511,121,0.19843749701976776
1565119807.8256314,122,0.24895833432674408
1565119814.5619853,123,0.22239583730697632
1565119821.3333228,124,0.2526041567325592
1565119828.0885382,125,0.07734374701976776
1565119834.8242335,126,0.23515625298023224
1565119841.567575,127,0.24973958730697632
1565119848.2799325,128,0.20911458134651184
1565119855.0141346,129,0.22994790971279144
1565119861.7487402,130,0.22317709028720856
1565119868.4824064,131,0.2421875
1565119875.205007,132,0.24010416865348816
1565119881.9301496,133,0.08359374850988388
1565119888.6677523,134,0.109375
1565119895.3849483,135,0.21510416269302368
1565119902.1163661,136,0.07265625149011612
1565119908.8281074,137,0.06744791567325592
1565119915.5712059,138,0.22213540971279144
1565119922.3283978,139,0.06979166716337204
1565119929.0512152,140,0.2802083194255829
1565119935.7692049,141,0.0611979179084301
1565119942.511335,142,0.18255208432674408
1565119949.2274742,143,0.07994791865348816
1565119955.9311762,144,0.2200520783662796
1565119962.6608965,145,0.07968749850988388
1565119969.4122121,146,0.24322916567325592
1565119976.1671307,147,0.17890624701976776
1565119982.903393,148,0.06614582985639572
1565119989.6200974,149,0.23984375596046448
1565119996.3713582,150,0.2057291716337204
1565120003.0752091,151,0.25182291865348816
1565120009.8063147,152,0.1796875
1565120016.5620186,153,0.22265625
1565120023.2788887,154,0.09270833432674408
1565120030.0177274,155,0.22421875596046448
1565120036.7452424,156,0.06432291865348816
1565120043.5031548,157,0.09713541716337204
1565120050.2303958,158,0.15598958730697632
1565120056.9712117,159,0.15833333134651184
1565120063.6702938,160,0.21380208432674408
1565120070.379174,161,0.1067708358168602
1565120077.0810704,162,0.10859374701976776
1565120083.7796009,163,0.24166665971279144
1565120090.4746406,164,0.1744791716337204
1565120097.2125325,165,0.21197916567325592
1565120103.9758646,166,0.24114583432674408
1565120110.7126749,167,0.22552083432674408
1565120117.45154,168,0.18125000596046448
1565120124.2010984,169,0.2005208283662796
1565120130.9585927,170,0.19296875596046448
1565120137.7123384,171,0.07057292014360428
1565120144.4188924,172,0.05885416641831398
1565120151.1733255,173,0.12838540971279144
1565120157.900838,174,0.14270833134651184
1565120164.6013193,175,0.2536458373069763
1565120171.3311234,176,0.19765624403953552
1565120178.0668986,177,0.13671875
1565120184.7971482,178,0.22265625
1565120191.521365,179,0.2395833283662796
1565120198.2422328,180,0.2096354216337204
1565120204.9863489,181,0.18932291865348816
1565120211.7010653,182,0.16328124701976776
1565120218.440924,183,0.12473957985639572
1565120225.1741583,184,0.1302083283662796
1565120231.882537,185,0.15130208432674408
1565120238.5906696,186,0.24609375
1565120245.3394399,187,0.22682291269302368
1565120252.0749516,188,0.2736979126930237
1565120258.8345482,189,0.15572915971279144
1565120265.5518246,190,0.25442707538604736
1565120272.2872736,191,0.2578125
1565120279.0455678,192,0.18151041865348816
1565120285.7914078,193,0.14791665971279144
1565120292.5179975,194,0.18359375
1565120299.2432563,195,0.24192708730697632
1565120305.980338,196,0.22031250596046448
1565120312.7231793,197,0.16197916865348816
1565120319.4698958,198,0.1497395783662796
1565120326.2316778,199,0.21432290971279144
