Wall time,Step,Value
1565119019.4858387,0,0.3389423191547394
1565119026.6633034,1,0.36618590354919434
1565119033.7864,2,0.2972756326198578
1565119040.9215796,3,0.40785256028175354
1565119048.1222444,4,0.20192307233810425
1565119055.2923365,5,0.18189102411270142
1565119062.494986,6,0.31410256028175354
1565119069.6487706,7,0.34375
1565119076.8024585,8,0.2740384638309479
1565119084.0030806,9,0.26362180709838867
1565119091.1921186,10,0.25881409645080566
1565119098.3913403,11,0.33173078298568726
1565119105.5272324,12,0.32612180709838867
1565119112.7428453,13,0.3774038553237915
1565119119.9224045,14,0.3197115361690521
1565119127.098218,15,0.38942307233810425
1565119134.30768,16,0.3277243673801422
1565119141.5370464,17,0.32371795177459717
1565119148.696314,18,0.37660256028175354
1565119155.9028263,19,0.3100961446762085
1565119163.0384004,20,0.35737180709838867
1565119170.248595,21,0.4118589758872986
1565119177.389496,22,0.4302884638309479
1565119184.5829105,23,0.39503204822540283
1565119191.75882,24,0.3806089758872986
1565119198.9346032,25,0.4407051205635071
1565119206.139808,26,0.41987180709838867
1565119213.3428187,27,0.36057692766189575
1565119220.4726026,28,0.3309294879436493
1565119227.6441581,29,0.45673078298568726
1565119234.8501296,30,0.3934294879436493
1565119242.0470262,31,0.4246794879436493
1565119249.2299895,32,0.4086538553237915
1565119256.4356887,33,0.4014423191547394
1565119263.598159,34,0.42067307233810425
1565119270.8082542,35,0.4535256326198578
1565119278.0155952,36,0.45993590354919434
1565119285.1743817,37,0.4270833432674408
1565119292.326151,38,0.4479166567325592
1565119299.468837,39,0.43669870495796204
1565119306.6236358,40,0.47836539149284363
1565119313.8257492,41,0.4014423191547394
1565119321.0282857,42,0.4839743673801422
1565119328.1908474,43,0.4639423191547394
1565119335.3563328,44,0.46875
1565119342.5209816,45,0.43669870495796204
1565119349.6582355,46,0.48557692766189575
1565119356.8393288,47,0.45673078298568726
1565119364.0538445,48,0.4134615361690521
1565119371.256893,49,0.47275641560554504
1565119378.3591058,50,0.46474358439445496
1565119385.531575,51,0.43589743971824646
1565119392.7606626,52,0.5104166865348816
1565119399.9727333,53,0.46474358439445496
1565119407.1619654,54,0.4735576808452606
1565119414.36425,55,0.43349358439445496
1565119421.5913274,56,0.3782051205635071
1565119428.7926648,57,0.3309294879436493
1565119435.9826224,58,0.4006410241127014
1565119443.1086695,59,0.43349358439445496
1565119450.2292132,60,0.4559294879436493
1565119457.420937,61,0.4030448794364929
1565119464.5300758,62,0.4719551205635071
1565119471.6782618,63,0.42387819290161133
1565119478.8768694,64,0.45512819290161133
1565119486.0813766,65,0.48317307233810425
1565119493.277268,66,0.45753204822540283
1565119500.4755244,67,0.4342948794364929
1565119507.67546,68,0.46474358439445496
1565119514.8241653,69,0.47275641560554504
1565119522.0489085,70,0.35817307233810425
1565119529.2531004,71,0.44871795177459717
1565119536.4049342,72,0.4767628312110901
1565119543.593742,73,0.49839743971824646
1565119550.7612164,74,0.4559294879436493
1565119557.9386797,75,0.4535256326198578
1565119565.1005015,76,0.48557692766189575
1565119572.2525153,77,0.5224359035491943
1565119579.4657,78,0.47756409645080566
1565119586.6680903,79,0.47996795177459717
1565119593.8712678,80,0.4110576808452606
1565119601.0747106,81,0.4927884638309479
1565119608.2895935,82,0.4711538553237915
1565119615.516742,83,0.4927884638309479
1565119622.729636,84,0.44391027092933655
1565119629.937091,85,0.4719551205635071
1565119637.1511056,86,0.5176281929016113
1565119644.2679474,87,0.44871795177459717
1565119651.4502397,88,0.5024038553237915
1565119658.6533606,89,0.46474358439445496
1565119665.801295,90,0.5176281929016113
1565119672.9483504,91,0.4719551205635071
1565119680.0950816,92,0.4631410241127014
1565119687.281953,93,0.44951921701431274
1565119694.4339848,94,0.48557692766189575
1565119701.5976653,95,0.5112179517745972
1565119708.7529802,96,0.47516027092933655
1565119715.876828,97,0.5216346383094788
1565119723.0681584,98,0.5112179517745972
1565119730.3584158,99,0.5096153616905212
1565119737.5533378,100,0.48557692766189575
1565119744.7753456,101,0.5216346383094788
1565119751.96662,102,0.4919871687889099
1565119759.1234426,103,0.5448718070983887
1565119766.248552,104,0.4847756326198578
1565119773.438461,105,0.49599358439445496
1565119780.6500478,106,0.5152243375778198
1565119787.7944112,107,0.48798078298568726
1565119794.9785895,108,0.5184294581413269
1565119802.1659465,109,0.5272436141967773
1565119809.3309171,110,0.5144230723381042
1565119816.5027487,111,0.4743589758872986
1565119823.7232964,112,0.5256410241127014
1565119830.9534607,113,0.47996795177459717
1565119838.15535,114,0.41266027092933655
1565119845.3614948,115,0.49839743971824646
1565119852.5882478,116,0.4951923191547394
1565119859.7782075,117,0.49919870495796204
1565119867.0152533,118,0.5432692170143127
1565119874.1974375,119,0.45432692766189575
1565119881.3873434,120,0.4767628312110901
1565119888.5821126,121,0.5440705418586731
1565119895.7255073,122,0.4919871687889099
1565119902.890741,123,0.5
1565119910.0603213,124,0.4110576808452606
1565119917.261148,125,0.46875
1565119924.4883864,126,0.5080128312110901
1565119931.6662195,127,0.47516027092933655
1565119938.9047081,128,0.47996795177459717
1565119946.096239,129,0.5416666865348816
1565119953.3122752,130,0.49599358439445496
1565119960.4673705,131,0.5352563858032227
1565119967.641407,132,0.49118590354919434
1565119974.8555193,133,0.536057710647583
1565119982.041654,134,0.48798078298568726
1565119989.2423236,135,0.5681089758872986
1565119996.433212,136,0.5504807829856873
1565120003.6105824,137,0.48878204822540283
1565120010.7621772,138,0.4847756326198578
1565120017.8949847,139,0.41826921701431274
1565120025.0884492,140,0.4871794879436493
1565120032.2186904,141,0.4767628312110901
1565120039.4164453,142,0.5016025900840759
1565120046.6307018,143,0.48557692766189575
1565120053.8558247,144,0.536057710647583
1565120061.0909631,145,0.5528846383094788
1565120068.250851,146,0.5160256624221802
1565120075.4352176,147,0.30849358439445496
1565120082.608497,148,0.4342948794364929
1565120089.836087,149,0.49599358439445496
1565120097.0150924,150,0.5232371687889099
1565120104.163456,151,0.5064102411270142
1565120111.3588574,152,0.49358972907066345
1565120118.5140734,153,0.5368589758872986
1565120125.7104676,154,0.5176281929016113
1565120132.9104476,155,0.5144230723381042
1565120140.0839834,156,0.48237180709838867
1565120147.2687414,157,0.5665063858032227
1565120154.4202948,158,0.5368589758872986
1565120161.5811026,159,0.5064102411270142
1565120168.7878702,160,0.5056089758872986
1565120175.9692614,161,0.5232371687889099
1565120183.1752908,162,0.49358972907066345
1565120190.332409,163,0.5144230723381042
1565120197.5220618,164,0.5520833134651184
1565120204.7464218,165,0.5112179517745972
1565120211.9151154,166,0.5152243375778198
1565120219.1180072,167,0.5713140964508057
1565120226.2729828,168,0.5584936141967773
1565120233.3966937,169,0.45512819290161133
1565120240.563068,170,0.4350961446762085
1565120247.7269206,171,0.4967948794364929
1565120254.8748965,172,0.4607371687889099
1565120262.0476725,173,0.5088140964508057
1565120269.2505758,174,0.5616987347602844
1565120276.4384878,175,0.5224359035491943
1565120283.550834,176,0.46474358439445496
1565120290.708177,177,0.5608974099159241
1565120297.924171,178,0.5064102411270142
1565120305.097596,179,0.5657051205635071
1565120312.2277315,180,0.5128205418586731
1565120319.3685896,181,0.5649038553237915
1565120326.5623198,182,0.5376602411270142
1565120333.7361765,183,0.5464743375778198
1565120340.8626945,184,0.49599358439445496
1565120348.0579681,185,0.5432692170143127
1565120355.3129103,186,0.5120192170143127
1565120362.5596142,187,0.5729166865348816
1565120369.7631016,188,0.5376602411270142
1565120377.0004377,189,0.5232371687889099
1565120384.184444,190,0.44150641560554504
1565120391.3331308,191,0.43910256028175354
1565120398.5131063,192,0.5120192170143127
1565120405.7532268,193,0.5128205418586731
1565120412.9301124,194,0.536057710647583
1565120420.1719885,195,0.4919871687889099
1565120427.4212167,196,0.41746795177459717
1565120434.6528451,197,0.4190705120563507
1565120441.799166,198,0.48798078298568726
1565120448.937436,199,0.32451921701431274
