Wall time,Step,Value
1565119026.728164,0,0.1895265132188797
1565119033.8081164,1,0.2478787899017334
1565119040.8522048,2,0.30619317293167114
1565119047.8380206,3,0.32153409719467163
1565119054.8658252,4,0.2840341031551361
1565119061.8810842,5,0.30801135301589966
1565119068.9477804,6,0.3145075738430023
1565119076.0426846,7,0.352253794670105
1565119083.0840771,8,0.32672348618507385
1565119090.1245596,9,0.4022158980369568
1565119097.21737,10,0.409526526927948
1565119104.2867937,11,0.3428787887096405
1565119111.3671124,12,0.21089014410972595
1565119118.4459896,13,0.0926893949508667
1565119125.527306,14,0.11011363565921783
1565119132.569766,15,0.06873106211423874
1565119139.6542196,16,0.11376894265413284
1565119146.7258825,17,0.22596590220928192
1565119153.7580874,18,0.10856060683727264
1565119160.8560863,19,0.10700757801532745
1565119167.9465935,20,0.1629924178123474
1565119175.007592,21,0.10623106360435486
1565119182.0652833,22,0.0674242451786995
1565119189.1350353,23,0.12784090638160706
1565119196.2314174,24,0.11534091085195541
1565119203.3042943,25,0.19865530729293823
1565119210.3769798,26,0.22312499582767487
1565119217.4321246,27,0.17026515305042267
1565119224.469139,28,0.20825757086277008
1565119231.468403,29,0.19941288232803345
1565119238.5438602,30,0.18979166448116302
1565119245.5318773,31,0.1656060665845871
1565119252.5764914,32,0.2014962136745453
1565119259.6356158,33,0.16429924964904785
1565119266.67609,34,0.19475378096103668
1565119273.7445934,35,0.09007576107978821
1565119280.8170867,36,0.09007576107978821
1565119287.8383026,37,0.196553036570549
1565119294.852939,38,0.22079545259475708
1565119301.9038894,39,0.14501893520355225
1565119308.999563,40,0.18356060981750488
1565119316.037605,41,0.1819886416196823
1565119323.1014607,42,0.2257007509469986
1565119330.174489,43,0.18611742556095123
1565119337.221438,44,0.09007576107978821
1565119344.2762506,45,0.20984847843647003
1565119351.333666,46,0.18458333611488342
1565119358.393607,47,0.2452840954065323
1565119365.4870296,48,0.18274621665477753
1565119372.550285,49,0.2233712077140808
1565119379.6558068,50,0.21062499284744263
1565119386.7366326,51,0.159337118268013
1565119393.8042316,52,0.15517045557498932
1565119400.8855898,53,0.2014962136745453
1565119408.0072198,54,0.10231060534715652
1565119415.0960686,55,0.18301136791706085
1565119422.1943464,56,0.22310605645179749
1565119429.2402966,57,0.06873106211423874
1565119436.3431308,58,0.09111742675304413
1565119443.4291842,59,0.08774621039628983
1565119450.5089173,60,0.08929923921823502
1565119457.5900292,61,0.1999431848526001
1565119464.6920779,62,0.09060606360435486
1565119471.7826877,63,0.21607954800128937
1565119478.840095,64,0.08852272480726242
1565119485.8791158,65,0.13096590340137482
1565119492.9445593,66,0.0864204540848732
1565119500.017505,67,0.10596591234207153
1565119507.0897963,68,0.12132576107978821
1565119514.12921,69,0.1299242377281189
1565119521.2039628,70,0.16950757801532745
1565119528.284223,71,0.0908522754907608
1565119535.369093,72,0.09685605764389038
1565119542.436212,73,0.17104166746139526
1565119549.5141654,74,0.0908522754907608
1565119556.6033368,75,0.17624999582767487
1565119563.6318896,76,0.22806818783283234
1565119570.697029,77,0.21428030729293823
1565119577.7572827,78,0.19160984456539154
1565119584.826806,79,0.2207765132188797
1565119591.875908,80,0.20749999582767487
1565119598.9112208,81,0.19759470224380493
1565119605.9939544,82,0.2512499988079071
1565119613.0700688,83,0.1903030276298523
1565119620.1480653,84,0.227803036570549
1565119627.2323058,85,0.2931439280509949
1565119634.3111057,86,0.221837118268013
1565119641.374426,87,0.07106060534715652
1565119648.3968143,88,0.31554925441741943
1565119655.4622288,89,0.16013257205486298
1565119662.551198,90,0.21062499284744263
1565119669.6189816,91,0.3092992305755615
1565119676.713378,92,0.29992425441741943
1565119683.7425823,93,0.1928977221250534
1565119690.7342727,94,0.1846022754907608
1565119697.8241735,95,0.28611743450164795
1565119704.9299855,96,0.2889772653579712
1565119711.990198,97,0.28429925441741943
1565119719.0362158,98,0.20382575690746307
1565119726.1152773,99,0.2858522832393646
1565119733.191321,100,0.09007576107978821
1565119740.2385015,101,0.10804924368858337
1565119747.260081,102,0.13460227847099304
1565119754.2964325,103,0.23325757682323456
1565119761.3349452,104,0.10856060683727264
1565119768.4160273,105,0.17287878692150116
1565119775.4654593,106,0.1083143949508667
1565119782.5612338,107,0.20984847843647003
1565119789.6379626,108,0.20490530133247375
1565119796.7286096,109,0.13825757801532745
1565119803.8251226,110,0.16948863863945007
1565119810.8759327,111,0.11558712273836136
1565119817.9607387,112,0.10623106360435486
1565119825.051106,113,0.09007576107978821
1565119832.0750124,114,0.21867424249649048
1565119839.1394033,115,0.21611742675304413
1565119846.1777725,116,0.0908522754907608
1565119853.2454169,117,0.11714015156030655
1565119860.29517,118,0.21948863565921783
1565119867.386814,119,0.22024621069431305
1565119874.4583662,120,0.18380682170391083
1565119881.55212,121,0.11403409391641617
1565119888.5940828,122,0.12678030133247375
1565119895.6569693,123,0.11454545706510544
1565119902.717123,124,0.09007576107978821
1565119909.800142,125,0.0934659093618393
1565119916.8856783,126,0.09215909242630005
1565119923.9213212,127,0.1921212077140808
1565119930.9947734,128,0.09734848141670227
1565119938.0279121,129,0.18119318783283234
1565119945.0484402,130,0.25929924845695496
1565119952.144445,131,0.12600378692150116
1565119959.1674054,132,0.24916666746139526
1565119966.2273374,133,0.24185605347156525
1565119973.29299,134,0.2129545509815216
1565119980.3633354,135,0.22363635897636414
1565119987.4053726,136,0.18589015305042267
1565119994.5062747,137,0.1853787899017334
1565120001.5761735,138,0.18589015305042267
1565120008.6828618,139,0.17806817591190338
1565120015.7864816,140,0.21714015305042267
1565120022.8546355,141,0.09034091234207153
1565120029.9206767,142,0.3176325857639313
1565120036.9696634,143,0.28092801570892334
1565120044.0063505,144,0.28535985946655273
1565120051.0896852,145,0.30799242854118347
1565120058.166638,146,0.36134469509124756
1565120065.2093976,147,0.19187499582767487
1565120072.296079,148,0.3204924166202545
1565120079.3975437,149,0.06950757652521133
1565120086.4657898,150,0.08643939346075058
1565120093.5402718,151,0.2043749988079071
1565120100.6406577,152,0.16219696402549744
1565120107.7175674,153,0.18850378692150116
1565120114.7332294,154,0.1827651560306549
1565120121.77966,155,0.19941288232803345
1565120128.8295243,156,0.17000000178813934
1565120135.8983562,157,0.13825757801532745
1565120142.9721303,158,0.25488635897636414
1565120150.011881,159,0.15829545259475708
1565120157.0548506,160,0.20490530133247375
1565120164.1627426,161,0.18899621069431305
1565120171.200425,162,0.1616666615009308
1565120178.2893138,163,0.19265151023864746
1565120185.386703,164,0.1931818127632141
1565120192.4310763,165,0.18562500178813934
1565120199.4745398,166,0.18513257801532745
1565120206.5698292,167,0.22543559968471527
1565120213.6604462,168,0.21871212124824524
1565120220.7347143,169,0.3160795569419861
1565120227.7852557,170,0.2118939459323883
1565120234.8616674,171,0.22128787636756897
1565120241.9230292,172,0.2587878704071045
1565120248.975697,173,0.36318182945251465
1565120256.0394058,174,0.282992422580719
1565120263.1589007,175,0.261401504278183
1565120270.2390118,176,0.3272537887096405
1565120277.3099828,177,0.260606050491333
1565120284.3478353,178,0.21009469032287598
1565120291.416306,179,0.37204545736312866
1565120298.4767928,180,0.10649621486663818
1565120305.5512438,181,0.16297347843647003
1565120312.5817416,182,0.17287878692150116
1565120319.598019,183,0.23742423951625824
1565120326.6338387,184,0.21089014410972595
1565120333.663291,185,0.23535984754562378
1565120340.7340512,186,0.22727273404598236
1565120347.8055143,187,0.3020075857639313
1565120354.8565836,188,0.21009469032287598
1565120361.8912528,189,0.19187499582767487
1565120368.9918077,190,0.2850947082042694
1565120376.0686548,191,0.11456439644098282
1565120383.1311865,192,0.22312499582767487
1565120390.1450186,193,0.28195077180862427
1565120397.2226639,194,0.3059280216693878
1565120404.3011367,195,0.16246211528778076
1565120411.3554795,196,0.25488635897636414
1565120418.4566255,197,0.181723490357399
1565120425.4687166,198,0.2775189280509949
1565120432.5106308,199,0.32412877678871155
