Wall time,Step,Value
1565119024.0388508,0,0.3454861044883728
1565119031.224981,1,0.2708333432674408
1565119038.4034731,2,0.2552083432674408
1565119045.5515459,3,0.3090277910232544
1565119052.725606,4,0.296875
1565119059.9236724,5,0.2734375
1565119067.0949092,6,0.2005208283662796
1565119074.2565634,7,0.3307291567325592
1565119081.4353821,8,0.3151041567325592
1565119088.6278615,9,0.3289930522441864
1565119095.815861,10,0.2664930522441864
1565119102.982924,11,0.2439236044883728
1565119110.1653922,12,0.2864583432674408
1565119117.2858462,13,0.3680555522441864
1565119124.4478586,14,0.3628472089767456
1565119131.62221,15,0.3967013955116272
1565119138.801931,16,0.3923611044883728
1565119145.9587204,17,0.4157986044883728
1565119153.1081185,18,0.3862847089767456
1565119160.3109262,19,0.4140625
1565119167.4313283,20,0.4131944477558136
1565119174.6410918,21,0.3984375
1565119181.8335545,22,0.3064236044883728
1565119189.0086923,23,0.3949652910232544
1565119196.1807702,24,0.3524305522441864
1565119203.3409114,25,0.4539930522441864
1565119210.5203464,26,0.3715277910232544
1565119217.6940892,27,0.4088541567325592
1565119224.8847845,28,0.4340277910232544
1565119232.0697138,29,0.4626736044883728
1565119239.19096,30,0.4114583432674408
1565119246.311806,31,0.4722222089767456
1565119253.4463162,32,0.1657986044883728
1565119260.607783,33,0.0746527761220932
1565119267.7751153,34,0.3116319477558136
1565119274.9707325,35,0.2248263955116272
1565119282.165279,36,0.2404513955116272
1565119289.3007836,37,0.2404513955116272
1565119296.4498448,38,0.3038194477558136
1565119303.5823493,39,0.2612847089767456
1565119310.7900214,40,0.3368055522441864
1565119317.9914014,41,0.1875
1565119325.1598244,42,0.2708333432674408
1565119332.3337002,43,0.2170138955116272
1565119339.4904082,44,0.2248263955116272
1565119346.6804836,45,0.2534722089767456
1565119353.7977636,46,0.1067708358168602
1565119360.924438,47,0.1736111044883728
1565119368.0580816,48,0.2586805522441864
1565119375.2290497,49,0.2586805522441864
1565119382.3699727,50,0.0972222238779068
1565119389.5019455,51,0.1831597238779068
1565119396.6210334,52,0.2048611044883728
1565119403.740847,53,0.1536458283662796
1565119410.9331968,54,0.2282986044883728
1565119418.0528781,55,0.2361111044883728
1565119425.1903908,56,0.2265625
1565119432.3106513,57,0.2734375
1565119439.4465125,58,0.2743055522441864
1565119446.6234708,59,0.2430555522441864
1565119453.7770553,60,0.3272569477558136
1565119460.9237788,61,0.3402777910232544
1565119468.0927694,62,0.3107638955116272
1565119475.2631822,63,0.3038194477558136
1565119482.4151487,64,0.3263888955116272
1565119489.5154064,65,0.3463541567325592
1565119496.664679,66,0.3211805522441864
1565119503.8606877,67,0.2057291716337204
1565119510.9846404,68,0.1119791641831398
1565119518.119328,69,0.1857638955116272
1565119525.2907662,70,0.2465277761220932
1565119532.4189277,71,0.2100694477558136
1565119539.5911272,72,0.2638888955116272
1565119546.7190793,73,0.2942708432674408
1565119553.8618722,74,0.3090277910232544
1565119561.0582495,75,0.3446180522441864
1565119568.1970525,76,0.3107638955116272
1565119575.3581066,77,0.3576388955116272
1565119582.5372212,78,0.2447916716337204
1565119589.7504294,79,0.3263888955116272
1565119596.9145877,80,0.3289930522441864
1565119604.0673232,81,0.3776041567325592
1565119611.231578,82,0.0850694477558136
1565119618.4197469,83,0.1336805522441864
1565119625.5853648,84,0.2890625
1565119632.7240016,85,0.2239583283662796
1565119639.874472,86,0.2838541567325592
1565119647.0366628,87,0.1067708358168602
1565119654.242296,88,0.15625
1565119661.4267619,89,0.2647569477558136
1565119668.6041095,90,0.3020833432674408
1565119675.7731237,91,0.2013888955116272
1565119682.9865384,92,0.1857638955116272
1565119690.1534731,93,0.3307291567325592
1565119697.262862,94,0.2447916716337204
1565119704.3981717,95,0.1631944477558136
1565119711.5291183,96,0.2647569477558136
1565119718.716715,97,0.1284722238779068
1565119725.8935986,98,0.2699652910232544
1565119733.0847225,99,0.2352430522441864
1565119740.2683861,100,0.3454861044883728
1565119747.4560409,101,0.3576388955116272
1565119754.5797775,102,0.2890625
1565119761.7056897,103,0.3081597089767456
1565119768.849956,104,0.3107638955116272
1565119775.9809349,105,0.3194444477558136
1565119783.1358135,106,0.3263888955116272
1565119790.2805243,107,0.4157986044883728
1565119797.4452512,108,0.3472222089767456
1565119804.620438,109,0.3289930522441864
1565119811.7612603,110,0.2647569477558136
1565119818.9234781,111,0.2925347089767456
1565119826.0702786,112,0.3463541567325592
1565119833.221614,113,0.3576388955116272
1565119840.3864913,114,0.3654513955116272
1565119847.5421588,115,0.3515625
1565119854.7026439,116,0.3532986044883728
1565119861.8764071,117,0.4314236044883728
1565119869.0338473,118,0.3394097089767456
1565119876.183392,119,0.1501736044883728
1565119883.3860328,120,0.3315972089767456
1565119890.5321398,121,0.3645833432674408
1565119897.6944928,122,0.3307291567325592
1565119904.8636298,123,0.4001736044883728
1565119912.069491,124,0.4166666567325592
1565119919.2496789,125,0.4149305522441864
1565119926.4462628,126,0.4184027910232544
1565119933.6236079,127,0.4071180522441864
1565119940.7458978,128,0.4314236044883728
1565119947.9011173,129,0.3932291567325592
1565119955.0316713,130,0.4496527910232544
1565119962.1492167,131,0.3758680522441864
1565119969.2795901,132,0.2638888955116272
1565119976.420344,133,0.2717013955116272
1565119983.556544,134,0.3211805522441864
1565119990.7424297,135,0.3428819477558136
1565119997.9229193,136,0.3967013955116272
1565120005.0765197,137,0.3845486044883728
1565120012.2371056,138,0.3784722089767456
1565120019.3710556,139,0.2890625
1565120026.5530596,140,0.3220486044883728
1565120033.7214015,141,0.3411458432674408
1565120040.849257,142,0.4305555522441864
1565120047.9712856,143,0.3871527910232544
1565120055.1101246,144,0.2265625
1565120062.3104823,145,0.3541666567325592
1565120069.5215771,146,0.3376736044883728
1565120076.6542475,147,0.296875
1565120083.7900536,148,0.2335069477558136
1565120090.968748,149,0.3203125
1565120098.1296334,150,0.4114583432674408
1565120105.2909737,151,0.2916666567325592
1565120112.4424553,152,0.2569444477558136
1565120119.642589,153,0.4435763955116272
1565120126.7922037,154,0.2065972238779068
1565120133.9229395,155,0.3958333432674408
1565120141.0934522,156,0.4036458432674408
1565120148.2805839,157,0.4340277910232544
1565120155.419296,158,0.3767361044883728
1565120162.625952,159,0.4071180522441864
1565120169.7956555,160,0.4782986044883728
1565120176.9972153,161,0.4383680522441864
1565120184.1685336,162,0.4279513955116272
1565120191.3736832,163,0.4409722089767456
1565120198.5543816,164,0.4305555522441864
1565120205.6802313,165,0.4157986044883728
1565120212.8368626,166,0.2734375
1565120220.008105,167,0.3697916567325592
1565120227.1441793,168,0.4557291567325592
1565120234.3090944,169,0.4618055522441864
1565120241.4423718,170,0.4696180522441864
1565120248.585692,171,0.4201388955116272
1565120255.7450438,172,0.4678819477558136
1565120262.915311,173,0.4592013955116272
1565120270.1107655,174,0.4522569477558136
1565120277.2827353,175,0.4635416567325592
1565120284.4760725,176,0.4496527910232544
1565120291.6516633,177,0.4513888955116272
1565120298.8036366,178,0.4626736044883728
1565120305.9635353,179,0.4427083432674408
1565120313.0735536,180,0.4739583432674408
1565120320.2379358,181,0.4262152910232544
1565120327.4115324,182,0.3550347089767456
1565120334.553472,183,0.4053819477558136
1565120341.7187886,184,0.4557291567325592
1565120348.8941228,185,0.4592013955116272
1565120356.0248406,186,0.4774305522441864
1565120363.17889,187,0.4861111044883728
1565120370.3476307,188,0.4696180522441864
1565120377.5277028,189,0.4678819477558136
1565120384.679136,190,0.4626736044883728
1565120391.861273,191,0.4409722089767456
1565120399.006146,192,0.4748263955116272
1565120406.1864266,193,0.3602430522441864
1565120413.341584,194,0.4887152910232544
1565120420.4913757,195,0.3480902910232544
1565120427.6770504,196,0.390625
1565120434.8434174,197,0.4713541567325592
1565120442.0159519,198,0.5147569179534912
1565120449.1581087,199,0.4809027910232544
