Wall time,Step,Value
1565118994.3039465,0,0.1343475878238678
1565119001.0801587,1,0.29712170362472534
1565119007.8226573,2,0.2398848682641983
1565119014.5707664,3,0.2072642594575882
1565119021.2479231,4,0.1993832290172577
1565119027.933877,5,0.37541118264198303
1565119034.5812576,6,0.2606907784938812
1565119041.237663,7,0.4302905797958374
1565119047.8714075,8,0.2607593238353729
1565119054.5454507,9,0.41070449352264404
1565119061.2134793,10,0.4366365075111389
1565119067.8598368,11,0.4407483637332916
1565119074.498493,12,0.4146381616592407
1565119081.1550193,13,0.44199562072753906
1565119087.8243105,14,0.45371437072753906
1565119094.4832041,15,0.4524534046649933
1565119101.1475146,16,0.3923930823802948
1565119107.837894,17,0.42639803886413574
1565119114.4416518,18,0.4197094440460205
1565119121.0497959,19,0.4602110683917999
1565119127.7209613,20,0.45504385232925415
1565119134.3800147,21,0.46799615025520325
1565119141.0683076,22,0.3625548183917999
1565119147.7022953,23,0.07043585181236267
1565119154.356183,24,0.06784539669752121
1565119161.0519707,25,0.258182555437088
1565119167.6503463,26,0.13826754689216614
1565119174.3027174,27,0.2059621661901474
1565119180.9666154,28,0.16425438225269318
1565119187.6350276,29,0.13168859481811523
1565119194.2836232,30,0.2542077898979187
1565119200.9305372,31,0.20868968963623047
1565119207.5747013,32,0.20215186476707458
1565119214.231502,33,0.2215871661901474
1565119220.9010608,34,0.17996162176132202
1565119227.5603976,35,0.22945450246334076
1565119234.2195919,36,0.18774670362472534
1565119240.8244119,37,0.2541666626930237
1565119247.4251876,38,0.19942434132099152
1565119254.0626013,39,0.15912829339504242
1565119260.7110283,40,0.1799205094575882
1565119267.363861,41,0.13296326994895935
1565119274.0303245,42,0.25028783082962036
1565119280.712048,43,0.23989857733249664
1565119287.3512084,44,0.26858553290367126
1565119294.0286994,45,0.14598409831523895
1565119300.6226735,46,0.2438870668411255
1565119307.284009,47,0.2920641303062439
1565119313.9714475,48,0.19679276645183563
1565119320.639183,49,0.24501097202301025
1565119327.3102646,50,0.26977795362472534
1565119333.9612448,51,0.2568393647670746
1565119340.600332,52,0.24113212525844574
1565119347.288186,53,0.2632812559604645
1565119353.8848903,54,0.21251370012760162
1565119360.4864902,55,0.07301261276006699
1565119367.093325,56,0.2555372714996338
1565119373.7584748,57,0.3012198507785797
1565119380.3703966,58,0.2151452898979187
1565119387.0131288,59,0.2841831147670746
1565119393.6134617,60,0.21248629689216614
1565119400.235281,61,0.3077302575111389
1565119406.8539567,62,0.3885142505168915
1565119413.493651,63,0.2594846487045288
1565119420.1196365,64,0.29077577590942383
1565119426.7369556,65,0.35201480984687805
1565119433.3393495,66,0.3898848593235016
1565119439.9725738,67,0.39898574352264404
1565119446.6270719,68,0.37545230984687805
1565119453.2705219,69,0.37405428290367126
1565119459.8906493,70,0.34292763471603394
1565119466.5428772,71,0.3480948507785797
1565119473.2079465,72,0.33504658937454224
1565119479.8668485,73,0.34026864171028137
1565119486.4625392,74,0.3389391303062439
1565119493.0622084,75,0.34546327590942383
1565119499.73818,76,0.36366501450538635
1565119506.382822,77,0.38723957538604736
1565119512.999015,78,0.37805646657943726
1565119519.624915,79,0.32330045104026794
1565119526.2904353,80,0.3599095344543457
1565119532.911977,81,0.3832785189151764
1565119539.5838838,82,0.37273848056793213
1565119546.1896076,83,0.44188597798347473
1565119552.8206036,84,0.4446134865283966
1565119559.4990027,85,0.3206414580345154
1565119566.1229763,86,0.40152138471603394
1565119572.7735093,87,0.3819352984428406
1565119579.4666014,88,0.37157347798347473
1565119586.1014638,89,0.3624725937843323
1565119592.774842,90,0.4288240075111389
1565119599.3812191,91,0.37151864171028137
1565119606.065308,92,0.2581551671028137
1565119612.7092407,93,0.41602247953414917
1565119619.3702784,94,0.37421876192092896
1565119626.0152638,95,0.4067434072494507
1565119632.636361,96,0.4783991277217865
1565119639.272834,97,0.49280428886413574
1565119645.9343152,98,0.34026864171028137
1565119652.6095707,99,0.26594024896621704
1565119659.280045,100,0.17083333432674408
1565119665.9541101,101,0.2177494466304779
1565119672.6101804,102,0.11865405738353729
1565119679.2870085,103,0.2790433168411255
1565119685.9636545,104,0.21248629689216614
1565119692.603259,105,0.22427357733249664
1565119699.219474,106,0.23333333432674408
1565119705.8538835,107,0.1824561357498169
1565119712.469586,108,0.23733553290367126
1565119719.1579936,109,0.1864309161901474
1565119725.8118312,110,0.26847589015960693
1565119732.4871347,111,0.273807555437088
1565119739.1478624,112,0.2737938463687897
1565119745.8328576,113,0.20333059132099152
1565119752.4441717,114,0.10434484481811523
1565119759.0641105,115,0.2555783987045288
1565119765.676738,116,0.23075658082962036
1565119772.3273878,117,0.24517543613910675
1565119778.9381392,118,0.14734101295471191
1565119785.5664675,119,0.23211348056793213
1565119792.1950092,120,0.22560307383537292
1565119798.8509905,121,0.1734100878238678
1565119805.4853277,122,0.136855810880661
1565119812.1126926,123,0.3104029595851898
1565119818.7620332,124,0.2387472540140152
1565119825.386446,125,0.28166118264198303
1565119832.014624,126,0.3273300528526306
1565119838.6540017,127,0.3260142505168915
1565119845.2880971,128,0.32460251450538635
1565119851.937391,129,0.2112664431333542
1565119858.5815747,130,0.34422972798347473
1565119865.2604492,131,0.379276305437088
1565119871.885361,132,0.34283170104026794
1565119878.5384133,133,0.3207099735736847
1565119885.2163002,134,0.20208333432674408
1565119891.8292928,135,0.34162554144859314
1565119898.47527,136,0.2620614171028137
1565119905.1438909,137,0.3858826756477356
1565119911.853476,138,0.37545230984687805
1565119918.5377426,139,0.3363761007785797
1565119925.2181745,140,0.3767680823802948
1565119931.8742092,141,0.375370055437088
1565119938.487936,142,0.3232867419719696
1565119945.1144485,143,0.28297698497772217
1565119951.7808561,144,0.39244791865348816
1565119958.3866162,145,0.36636513471603394
1565119965.0110006,146,0.22931744158267975
1565119971.6140823,147,0.36370614171028137
1565119978.2418466,148,0.37691885232925415
1565119984.8811393,149,0.4003152549266815
1565119991.54982,150,0.355975866317749
1565119998.2079666,151,0.4275904595851898
1565120004.903435,152,0.4158991277217865
1565120011.5450306,153,0.15123355388641357
1565120018.1629336,154,0.4445860683917999
1565120024.8186276,155,0.4537280797958374
1565120031.4802396,156,0.4327576756477356
1565120038.0960758,157,0.4433113932609558
1565120044.7106726,158,0.4706551432609558
1565120051.3123934,159,0.42890626192092896
1565120057.9787571,160,0.38854166865348816
1565120064.665182,161,0.44072094559669495
1565120071.3357573,162,0.33882948756217957
1565120077.951134,163,0.1538103073835373
1565120084.5753534,164,0.33895283937454224
1565120091.2398298,165,0.36891448497772217
1565120097.8754325,166,0.4862801432609558
1565120104.5396042,167,0.5032894611358643
1565120111.174918,168,0.4758360683917999
1565120117.850605,169,0.42242324352264404
1565120124.508801,170,0.4968612790107727
1565120131.0965524,171,0.4874863028526306
1565120137.7605102,172,0.47076481580734253
1565120144.4175467,173,0.45755207538604736
1565120151.087324,174,0.5045367479324341
1565120157.7105122,175,0.3951343297958374
1565120164.379512,176,0.5150356292724609
1565120171.045188,177,0.42489033937454224
1565120177.7188447,178,0.4653371572494507
1565120184.3685212,179,0.5332511067390442
1565120191.0357869,180,0.5228207111358643
1565120197.688696,181,0.5045641660690308
1565120204.300817,182,0.39117324352264404
1565120210.926912,183,0.4457511007785797
1565120217.5831199,184,0.5240405797958374
1565120224.2164187,185,0.3037828803062439
1565120230.817871,186,0.14610745012760162
1565120237.4846764,187,0.3207511007785797
1565120244.1258144,188,0.3310718238353729
1565120250.7355208,189,0.40814143419265747
1565120257.3942292,190,0.4681743383407593
1565120264.0461323,191,0.5005893707275391
1565120270.7272608,192,0.4798108637332916
1565120277.3803864,193,0.4954221546649933
1565120284.0693057,194,0.48622533679008484
1565120290.7347999,195,0.4915570318698883
1565120297.3611789,196,0.5137609839439392
1565120303.99582,197,0.4433388113975525
1565120310.6100764,198,0.5019462704658508
1565120317.235928,199,0.4902549386024475
