Wall time,Step,Value
1565118577.579248,0,0.19578124582767487
1565118585.2362683,1,0.29338541626930237
1565118593.0334783,2,0.21328124403953552
1565118600.677325,3,0.13067708909511566
1565118608.4921176,4,0.12416666746139526
1565118616.1756637,5,0.11015625298023224
1565118623.987696,6,0.09973958134651184
1565118631.662837,7,0.1824479103088379
1565118639.4270415,8,0.19598957896232605
1565118647.1074812,9,0.09973958134651184
1565118654.9076326,10,0.08682291954755783
1565118662.6914928,11,0.08583333343267441
1565118670.5029445,12,0.09864583611488342
1565118678.306738,13,0.22161458432674408
1565118686.0111527,14,0.2329166680574417
1565118693.649154,15,0.14630208909511566
1565118701.4521656,16,0.23624999821186066
1565118709.1387296,17,0.1978645771741867
1565118716.929413,18,0.21541666984558105
1565118724.6534712,19,0.19447916746139526
1565118732.4721715,20,0.33765625953674316
1565118740.262246,21,0.2384375035762787
1565118748.0786269,22,0.27828124165534973
1565118755.7598636,23,0.20489583909511566
1565118763.45339,24,0.2461458295583725
1565118771.1823645,25,0.17114582657814026
1565118778.7970226,26,0.22171874344348907
1565118786.4762778,27,0.3779166638851166
1565118794.2622135,28,0.1616145819425583
1565118802.0255706,29,0.15562500059604645
1565118809.6568956,30,0.2317187488079071
1565118817.3320448,31,0.1640104204416275
1565118825.1222162,32,0.21317708492279053
1565118832.8867512,33,0.16442708671092987
1565118840.6792812,34,0.10223958641290665
1565118848.4091425,35,0.15281249582767487
1565118856.2347174,36,0.12187500298023224
1565118864.0461957,37,0.12187500298023224
1565118871.6556048,38,0.2224999964237213
1565118879.4374812,39,0.20359374582767487
1565118887.2147713,40,0.18958333134651184
1565118895.0575943,41,0.08812499791383743
1565118902.8821886,42,0.12588541209697723
1565118910.6442466,43,0.12947916984558105
1565118918.3249748,44,0.13338541984558105
1565118926.061677,45,0.13500000536441803
1565118933.7592096,46,0.1849479228258133
1565118941.5690928,47,0.15682291984558105
1565118949.2565217,48,0.22833333909511566
1565118957.022252,49,0.12708333134651184
1565118964.768985,50,0.14890624582767487
1565118972.369991,51,0.2029687464237213
1565118979.959384,52,0.1616145819425583
1565118987.6038008,53,0.15442708134651184
1565118995.4186597,54,0.1640104204416275
1565119003.0808406,55,0.2280208319425583
1565119010.8595362,56,0.19817708432674408
1565119018.546486,57,0.13067708909511566
1565119026.3003807,58,0.19458332657814026
1565119033.9227135,59,0.2305208295583725
1565119041.5349863,60,0.15421874821186066
1565119049.2568257,61,0.22619791328907013
1565119056.8947537,62,0.21718749403953552
1565119064.6625547,63,0.18145833909511566
1565119072.3297405,64,0.13989582657814026
1565119080.09481,65,0.2293229103088379
1565119087.7168884,66,0.22552083432674408
1565119095.4173417,67,0.23072916269302368
1565119103.1727269,68,0.2395312488079071
1565119110.9014435,69,0.15302082896232605
1565119118.6284642,70,0.20781250298023224
1565119126.2554471,71,0.22812500596046448
1565119134.0425954,72,0.1914583295583725
1565119141.7879033,73,0.20890624821186066
1565119149.4611182,74,0.1771354228258133
1565119157.294484,75,0.21531249582767487
1565119164.961495,76,0.21390624344348907
1565119172.7461228,77,0.23411458730697632
1565119180.5012999,78,0.12578125298023224
1565119188.2928703,79,0.2095833271741867
1565119196.110989,80,0.19895833730697632
1565119203.818354,81,0.25572916865348816
1565119211.5503068,82,0.21437500417232513
1565119219.2308009,83,0.2175000011920929
1565119227.0574253,84,0.21270833909511566
1565119234.8820622,85,0.1616145819425583
1565119242.6047812,86,0.13598957657814026
1565119250.4400845,87,0.2239062488079071
1565119258.1207552,88,0.2084895819425583
1565119265.8843634,89,0.22739583253860474
1565119273.6004226,90,0.2031770795583725
1565119281.397655,91,0.2368229180574417
1565119289.009873,92,0.3303645849227905
1565119296.7934906,93,0.2083854228258133
1565119304.4072294,94,0.17994791269302368
1565119312.141627,95,0.2045833319425583
1565119319.9406683,96,0.27166667580604553
1565119327.647762,97,0.16583333909511566
1565119335.417828,98,0.12958332896232605
1565119343.1144884,99,0.31442707777023315
1565119350.9044137,100,0.24171875417232513
1565119358.6009045,101,0.2342187464237213
1565119366.4330485,102,0.16994792222976685
1565119374.1313756,103,0.22609375417232513
1565119381.8847308,104,0.28338542580604553
1565119389.6833367,105,0.2407291680574417
1565119397.464088,106,0.2436458319425583
1565119405.1774502,107,0.3476041555404663
1565119412.8737605,108,0.27916666865348816
1565119420.7182436,109,0.23734374344348907
1565119428.441722,110,0.1668229103088379
1565119436.1408281,111,0.22843749821186066
1565119443.9277716,112,0.2683854103088379
1565119451.6254196,113,0.23723958432674408
1565119459.4373415,114,0.2394270896911621
1565119467.255804,115,0.2717708349227905
1565119475.1038542,116,0.21791666746139526
1565119482.9587913,117,0.2369270771741867
1565119490.6751964,118,0.23593750596046448
1565119498.3711545,119,0.34567707777023315
1565119506.1647584,120,0.18807291984558105
1565119513.8640468,121,0.3049479126930237
1565119521.49931,122,0.22833333909511566
1565119529.2951021,123,0.12437500059604645
1565119536.9465773,124,0.27296873927116394
1565119544.7203395,125,0.2332291603088379
1565119552.3480086,126,0.11145833134651184
1565119560.0937667,127,0.17906250059604645
1565119567.716834,128,0.2835937440395355
1565119575.5035832,129,0.33536458015441895
1565119583.1417162,130,0.25864583253860474
1565119590.9513342,131,0.2148958295583725
1565119598.7754173,132,0.13218750059604645
1565119606.6314383,133,0.2304166704416275
1565119614.3071475,134,0.20619791746139526
1565119622.1138625,135,0.17223958671092987
1565119629.7291355,136,0.2486458271741867
1565119637.369374,137,0.24583333730697632
1565119645.0533748,138,0.3427083194255829
1565119652.8884077,139,0.2291145771741867
1565119660.7047474,140,0.2771874964237213
1565119668.5504467,141,0.22552083432674408
1565119676.2987545,142,0.15171875059604645
1565119684.1235418,143,0.23411458730697632
1565119691.9327388,144,0.2447395771741867
1565119699.7370641,145,0.25473958253860474
1565119707.4344964,146,0.17244791984558105
1565119715.2208,147,0.2055729180574417
1565119723.0369337,148,0.13067708909511566
1565119730.646876,149,0.22333332896232605
1565119738.4568133,150,0.21046875417232513
1565119746.1334817,151,0.23140625655651093
1565119753.804631,152,0.16041666269302368
1565119761.5730186,153,0.1668229103088379
1565119769.2289097,154,0.3609895706176758
1565119776.986795,155,0.2421354204416275
1565119784.6816561,156,0.12427083402872086
1565119792.491857,157,0.34567707777023315
1565119800.278627,158,0.3032291531562805
1565119807.9883497,159,0.2783854305744171
1565119815.624933,160,0.34447917342185974
1565119823.2461712,161,0.23005208373069763
1565119831.0577984,162,0.34067708253860474
1565119838.7181892,163,0.36119791865348816
1565119846.5536413,164,0.2540625035762787
1565119854.185969,165,0.3166145980358124
1565119862.02378,166,0.3660937547683716
1565119869.864066,167,0.4014583230018616
1565119877.4974873,168,0.2759895920753479
1565119885.1515408,169,0.2539583444595337
1565119892.9963727,170,0.30921876430511475
1565119900.700769,171,0.37984374165534973
1565119908.4662056,172,0.31182292103767395
1565119916.2057598,173,0.38994792103767395
1565119923.9906542,174,0.3774479031562805
1565119931.6192803,175,0.3253645896911621
1565119939.2478852,176,0.38843750953674316
1565119947.0178256,177,0.40156251192092896
1565119954.7331347,178,0.4221875071525574
1565119962.483341,179,0.4801562428474426
1565119970.1470048,180,0.4820833206176758
1565119977.9147124,181,0.4558333456516266
1565119985.5371425,182,0.3590104281902313
1565119993.4435287,183,0.4332291781902313
1565120001.1780515,184,0.4114583432674408
1565120008.972171,185,0.4411979019641876
1565120016.6886346,186,0.39895832538604736
1565120024.4064107,187,0.1457812488079071
1565120032.1960568,188,0.08822916448116302
1565120039.9299674,189,0.4215624928474426
1565120047.5997722,190,0.4013541638851166
1565120055.3875093,191,0.4371874928474426
1565120063.1090248,192,0.44583332538604736
1565120070.7507372,193,0.4129687547683716
1565120078.5409322,194,0.43921875953674316
1565120086.2208238,195,0.4506250023841858
1565120093.8913212,196,0.4311979115009308
1565120101.668438,197,0.47843751311302185
1565120109.3135896,198,0.4741666615009308
1565120117.0593908,199,0.4543229043483734
