Wall time,Step,Value
1565119001.9060962,0,0.1274801641702652
1565119008.7783024,1,0.1293540596961975
1565119015.6165776,2,0.24470899999141693
1565119022.4672375,3,0.2518739104270935
1565119029.2800803,4,0.2295524626970291
1565119036.1145232,5,0.28080907464027405
1565119042.9541159,6,0.28852513432502747
1565119049.7528832,7,0.3623236417770386
1565119056.514232,8,0.3544422388076782
1565119063.2811887,9,0.30588623881340027
1565119070.1175697,10,0.2861000895500183
1565119076.9726644,11,0.34132495522499084
1565119083.8293233,12,0.37781083583831787
1565119090.6835067,13,0.33090829849243164
1565119097.5351527,14,0.1513999104499817
1565119104.3923283,15,0.14737653732299805
1565119111.194608,16,0.18474426865577698
1565119118.0236287,17,0.13023589551448822
1565119124.8818934,18,0.14329805970191956
1565119131.7411969,19,0.12516534328460693
1565119138.5813313,20,0.12218915671110153
1565119145.355616,21,0.1389991194009781
1565119152.1763167,22,0.14710097014904022
1565119158.9766266,23,0.1360229253768921
1565119165.8000007,24,0.1419753134250641
1565119172.6604006,25,0.13613316416740417
1565119179.5249302,26,0.1215277761220932
1565119186.3782797,27,0.12180335074663162
1565119193.175764,28,0.12180335074663162
1565119199.9538734,29,0.12125220149755478
1565119206.752686,30,0.12180335074663162
1565119213.5166433,31,0.1215277761220932
1565119220.3676062,32,0.12125220149755478
1565119227.237288,33,0.11612654477357864
1565119234.0929573,34,0.12070105969905853
1565119240.952274,35,0.12207892537117004
1565119247.8079317,36,0.09650573134422302
1565119254.6607034,37,0.12274029850959778
1565119261.5225236,38,0.12235449999570847
1565119268.3734133,39,0.15222662687301636
1565119275.2414193,40,0.13558201491832733
1565119282.0931346,41,0.1200396791100502
1565119288.9132462,42,0.15955688059329987
1565119295.7240944,43,0.1215277761220932
1565119302.5718353,44,0.14114858210086823
1565119309.438387,45,0.20728614926338196
1565119316.30521,46,0.2251984179019928
1565119323.163274,47,0.12125220149755478
1565119330.0340111,48,0.12097663432359695
1565119336.89476,49,0.12180335074663162
1565119343.7222853,50,0.12246472388505936
1565119350.5335636,51,0.14660494029521942
1565119357.3987722,52,0.12070105969905853
1565119364.2545745,53,0.22696207463741302
1565119371.101504,54,0.1230158731341362
1565119377.8721664,55,0.17835097014904022
1565119384.6313295,56,0.12086640298366547
1565119391.4930842,57,0.21114417910575867
1565119398.351114,58,0.14616401493549347
1565119405.2283113,59,0.12031525373458862
1565119412.0997431,60,0.14103835821151733
1565119418.9524395,61,0.21709656715393066
1565119425.782099,62,0.22938711941242218
1565119432.6003244,63,0.12830688059329987
1565119439.438728,64,0.1259920597076416
1565119446.297582,65,0.16561949253082275
1565119453.1599503,66,0.1523919701576233
1565119460.0024672,67,0.17713844776153564
1565119466.865864,68,0.1851300746202469
1565119473.7274022,69,0.12125220149755478
1565119480.5831797,70,0.12086640298366547
1565119487.4453316,71,0.23655202984809875
1565119494.3021104,72,0.1598324477672577
1565119501.1736631,73,0.1293540596961975
1565119507.9774873,74,0.13315697014331818
1565119514.7447734,75,0.15184083580970764
1565119521.5309393,76,0.23357583582401276
1565119528.3619423,77,0.11287477612495422
1565119535.2069876,78,0.1245039701461792
1565119542.0689745,79,0.1345348358154297
1565119548.930751,80,0.26025131344795227
1565119555.7912724,81,0.29039904475212097
1565119562.5874417,82,0.17713844776153564
1565119569.4294815,83,0.25132274627685547
1565119576.286333,84,0.1273699253797531
1565119583.1480134,85,0.27810847759246826
1565119590.0037944,86,0.12654320895671844
1565119596.8152902,87,0.1954365074634552
1565119603.6471457,88,0.1483134925365448
1565119610.5062325,89,0.12191358208656311
1565119617.369348,90,0.2382054626941681
1565119624.1856549,91,0.2681327164173126
1565119631.015569,92,0.1980268955230713
1565119637.8296683,93,0.25578704476356506
1565119644.6459758,94,0.1630842089653015
1565119651.465307,95,0.27050265669822693
1565119658.323348,96,0.20513668656349182
1565119665.1830196,97,0.3111221194267273
1565119672.0473137,98,0.12477954477071762
1565119678.829321,99,0.22911155223846436
1565119685.6831663,100,0.2541887164115906
1565119692.547932,101,0.15806877613067627
1565119699.4073315,102,0.1628086417913437
1565119706.197612,103,0.26592811942100525
1565119713.0620024,104,0.18325617909431458
1565119719.9304948,105,0.12643298506736755
1565119726.791905,106,0.23644180595874786
1565119733.6404946,107,0.35945767164230347
1565119740.4241703,108,0.16402116417884827
1565119747.2011163,109,0.22018298506736755
1565119754.06845,110,0.3269951641559601
1565119760.9281921,111,0.2817460298538208
1565119767.7923467,112,0.3514660596847534
1565119774.5838788,113,0.2380952388048172
1565119781.4434447,114,0.29447752237319946
1565119788.223855,115,0.28042328357696533
1565119795.0325584,116,0.357859343290329
1565119801.8934882,117,0.23831570148468018
1565119808.7663465,118,0.20260141789913177
1565119815.6313744,119,0.25837743282318115
1565119822.4785938,120,0.3050595223903656
1565119829.306849,121,0.32087743282318115
1565119836.100744,122,0.329089492559433
1565119842.961257,123,0.35471782088279724
1565119849.7728329,124,0.22426146268844604
1565119856.6231177,125,0.1453372985124588
1565119863.482977,126,0.3142636716365814
1565119870.346503,127,0.17118605971336365
1565119877.2128997,128,0.20232583582401276
1565119884.0733285,129,0.3113977015018463
1565119890.934385,130,0.31018519401550293
1565119897.79591,131,0.15062831342220306
1565119904.6335866,132,0.2014991194009781
1565119911.4083087,133,0.2593143880367279
1565119918.277035,134,0.2994929552078247
1565119925.1412923,135,0.26890432834625244
1565119931.9647336,136,0.292879194021225
1565119938.7332082,137,0.30638226866722107
1565119945.5901322,138,0.2744157910346985
1565119952.4558265,139,0.3126102387905121
1565119959.3170552,140,0.1362985074520111
1565119966.0853817,141,0.14021164178848267
1565119972.9372725,142,0.33090829849243164
1565119979.7222536,143,0.2725970149040222
1565119986.4950995,144,0.21704144775867462
1565119993.3576605,145,0.23804011940956116
1565120000.2052302,146,0.2884148955345154
1565120007.0735984,147,0.24955908954143524
1565120013.9396687,148,0.3660714328289032
1565120020.774987,149,0.3616071343421936
1565120027.583734,150,0.2994929552078247
1565120034.4216905,151,0.4281856119632721
1565120041.2947717,152,0.4043760895729065
1565120048.162534,153,0.2429453283548355
1565120055.0050118,154,0.3319554626941681
1565120061.8607438,155,0.2281745970249176
1565120068.7161715,156,0.30720898509025574
1565120075.5844722,157,0.2635030746459961
1565120082.4101048,158,0.39699074625968933
1565120089.275226,159,0.30897265672683716
1565120096.088156,160,0.2207341343164444
1565120102.9445312,161,0.35251322388648987
1565120109.8019094,162,0.057098764926195145
1565120116.6151426,163,0.3597332537174225
1565120123.4338138,164,0.33465608954429626
1565120130.2972057,165,0.3366953134536743
1565120137.1412756,166,0.3441357910633087
1565120143.9894834,167,0.3924713432788849
1565120150.8491442,168,0.4506723880767822
1565120157.7164881,169,0.40669092535972595
1565120164.5715594,170,0.2861000895500183
1565120171.419903,171,0.29717811942100525
1565120178.2435458,172,0.2590388059616089
1565120185.0624638,173,0.4513888955116272
1565120191.928199,174,0.44080686569213867
1565120198.7901027,175,0.4243827164173126
1565120205.6606898,176,0.43198853731155396
1565120212.495848,177,0.4517746865749359
1565120219.307874,178,0.28257274627685547
1565120226.1125684,179,0.4095017611980438
1565120232.8905308,180,0.061563052237033844
1565120239.7608256,181,0.10014329850673676
1565120246.563383,182,0.15145502984523773
1565120253.4320178,183,0.1630842089653015
1565120260.291112,184,0.22304894030094147
1565120267.1247122,185,0.26554232835769653
1565120273.9661183,186,0.23208774626255035
1565120280.8106437,187,0.3229166567325592
1565120287.6697912,188,0.3157517611980438
1565120294.494499,189,0.29828041791915894
1565120301.305444,190,0.3464506268501282
1565120308.16681,191,0.41076940298080444
1565120315.029605,192,0.4088403880596161
1565120321.836113,193,0.4238866865634918
1565120328.6265802,194,0.445656955242157
1565120335.4678159,195,0.42168208956718445
1565120342.295302,196,0.4846230149269104
1565120349.1557567,197,0.5034171342849731
1565120356.0207272,198,0.09419091790914536
1565120362.8838272,199,0.12290564179420471
