Wall time,Step,Value
1565119003.1654975,0,0.12380952388048172
1565119011.1955616,1,0.18482142686843872
1565119019.1422472,2,0.25982141494750977
1565119027.2197196,3,0.2113095223903656
1565119035.225251,4,0.2857142984867096
1565119043.2005477,5,0.18764880299568176
1565119051.096979,6,0.34017857909202576
1565119058.9882143,7,0.3136904835700989
1565119067.0092244,8,0.34389880299568176
1565119075.0030286,9,0.32083332538604736
1565119083.1400497,10,0.1056547611951828
1565119091.1427538,11,0.1882440447807312
1565119099.1436417,12,0.11800595372915268
1565119107.2520843,13,0.11398809403181076
1565119115.3631544,14,0.12113095074892044
1565119123.514281,15,0.10104166716337204
1565119131.5133471,16,0.11413690447807312
1565119139.4734132,17,0.12738095223903656
1565119147.3874354,18,0.12187500298023224
1565119155.372852,19,0.13035714626312256
1565119163.4197884,20,0.10848214477300644
1565119171.4276989,21,0.12455356866121292
1565119179.4198642,22,0.11562500149011612
1565119187.529889,23,0.1264880895614624
1565119195.6051905,24,0.10029762238264084
1565119203.5172515,25,0.11279761791229248
1565119211.45266,26,0.09925594925880432
1565119219.5523765,27,0.14270833134651184
1565119227.676518,28,0.12336309254169464
1565119235.692873,29,0.12261904776096344
1565119243.8413568,30,0.10163690149784088
1565119251.841474,31,0.11949405074119568
1565119259.993832,32,0.09910714626312256
1565119268.132952,33,0.12440475821495056
1565119276.1208801,34,0.146577388048172
1565119284.126212,35,0.12083332985639572
1565119292.0335693,36,0.1785714328289032
1565119300.133539,37,0.12142857164144516
1565119308.1319635,38,0.16532738506793976
1565119316.1531124,39,0.24985119700431824
1565119324.152886,40,0.12470237910747528
1565119332.3052163,41,0.17499999701976776
1565119340.30042,42,0.13273809850215912
1565119348.221586,43,0.11919642984867096
1565119356.1979718,44,0.11666666716337204
1565119364.2032073,45,0.14627976715564728
1565119372.3172028,46,0.12291666865348816
1565119380.2284458,47,0.12142857164144516
1565119388.2808998,48,0.1681547611951828
1565119396.2529998,49,0.19985118508338928
1565119404.3859377,50,0.19985118508338928
1565119412.365518,51,0.1822916716337204
1565119420.4750752,52,0.17529761791229248
1565119428.6057577,53,0.12217261642217636
1565119436.7003467,54,0.2552083432674408
1565119444.8424551,55,0.12336309254169464
1565119453.0027225,56,0.12291666865348816
1565119460.9946094,57,0.12440475821495056
1565119469.111069,58,0.12514880299568176
1565119477.266573,59,0.15312500298023224
1565119485.4429746,60,0.12142857164144516
1565119493.4287815,61,0.107886902987957
1565119501.5762181,62,0.12291666865348816
1565119509.5074258,63,0.2750000059604645
1565119517.5245283,64,0.0982142835855484
1565119525.6145525,65,0.1331845223903656
1565119533.724362,66,0.12172619253396988
1565119541.748402,67,0.13005952537059784
1565119549.8611445,68,0.20104166865348816
1565119557.845068,69,0.12589286267757416
1565119565.8923256,70,0.12172619253396988
1565119573.9119046,71,0.12380952388048172
1565119581.911252,72,0.125
1565119590.0411298,73,0.11785714328289032
1565119598.0058267,74,0.12857143580913544
1565119606.1223695,75,0.10744047909975052
1565119614.1233978,76,0.12142857164144516
1565119622.2170649,77,0.12291666865348816
1565119630.3137083,78,0.12440475821495056
1565119638.2693632,79,0.12738095223903656
1565119646.340842,80,0.1964285671710968
1565119654.5229366,81,0.0825892835855484
1565119662.6561754,82,0.14568452537059784
1565119670.8126667,83,0.12916666269302368
1565119678.7449617,84,0.12440475821495056
1565119686.8841784,85,0.12693452835083008
1565119694.8901465,86,0.12113095074892044
1565119702.968726,87,0.12038690596818924
1565119710.9622684,88,0.12217261642217636
1565119718.9740753,89,0.12142857164144516
1565119726.9652371,90,0.122023805975914
1565119734.9187405,91,0.1145833358168602
1565119742.8121984,92,0.13482142984867096
1565119750.774794,93,0.12470237910747528
1565119758.7743137,94,0.12291666865348816
1565119766.924479,95,0.12291666865348816
1565119774.875658,96,0.13139881193637848
1565119782.9918404,97,0.1212797611951828
1565119790.8781197,98,0.12604166567325592
1565119798.849554,99,0.15982143580913544
1565119806.8444622,100,0.11845237761735916
1565119814.9622915,101,0.13779762387275696
1565119822.9574685,102,0.09955357015132904
1565119831.051052,103,0.15654762089252472
1565119839.1250484,104,0.12113095074892044
1565119847.0765657,105,0.12752975523471832
1565119855.1969936,106,0.16428571939468384
1565119863.3413105,107,0.18630951642990112
1565119871.3504827,108,0.14910714328289032
1565119879.5016382,109,0.13452380895614624
1565119887.5108094,110,0.14866071939468384
1565119895.4756677,111,0.09717261791229248
1565119903.4567368,112,0.12589286267757416
1565119911.370514,113,0.19880951941013336
1565119919.5154307,114,0.17916665971279144
1565119927.644495,115,0.18809524178504944
1565119935.713091,116,0.15431547164916992
1565119943.811797,117,0.20342262089252472
1565119951.9579406,118,0.16755951941013336
1565119960.077597,119,0.16770833730697632
1565119968.0199473,120,0.13958333432674408
1565119975.9945023,121,0.27098214626312256
1565119983.894314,122,0.14598214626312256
1565119991.8862927,123,0.19166666269302368
1565119999.8720887,124,0.12113095074892044
1565120008.0003948,125,0.24538689851760864
1565120015.9921813,126,0.11041666567325592
1565120023.9442415,127,0.231398805975914
1565120031.9025767,128,0.15148809552192688
1565120040.03084,129,0.30416667461395264
1565120048.054286,130,0.20074404776096344
1565120056.0364645,131,0.1354166716337204
1565120064.037831,132,0.13511905074119568
1565120072.1816955,133,0.21264880895614624
1565120080.2912004,134,0.277529776096344
1565120088.4433103,135,0.26205357909202576
1565120096.4023306,136,0.22142857313156128
1565120104.5431376,137,0.2455357164144516
1565120112.6899369,138,0.2861607074737549
1565120120.6754289,139,0.23497024178504944
1565120128.9829974,140,0.15386904776096344
1565120136.9779994,141,0.28139880299568176
1565120145.0924232,142,0.2388392835855484
1565120153.1122816,143,0.22142857313156128
1565120161.1551156,144,0.1242559552192688
1565120169.291668,145,0.22752976417541504
1565120177.2540824,146,0.2723214328289032
1565120185.3305016,147,0.13303571939468384
1565120193.3313835,148,0.11770833283662796
1565120201.3329842,149,0.18869048357009888
1565120209.463064,150,0.17738094925880432
1565120217.4237769,151,0.26726189255714417
1565120225.508481,152,0.2517857253551483
1565120233.430223,153,0.3352678716182709
1565120241.549201,154,0.27172619104385376
1565120249.5087004,155,0.28705358505249023
1565120257.6329741,156,0.29851189255714417
1565120265.7970634,157,0.28630951046943665
1565120273.7739806,158,0.19627976417541504
1565120281.9036613,159,0.20133928954601288
1565120290.0405307,160,0.2938988208770752
1565120298.11756,161,0.3415178656578064
1565120306.2584019,162,0.2874999940395355
1565120314.2612405,163,0.2712797522544861
1565120322.3359265,164,0.2779761850833893
1565120330.3086898,165,0.27470237016677856
1565120338.4093645,166,0.2276785671710968
1565120346.5351174,167,0.24226190149784088
1565120354.6879199,168,0.20580357313156128
1565120362.8312128,169,0.21250000596046448
1565120370.7486353,170,0.30714285373687744
1565120378.6326346,171,0.31086310744285583
1565120386.6810756,172,0.22886905074119568
1565120394.7198825,173,0.18318451941013336
1565120402.6213148,174,0.3020833432674408
1565120410.5085294,175,0.34360119700431824
1565120418.4010994,176,0.27247023582458496
1565120426.2772338,177,0.17276786267757416
1565120434.193623,178,0.2636904716491699
1565120442.1526184,179,0.27068451046943665
1565120450.1918066,180,0.20491071045398712
1565120458.1327398,181,0.2949404716491699
1565120466.1886673,182,0.33467262983322144
1565120474.2958672,183,0.322172611951828
1565120482.3591344,184,0.2949404716491699
1565120490.3071196,185,0.31711310148239136
1565120498.3431442,186,0.3516369163990021
1565120506.2763183,187,0.28630951046943665
1565120514.182821,188,0.3068452477455139
1565120522.1020339,189,0.2668154835700989
1565120530.1742718,190,0.24940475821495056
1565120538.1173325,191,0.2867559492588043
1565120546.074168,192,0.29598215222358704
1565120554.1385133,193,0.300595223903656
1565120562.0988247,194,0.3072916567325592
1565120569.9888518,195,0.3203869163990021
1565120577.9371848,196,0.33095237612724304
1565120586.0211327,197,0.38824403285980225
1565120594.0913188,198,0.38749998807907104
1565120602.0286613,199,0.35877975821495056
