Wall time,Step,Value
1565118577.1945577,0,0.1246279776096344
1565118584.5360587,1,0.2375372052192688
1565118591.792694,2,0.2589285671710968
1565118599.0219388,3,0.2029389888048172
1565118606.3151922,4,0.3033854067325592
1565118613.590866,5,0.3093377947807312
1565118620.8647037,6,0.3405877947807312
1565118628.1227002,7,0.281063973903656
1565118635.4151978,8,0.3020833432674408
1565118642.6485643,9,0.185639888048172
1565118649.9096518,10,0.2922247052192688
1565118657.2018263,11,0.3130580484867096
1565118664.448623,12,0.2738095223903656
1565118671.7170427,13,0.3469122052192688
1565118679.0169795,14,0.3872767984867096
1565118686.3129227,15,0.3742559552192688
1565118693.5645862,16,0.3859747052192688
1565118700.8428342,17,0.339657723903656
1565118708.1310825,18,0.1361607164144516
1565118715.3884442,19,0.1605282723903656
1565118722.6896968,20,0.2250744104385376
1565118730.0004368,21,0.2486979216337204
1565118737.2637153,22,0.2354910671710968
1565118744.495353,23,0.2765997052192688
1565118751.7736092,24,0.3132440447807312
1565118759.062706,25,0.2414434552192688
1565118766.291451,26,0.263578861951828
1565118773.482882,27,0.3216145932674408
1565118780.7146127,28,0.2875744104385376
1565118787.9949732,29,0.3273809552192688
1565118795.2412584,30,0.3463541567325592
1565118802.498195,31,0.3766741156578064
1565118809.7210279,32,0.3508184552192688
1565118816.9938345,33,0.2933407723903656
1565118824.2694972,34,0.3562127947807312
1565118831.5283873,35,0.3679315447807312
1565118838.7875488,36,0.331845223903656
1565118846.0847895,37,0.3658854067325592
1565118853.388711,38,0.369233638048172
1565118860.708952,39,0.3625372052192688
1565118867.9207063,40,0.3975074291229248
1565118875.1795173,41,0.4010416567325592
1565118882.43397,42,0.406436026096344
1565118889.7502077,43,0.3967633843421936
1565118897.0597534,44,0.4071800708770752
1565118904.3441036,45,0.3859747052192688
1565118911.6161346,46,0.392671138048172
1565118918.911764,47,0.2492559552192688
1565118926.1178958,48,0.3779761791229248
1565118933.4145458,49,0.4012276828289032
1565118940.7107196,50,0.41015625
1565118948.0000174,51,0.3960193395614624
1565118955.2415736,52,0.4261532723903656
1565118962.479507,53,0.3636532723903656
1565118969.6804938,54,0.0978422611951828
1565118976.8717833,55,0.1184895858168602
1565118984.0876234,56,0.1056547611951828
1565118991.3872993,57,0.2165178507566452
1565118998.6727898,58,0.103050597012043
1565119005.901898,59,0.1062127947807312
1565119013.1992013,60,0.1311383992433548
1565119020.4641445,61,0.1238839253783226
1565119027.703027,62,0.1941964328289032
1565119034.9295888,63,0.1253720223903656
1565119042.1771045,64,0.2444196492433548
1565119049.3948274,65,0.2163318395614624
1565119056.6437492,66,0.1847098171710968
1565119063.8820002,67,0.1212797611951828
1565119071.1428423,68,0.1696428507566452
1565119078.361929,69,0.1290922611951828
1565119085.5827804,70,0.2354910671710968
1565119092.8892798,71,0.217819944024086
1565119100.1305716,72,0.263578861951828
1565119107.4260943,73,0.3018973171710968
1565119114.736153,74,0.2708333432674408
1565119122.0566394,75,0.2903645932674408
1565119129.2834501,76,0.250186026096344
1565119136.5340366,77,0.3638392984867096
1565119143.773087,78,0.3208705484867096
1565119151.0345247,79,0.291108638048172
1565119158.322349,80,0.2691592276096344
1565119165.6071112,81,0.3071056604385376
1565119172.8654475,82,0.1925223171710968
1565119180.0765684,83,0.2583705484867096
1565119187.3324409,84,0.1428571492433548
1565119194.6294742,85,0.2550223171710968
1565119201.9083118,86,0.290922611951828
1565119209.1450176,87,0.281436026096344
1565119216.4087949,88,0.3353794515132904
1565119223.686811,89,0.36328125
1565119230.9343932,90,0.3571428656578064
1565119238.2434196,91,0.284970223903656
1565119245.550835,92,0.2358630895614624
1565119252.8488088,93,0.3364955484867096
1565119260.105005,94,0.3125
1565119267.3733459,95,0.3588169515132904
1565119274.6781504,96,0.3236607015132904
1565119281.9272983,97,0.3069196343421936
1565119289.1744044,98,0.4114583432674408
1565119296.4327428,99,0.3560267984867096
1565119303.640795,100,0.4324776828289032
1565119310.8471456,101,0.304501473903656
1565119318.1477046,102,0.2790178656578064
1565119325.4222875,103,0.337983638048172
1565119332.7013583,104,0.4012276828289032
1565119339.9546733,105,0.288876473903656
1565119347.2379713,106,0.355282723903656
1565119354.5133383,107,0.355654776096344
1565119361.8010802,108,0.3621651828289032
1565119369.1180596,109,0.2472098171710968
1565119376.4015877,110,0.2606026828289032
1565119383.6266365,111,0.1285342276096344
1565119390.9152145,112,0.215773805975914
1565119398.186651,113,0.3111979067325592
1565119405.4782617,114,0.3511904776096344
1565119412.8012996,115,0.28515625
1565119420.1143048,116,0.292782723903656
1565119427.4289522,117,0.2723214328289032
1565119434.7036157,118,0.3675595223903656
1565119441.9946685,119,0.3071056604385376
1565119449.3045683,120,0.306547611951828
1565119456.6149337,121,0.3601190447807312
1565119463.8786247,122,0.3532366156578064
1565119471.1674829,123,0.3227306604385376
1565119478.4791105,124,0.3619791567325592
1565119485.78006,125,0.3777901828289032
1565119493.0970175,126,0.3586309552192688
1565119500.3790576,127,0.293154776096344
1565119507.6537879,128,0.3171502947807312
1565119514.9325554,129,0.361421138048172
1565119522.2043278,130,0.3294270932674408
1565119529.484759,131,0.3818824291229248
1565119536.7300127,132,0.400297611951828
1565119543.9894478,133,0.3859747052192688
1565119551.2179215,134,0.2860863208770752
1565119558.4522738,135,0.3063616156578064
1565119565.7099636,136,0.3325892984867096
1565119572.925548,137,0.4226190447807312
1565119580.1710281,138,0.4228050708770752
1565119587.4293487,139,0.357328861951828
1565119594.7501867,140,0.3567708432674408
1565119602.0374098,141,0.3530505895614624
1565119609.3262124,142,0.4384300708770752
1565119616.5997312,143,0.3896949291229248
1565119623.8592112,144,0.168898805975914
1565119631.0785944,145,0.2120535671710968
1565119638.3547468,146,0.3227306604385376
1565119645.669263,147,0.3335193395614624
1565119652.9758034,148,0.2282366007566452
1565119660.2628646,149,0.3480282723903656
1565119667.5659955,150,0.3407738208770752
1565119674.8799238,151,0.37890625
1565119682.1744518,152,0.4017857015132904
1565119689.428355,153,0.3802083432674408
1565119696.7340167,154,0.3470982015132904
1565119704.022756,155,0.2818080484867096
1565119711.2958753,156,0.2933407723903656
1565119718.5533242,157,0.4056919515132904
1565119725.8318262,158,0.3969494104385376
1565119733.0890288,159,0.377046138048172
1565119740.3550167,160,0.3031994104385376
1565119747.6776786,161,0.1343005895614624
1565119754.9236438,162,0.2825520932674408
1565119762.1664538,163,0.3816964328289032
1565119769.430603,164,0.2550223171710968
1565119776.6786382,165,0.3465401828289032
1565119783.9584775,166,0.267671138048172
1565119791.2342513,167,0.30078125
1565119798.4906542,168,0.4015997052192688
1565119805.7903383,169,0.2779017984867096
1565119813.070988,170,0.2896205484867096
1565119820.32085,171,0.3679315447807312
1565119827.5651832,172,0.4027157723903656
1565119834.8113627,173,0.3415178656578064
1565119842.103367,174,0.3976934552192688
1565119849.3766713,175,0.4136904776096344
1565119856.6462255,176,0.204985111951828
1565119863.9492238,177,0.1886160671710968
1565119871.226734,178,0.2648809552192688
1565119878.4826243,179,0.3484002947807312
1565119885.7488728,180,0.3111979067325592
1565119893.0486915,181,0.3015252947807312
1565119900.3599494,182,0.2914806604385376
1565119907.620955,183,0.2978050708770752
1565119914.8233073,184,0.3679315447807312
1565119922.1028616,185,0.3431919515132904
1565119929.352485,186,0.314360111951828
1565119936.5699801,187,0.2784598171710968
1565119943.834745,188,0.1329985111951828
1565119951.069534,189,0.2760416567325592
1565119958.274113,190,0.1969866007566452
1565119965.573605,191,0.2553943395614624
1565119972.8230653,192,0.236421138048172
1565119980.067918,193,0.1994047611951828
1565119987.300732,194,0.210007444024086
1565119994.6139894,195,0.2877604067325592
1565120001.9367442,196,0.267485111951828
1565120009.2006052,197,0.2347470223903656
1565120016.5019288,198,0.2183779776096344
1565120023.804626,199,0.2957589328289032
