Wall time,Step,Value
1565119013.5809076,0,0.22326388955116272
1565119020.9272985,1,0.20868055522441864
1565119028.227953,2,0.16979166865348816
1565119035.5108783,3,0.17986111342906952
1565119042.9486442,4,0.19861111044883728
1565119050.3110845,5,0.21875
1565119057.7682443,6,0.24027778208255768
1565119065.2903485,7,0.2482638955116272
1565119072.7224586,8,0.20451389253139496
1565119080.2235663,9,0.2934027910232544
1565119087.559434,10,0.21666666865348816
1565119094.8919904,11,0.2767361104488373
1565119102.1876352,12,0.3038194477558136
1565119109.5194025,13,0.21909722685813904
1565119117.0134518,14,0.26180556416511536
1565119124.3007066,15,0.29131942987442017
1565119131.6321604,16,0.3048610985279083
1565119139.1637192,17,0.3027777671813965
1565119146.6442497,18,0.26597222685813904
1565119154.1577418,19,0.32499998807907104
1565119161.6095285,20,0.22430555522441864
1565119168.9692023,21,0.3343749940395355
1565119176.4273703,22,0.328125
1565119183.9111784,23,0.3760416805744171
1565119191.4090295,24,0.35972222685813904
1565119198.8901656,25,0.3454861044883728
1565119206.237826,26,0.39965277910232544
1565119213.7458296,27,0.2743055522441864
1565119221.2002556,28,0.38854166865348816
1565119228.6991951,29,0.3343749940395355
1565119236.2564323,30,0.3881944417953491
1565119243.7609344,31,0.3826389014720917
1565119251.2416968,32,0.41874998807907104
1565119258.5802658,33,0.40659722685813904
1565119265.8770356,34,0.41111111640930176
1565119273.23369,35,0.3986110985279083
1565119280.7001665,36,0.3965277671813965
1565119288.1784792,37,0.4670138955116272
1565119295.6286101,38,0.44583332538604736
1565119303.0866013,39,0.4628472328186035
1565119310.551593,40,0.4340277910232544
1565119318.0628738,41,0.3239583373069763
1565119325.4027424,42,0.4576388895511627
1565119332.6797376,43,0.4156250059604645
1565119340.023287,44,0.4809027910232544
1565119347.4801772,45,0.4541666805744171
1565119354.7874045,46,0.4131944477558136
1565119362.1293542,47,0.4565972089767456
1565119369.470593,48,0.44652777910232544
1565119376.7385798,49,0.4350694417953491
1565119384.214272,50,0.4444444477558136
1565119391.5674443,51,0.3812499940395355
1565119399.1006742,52,0.2750000059604645
1565119406.4277225,53,0.17430555820465088
1565119413.7674148,54,0.234375
1565119421.2996943,55,0.2986111044883728
1565119428.8111544,56,0.3708333373069763
1565119436.3195555,57,0.38576388359069824
1565119443.75465,58,0.3652777671813965
1565119451.2092655,59,0.4399305582046509
1565119458.5223684,60,0.4461805522441864
1565119465.7747462,61,0.43888887763023376
1565119473.0721042,62,0.45104166865348816
1565119480.4411824,63,0.4722222089767456
1565119487.963768,64,0.47256943583488464
1565119495.3143504,65,0.27222222089767456
1565119502.654802,66,0.49166667461395264
1565119509.9814434,67,0.4697916805744171
1565119517.472379,68,0.4704861044883728
1565119524.977395,69,0.5020833611488342
1565119532.4813688,70,0.4756944477558136
1565119539.976372,71,0.4989583194255829
1565119547.4495783,72,0.4774305522441864
1565119554.7808983,73,0.4437499940395355
1565119562.109291,74,0.4850694537162781
1565119569.5617716,75,0.4836805462837219
1565119576.8839812,76,0.4809027910232544
1565119584.4068284,77,0.49444442987442017
1565119591.8995826,78,0.5184027552604675
1565119599.2614548,79,0.44930556416511536
1565119606.7787943,80,0.48819443583488464
1565119614.1457164,81,0.15416666865348816
1565119621.499477,82,0.15763889253139496
1565119628.9917135,83,0.14861111342906952
1565119636.3737504,84,0.1545138955116272
1565119643.629419,85,0.15034721791744232
1565119650.9529247,86,0.1423611044883728
1565119658.2891529,87,0.1579861044883728
1565119665.6160784,88,0.1440972238779068
1565119673.052938,89,0.1440972238779068
1565119680.5058782,90,0.15208333730697632
1565119687.8566706,91,0.15347221493721008
1565119695.1403513,92,0.14340278506278992
1565119702.436519,93,0.14374999701976776
1565119709.9050806,94,0.1440972238779068
1565119717.3436344,95,0.15069444477558136
1565119724.6624022,96,0.15173611044883728
1565119732.1709163,97,0.14513888955116272
1565119739.5544004,98,0.140625
1565119747.021723,99,0.14722222089767456
1565119754.5308087,100,0.14270833134651184
1565119761.9824004,101,0.14687499403953552
1565119769.4369805,102,0.14513888955116272
1565119776.9528377,103,0.14513888955116272
1565119784.4490104,104,0.14687499403953552
1565119791.745631,105,0.14270833134651184
1565119799.2235577,106,0.14722222089767456
1565119806.7198815,107,0.14444445073604584
1565119814.1938407,108,0.14548611640930176
1565119821.5418227,109,0.14861111342906952
1565119828.908179,110,0.14166666567325592
1565119836.2613215,111,0.15243054926395416
1565119843.7562778,112,0.13645833730697632
1565119851.1306074,113,0.15520833432674408
1565119858.6220162,114,0.14791665971279144
1565119865.9929972,115,0.14166666567325592
1565119873.4778304,116,0.14166666567325592
1565119880.9820085,117,0.14513888955116272
1565119888.513649,118,0.14513888955116272
1565119895.9742298,119,0.14131943881511688
1565119903.4480748,120,0.14166666567325592
1565119910.917122,121,0.13958333432674408
1565119918.2864115,122,0.15000000596046448
1565119925.7944112,123,0.14687499403953552
1565119933.3008032,124,0.1388888955116272
1565119940.6620827,125,0.14895834028720856
1565119948.1660092,126,0.14861111342906952
1565119955.5169897,127,0.14687499403953552
1565119963.0020018,128,0.15208333730697632
1565119970.4997013,129,0.14340278506278992
1565119978.0150504,130,0.15208333730697632
1565119985.5185971,131,0.14513888955116272
1565119993.019365,132,0.15034721791744232
1565120000.508829,133,0.140625
1565120007.8234591,134,0.14861111342906952
1565120015.086771,135,0.14687499403953552
1565120022.4249828,136,0.13993056118488312
1565120029.6987474,137,0.16527777910232544
1565120037.0160806,138,0.13993056118488312
1565120044.359885,139,0.14861111342906952
1565120051.6835468,140,0.14340278506278992
1565120059.216935,141,0.14687499403953552
1565120066.5556772,142,0.14513888955116272
1565120073.8865016,143,0.14374999701976776
1565120081.2014596,144,0.14826388657093048
1565120088.5529678,145,0.14479166269302368
1565120096.0330696,146,0.14861111342906952
1565120103.5002694,147,0.14513888955116272
1565120110.82805,148,0.14340278506278992
1565120118.130138,149,0.14861111342906952
1565120125.48714,150,0.15555556118488312
1565120132.9902976,151,0.13993056118488312
1565120140.4250977,152,0.15625
1565120147.9108222,153,0.14861111342906952
1565120155.3753603,154,0.1440972238779068
1565120162.855739,155,0.16354165971279144
1565120170.359907,156,0.14895834028720856
1565120177.8617992,157,0.14270833134651184
1565120185.347266,158,0.14861111342906952
1565120192.83489,159,0.14791665971279144
1565120200.3367386,160,0.14513888955116272
1565120207.8333135,161,0.17048610746860504
1565120215.3087654,162,0.14340278506278992
1565120222.7784193,163,0.14444445073604584
1565120230.2224965,164,0.14513888955116272
1565120237.522898,165,0.15381944179534912
1565120244.8377652,166,0.15138888359069824
1565120252.1165159,167,0.14097222685813904
1565120259.4411101,168,0.14340278506278992
1565120266.9431038,169,0.15069444477558136
1565120274.4400148,170,0.14513888955116272
1565120281.7019238,171,0.14444445073604584
1565120288.996661,172,0.14826388657093048
1565120296.4986992,173,0.15312500298023224
1565120303.8250082,174,0.14340278506278992
1565120311.2853987,175,0.15208333730697632
1565120318.566249,176,0.14166666567325592
1565120325.892166,177,0.14687499403953552
1565120333.2256176,178,0.14444445073604584
1565120340.65854,179,0.14166666567325592
1565120347.999415,180,0.14687499403953552
1565120355.3415573,181,0.140625
1565120362.85883,182,0.13993056118488312
1565120370.3778253,183,0.15937499701976776
1565120377.7699537,184,0.14652778208255768
1565120385.2545574,185,0.14201389253139496
1565120392.728363,186,0.13055555522441864
1565120400.0681117,187,0.15520833432674408
1565120407.3942099,188,0.17256943881511688
1565120414.89688,189,0.14687499403953552
1565120422.440014,190,0.15000000596046448
1565120429.9745927,191,0.14791665971279144
1565120437.319581,192,0.15138888359069824
1565120444.5804815,193,0.16041666269302368
1565120452.0428348,194,0.14687499403953552
1565120459.4666126,195,0.14444445073604584
1565120466.9671445,196,0.13090278208255768
1565120474.4599762,197,0.14861111342906952
1565120481.9727032,198,0.14861111342906952
1565120489.4494622,199,0.14444445073604584
