Wall time,Step,Value
1565118999.6817696,0,0.08866767585277557
1565119006.3961685,1,0.2254704236984253
1565119013.0239265,2,0.23185484111309052
1565119019.7223368,3,0.32627686858177185
1565119026.3661745,4,0.3084257245063782
1565119032.9878879,5,0.42153897881507874
1565119039.6289184,6,0.3599630296230316
1565119046.278375,7,0.3607610762119293
1565119052.9542224,8,0.2964549660682678
1565119059.6098418,9,0.26688507199287415
1565119066.2971737,10,0.17095093429088593
1565119072.897994,11,0.1450352817773819
1565119079.5780988,12,0.14398521184921265
1565119086.2601838,13,0.12537802755832672
1565119092.9450448,14,0.15700605511665344
1565119099.612084,15,0.13877688348293304
1565119106.2455275,16,0.16208837926387787
1565119112.934678,17,0.16469253599643707
1565119119.5867124,18,0.14348118007183075
1565119126.2350287,19,0.1176915317773819
1565119132.917213,20,0.12823420763015747
1565119139.6095307,21,0.12147177755832672
1565119146.2589507,22,0.15217573940753937
1565119152.9250162,23,0.1463373601436615
1565119159.5718994,24,0.1489415317773819
1565119166.2357302,25,0.1281082034111023
1565119172.8947372,26,0.10063844174146652
1565119179.5179007,27,0.16221438348293304
1565119186.2348235,28,0.1632644534111023
1565119192.8793364,29,0.1403309851884842
1565119199.5312967,30,0.14516128599643707
1565119206.2152972,31,0.14398521184921265
1565119212.8863463,32,0.1333165317773819
1565119219.509538,33,0.12785618007183075
1565119226.1416676,34,0.16103830933570862
1565119232.8378053,35,0.1359207034111023
1565119239.502271,36,0.11223118007183075
1565119246.1636136,37,0.08996976166963577
1565119252.8601263,38,0.1255040317773819
1565119259.5145357,39,0.08879368007183075
1565119266.1663747,40,0.10311660170555115
1565119272.8442395,41,0.12302587181329727
1565119279.5221202,42,0.13877688348293304
1565119286.1898375,43,0.1242019459605217
1565119292.8263984,44,0.08866767585277557
1565119299.4581437,45,0.10622479766607285
1565119306.089651,46,0.13356855511665344
1565119312.7586117,47,0.15948420763015747
1565119319.430866,48,0.11235719174146652
1565119326.0849564,49,0.09698420763015747
1565119332.7247736,50,0.1085769459605217
1565119339.4066415,51,0.09400201588869095
1565119346.039409,52,0.09971438348293304
1565119352.650517,53,0.10299059003591537
1565119359.3654213,54,0.0942540317773819
1565119366.0473614,55,0.0942540317773819
1565119372.7048044,56,0.0942540317773819
1565119379.3188088,57,0.08879368007183075
1565119386.015829,58,0.08606351166963577
1565119392.7106054,59,0.0833333358168602
1565119399.3950186,60,0.09698420763015747
1565119406.065359,61,0.08879368007183075
1565119412.7370827,62,0.0942540317773819
1565119419.4418106,63,0.09698420763015747
1565119426.1385717,64,0.08879368007183075
1565119432.808261,65,0.0942540317773819
1565119439.4581864,66,0.08606351166963577
1565119446.0713763,67,0.09698420763015747
1565119452.7340026,68,0.0942540317773819
1565119459.359558,69,0.09152385592460632
1565119465.9794512,70,0.08879368007183075
1565119472.6467927,71,0.08606351166963577
1565119479.3284729,72,0.09698420763015747
1565119486.0161152,73,0.09971438348293304
1565119492.707512,74,0.08879368007183075
1565119499.3870144,75,0.08476142585277557
1565119506.070226,76,0.09152385592460632
1565119512.7013013,77,0.11861559003591537
1565119519.382111,78,0.12252184003591537
1565119526.0713143,79,0.1242019459605217
1565119532.7449782,80,0.11496135592460632
1565119539.4157743,81,0.10063844174146652
1565119546.072251,82,0.0942540317773819
1565119552.7151682,83,0.09698420763015747
1565119559.39191,84,0.09152385592460632
1565119566.056484,85,0.08879368007183075
1565119572.6938798,86,0.08606351166963577
1565119579.4770474,87,0.09152385592460632
1565119586.1546555,88,0.08606351166963577
1565119592.8256323,89,0.0833333358168602
1565119599.4868999,90,0.0942540317773819
1565119606.164767,91,0.09152385592460632
1565119612.8619597,92,0.09152385592460632
1565119619.5654607,93,0.08879368007183075
1565119626.244184,94,0.16742271184921265
1565119632.9332197,95,0.08879368007183075
1565119639.5916808,96,0.0942540317773819
1565119646.2404172,97,0.12718413770198822
1565119652.887678,98,0.17015288770198822
1565119659.573022,99,0.15297378599643707
1565119666.2168486,100,0.1619623601436615
1565119672.842811,101,0.16469253599643707
1565119679.4626818,102,0.16742271184921265
1565119686.133482,103,0.16469253599643707
1565119692.7775862,104,0.19203628599643707
1565119699.4111512,105,0.10584677755832672
1565119706.0603013,106,0.16742271184921265
1565119712.6752594,107,0.15377184748649597
1565119719.3114705,108,0.1893061101436615
1565119726.003338,109,0.15923218429088593
1565119732.6845236,110,0.1619623601436615
1565119739.3837478,111,0.15923218429088593
1565119746.0611331,112,0.16469253599643707
1565119752.7439458,113,0.16469253599643707
1565119759.4029346,114,0.16742271184921265
1565119766.0202558,115,0.15650202333927155
1565119772.680405,116,0.16742271184921265
1565119779.385428,117,0.15650202333927155
1565119786.0269988,118,0.17015288770198822
1565119792.6765099,119,0.15650202333927155
1565119799.3518896,120,0.15650202333927155
1565119806.0285425,121,0.15923218429088593
1565119812.6676676,122,0.15923218429088593
1565119819.349016,123,0.1767893135547638
1565119826.05732,124,0.16742271184921265
1565119832.7474597,125,0.1619623601436615
1565119839.4181173,126,0.15923218429088593
1565119846.1050103,127,0.1728830635547638
1565119852.802485,128,0.15650202333927155
1565119859.4971697,129,0.16469253599643707
1565119866.1915584,130,0.16469253599643707
1565119872.8465955,131,0.15650202333927155
1565119879.5093672,132,0.1619623601436615
1565119886.210019,133,0.16742271184921265
1565119892.8576524,134,0.10429267585277557
1565119899.4915667,135,0.2002268135547638
1565119906.1673272,136,0.1619623601436615
1565119912.8181276,137,0.15923218429088593
1565119919.5031245,138,0.17015288770198822
1565119926.170843,139,0.1619623601436615
1565119932.8442533,140,0.16469253599643707
1565119939.5387452,141,0.15923218429088593
1565119946.2217107,142,0.15650202333927155
1565119952.9097645,143,0.1619623601436615
1565119959.5552335,144,0.1728830635547638
1565119966.2032273,145,0.14881552755832672
1565119972.8799105,146,0.21181955933570862
1565119979.5466807,147,0.15141968429088593
1565119986.2247734,148,0.11613743007183075
1565119992.8942766,149,0.1741851419210434
1565119999.5661573,150,0.21820396184921265
1565120006.2491655,151,0.18006552755832672
1565120012.869994,152,0.15700605511665344
1565120019.509387,153,0.18187163770198822
1565120026.1680562,154,0.16053427755832672
1565120032.792583,155,0.21467573940753937
1565120039.481938,156,0.1632644534111023
1565120046.1710315,157,0.13474462926387787
1565120052.8348033,158,0.09660618007183075
1565120059.532383,159,0.1385248601436615
1565120066.1741467,160,0.1299143135547638
1565120072.835148,161,0.15309980511665344
1565120079.4860232,162,0.1150873675942421
1565120086.1589375,163,0.17796538770198822
1565120092.8618329,164,0.14621135592460632
1565120099.5046198,165,0.15713205933570862
1565120106.1382935,166,0.11092910170555115
1565120112.8032992,167,0.11601142585277557
1565120119.4411962,168,0.2062332034111023
1565120126.117507,169,0.16990087926387787
1565120132.8060212,170,0.11353326588869095
1565120139.4192533,171,0.11496135592460632
1565120146.0894556,172,0.12302587181329727
1565120152.732658,173,0.11496135592460632
1565120159.3736243,174,0.19854670763015747
1565120166.0560725,175,0.1624663919210434
1565120172.7244782,176,0.1260080635547638
1565120179.4057546,177,0.10832493007183075
1565120186.0624034,178,0.15923218429088593
1565120192.723709,179,0.09648017585277557
1565120199.4120452,180,0.22458837926387787
1565120206.087858,181,0.11105510592460632
1565120212.7160523,182,0.21337366104125977
1565120219.3969147,183,0.1228998675942421
1565120226.0389817,184,0.18993616104125977
1565120232.659132,185,0.17263105511665344
1565120239.3122902,186,0.1619623601436615
1565120245.9708874,187,0.1202956959605217
1565120252.6037934,188,0.14646337926387787
1565120259.2634842,189,0.11235719174146652
1565120265.9309866,190,0.15011760592460632
1565120272.6015916,191,0.17666330933570862
1565120279.2322195,192,0.22471438348293304
1565120285.8535976,193,0.1221018135547638
1565120292.534678,194,0.11353326588869095
1565120299.2102456,195,0.1255040317773819
1565120305.855941,196,0.1411290317773819
1565120312.4761186,197,0.12966230511665344
1565120319.1214595,198,0.13709677755832672
1565120325.7877336,199,0.14528730511665344
