Wall time,Step,Value
1565119024.069938,0,0.14097222685813904
1565119031.9517627,1,0.17592592537403107
1565119039.6801007,2,0.24583333730697632
1565119047.5178626,3,0.33819442987442017
1565119055.2533195,4,0.21134258806705475
1565119062.9533036,5,0.2256944477558136
1565119070.8184083,6,0.2171296328306198
1565119078.4812028,7,0.2613425850868225
1565119086.3219151,8,0.31134259700775146
1565119094.0304005,9,0.14097222685813904
1565119101.9016814,10,0.09837962687015533
1565119109.6051476,11,0.1414351910352707
1565119117.2421248,12,0.13703703880310059
1565119124.935452,13,0.1414351910352707
1565119132.7665882,14,0.13240741193294525
1565119140.4919577,15,0.13703703880310059
1565119148.334445,16,0.13263888657093048
1565119156.0333211,17,0.13703703880310059
1565119163.8820732,18,0.1458333283662796
1565119171.5439146,19,0.13703703880310059
1565119179.4359086,20,0.12384258955717087
1565119187.3073094,21,0.13263888657093048
1565119195.0013292,22,0.12824073433876038
1565119202.8229225,23,0.1414351910352707
1565119210.5569887,24,0.15254630148410797
1565119218.4258564,25,0.12824073433876038
1565119226.274773,26,0.12824073433876038
1565119234.1505635,27,0.13263888657093048
1565119241.9628668,28,0.13263888657093048
1565119249.7526567,29,0.13263888657093048
1565119257.4391878,30,0.12824073433876038
1565119265.1391764,31,0.13263888657093048
1565119272.82581,32,0.13703703880310059
1565119280.5514674,33,0.1414351910352707
1565119288.3698332,34,0.13263888657093048
1565119296.0503945,35,0.12824073433876038
1565119303.6960466,36,0.1414351910352707
1565119311.3965023,37,0.13425925374031067
1565119319.1162744,38,0.16782407462596893
1565119326.8095486,39,0.13958333432674408
1565119334.4996502,40,0.24861110746860504
1565119342.1933258,41,0.13703703880310059
1565119350.0295331,42,0.13819444179534912
1565119357.8403971,43,0.1537037044763565
1565119365.6140628,44,0.1414351910352707
1565119373.487205,45,0.23726852238178253
1565119381.3108034,46,0.23680555820465088
1565119388.983738,47,0.23287037014961243
1565119396.6198494,48,0.10000000149011612
1565119404.4052181,49,0.1303240805864334
1565119412.2647383,50,0.0868055522441864
1565119420.0876176,51,0.10000000149011612
1565119427.7314954,52,0.10000000149011612
1565119435.3774426,53,0.13703703880310059
1565119443.083645,54,0.0868055522441864
1565119450.775878,55,0.0912037044763565
1565119458.448404,56,0.0868055522441864
1565119466.2937338,57,0.13703703880310059
1565119474.1631262,58,0.10000000149011612
1565119482.028896,59,0.1701388955116272
1565119489.8242896,60,0.09768518805503845
1565119497.6725957,61,0.09560184925794601
1565119505.38777,62,0.09560184925794601
1565119513.2000666,63,0.17754629254341125
1565119521.03355,64,0.2057870328426361
1565119528.8825006,65,0.16805554926395416
1565119536.7382107,66,0.08425925672054291
1565119544.5574343,67,0.12638889253139496
1565119552.389574,68,0.15856482088565826
1565119560.2826245,69,0.12708333134651184
1565119568.1108031,70,0.13703703880310059
1565119575.9746263,71,0.13611111044883728
1565119583.8386197,72,0.09745370596647263
1565119591.5439565,73,0.13680554926395416
1565119599.1940088,74,0.08773148059844971
1565119607.0758827,75,0.13703703880310059
1565119614.90743,76,0.13657407462596893
1565119622.7932203,77,0.0912037044763565
1565119630.6044674,78,0.13425925374031067
1565119638.4555256,79,0.19143518805503845
1565119646.3079484,80,0.20787036418914795
1565119654.1803954,81,0.20069444179534912
1565119662.0570545,82,0.13703703880310059
1565119669.7614713,83,0.14861111342906952
1565119677.6266212,84,0.13055555522441864
1565119685.5083046,85,0.11921296268701553
1565119693.196706,86,0.1476851850748062
1565119700.842463,87,0.15347221493721008
1565119708.477134,88,0.20370370149612427
1565119716.167963,89,0.2743055522441864
1565119723.9021106,90,0.1657407432794571
1565119731.5820053,91,0.23657406866550446
1565119739.4123416,92,0.18078704178333282
1565119747.1437182,93,0.19490741193294525
1565119754.7770338,94,0.14166666567325592
1565119762.4144337,95,0.16018518805503845
1565119770.2414036,96,0.20462962985038757
1565119777.8837757,97,0.16828703880310059
1565119785.530346,98,0.18449074029922485
1565119793.210566,99,0.23634259402751923
1565119800.8988106,100,0.2569444477558136
1565119808.7119796,101,0.17060184478759766
1565119816.5537605,102,0.3601851761341095
1565119824.2365966,103,0.39120370149612427
1565119831.9115953,104,0.2326388955116272
1565119839.7670643,105,0.2335648089647293
1565119847.60157,106,0.11342592537403107
1565119855.466093,107,0.1606481522321701
1565119863.3437033,108,0.1988425999879837
1565119871.1746745,109,0.17199073731899261
1565119879.0418081,110,0.3409722149372101
1565119886.8830004,111,0.3405092656612396
1565119894.7192614,112,0.1657407432794571
1565119902.403465,113,0.14074073731899261
1565119910.133968,114,0.24444444477558136
1565119917.8557808,115,0.4094907343387604
1565119925.7282183,116,0.25138887763023376
1565119933.575986,117,0.17916665971279144
1565119941.411278,118,0.3097222149372101
1565119949.256305,119,0.27453702688217163
1565119957.0637162,120,0.15555556118488312
1565119964.711673,121,0.14004629850387573
1565119972.3717864,122,0.13240741193294525
1565119980.159073,123,0.2743055522441864
1565119988.053695,124,0.26180556416511536
1565119995.7566018,125,0.19953703880310059
1565120003.613644,126,0.28796297311782837
1565120011.2781553,127,0.37453705072402954
1565120018.949894,128,0.13171295821666718
1565120026.659901,129,0.1736111044883728
1565120034.3279283,130,0.25648146867752075
1565120041.9767618,131,0.28842592239379883
1565120049.6089487,132,0.35462963581085205
1565120057.3168502,133,0.12824073433876038
1565120065.0644898,134,0.32083332538604736
1565120072.9128206,135,0.1432870328426361
1565120080.7160835,136,0.21412037312984467
1565120088.5637643,137,0.14537036418914795
1565120096.4041297,138,0.11874999850988388
1565120104.1436765,139,0.30671295523643494
1565120111.8427691,140,0.17476852238178253
1565120119.559211,141,0.22175925970077515
1565120127.1973772,142,0.15231481194496155
1565120134.8641224,143,0.14629629254341125
1565120142.6828332,144,0.1928240805864334
1565120150.4259255,145,0.26597222685813904
1565120158.0891767,146,0.21041665971279144
1565120165.808935,147,0.1606481522321701
1565120173.6886804,148,0.1328703761100769
1565120181.5515325,149,0.23935185372829437
1565120189.2674127,150,0.16388888657093048
1565120197.1209004,151,0.1476851850748062
1565120204.9578073,152,0.28796297311782837
1565120212.7956383,153,0.24282407760620117
1565120220.4883494,154,0.18379630148410797
1565120228.1324658,155,0.40578705072402954
1565120235.8146982,156,0.14259259402751923
1565120243.4847271,157,0.2553240656852722
1565120251.1211598,158,0.3740740716457367
1565120258.9842288,159,0.1944444477558136
1565120266.8630285,160,0.15555556118488312
1565120274.5637996,161,0.19583334028720856
1565120282.270624,162,0.151157408952713
1565120289.9618843,163,0.27916666865348816
1565120297.6327076,164,0.35092592239379883
1565120305.3055415,165,0.2611111104488373
1565120313.1138115,166,0.39120370149612427
1565120320.9756682,167,0.4122685194015503
1565120328.6391473,168,0.29305556416511536
1565120336.2686276,169,0.30069443583488464
1565120344.0395854,170,0.37476852536201477
1565120351.7967637,171,0.2935185134410858
1565120359.581722,172,0.3560185134410858
1565120367.3884192,173,0.35879629850387573
1565120375.2164469,174,0.17037037014961243
1565120382.8821065,175,0.14305555820465088
1565120390.4955559,176,0.40162035822868347
1565120398.0950975,177,0.2178240716457367
1565120405.7557502,178,0.3152777850627899
1565120413.3841133,179,0.28935185074806213
1565120421.0237408,180,0.3236111104488373
1565120428.8623772,181,0.25393518805503845
1565120436.5297172,182,0.2953703701496124
1565120444.1662288,183,0.17083333432674408
1565120451.7740154,184,0.2532407343387604
1565120459.3987427,185,0.38333332538604736
1565120467.0559864,186,0.33703702688217163
1565120474.8316748,187,0.3245370388031006
1565120482.591265,188,0.18680556118488312
1565120490.3770087,189,0.40578705072402954
1565120498.142289,190,0.43518519401550293
1565120505.7330334,191,0.3326388895511627
1565120513.5464733,192,0.15902778506278992
1565120521.3139374,193,0.17546296119689941
1565120528.9522521,194,0.33125001192092896
1565120536.7046843,195,0.41527777910232544
1565120544.3583083,196,0.38842591643333435
1565120552.1590765,197,0.4567129611968994
1565120559.8120763,198,0.29652777314186096
1565120567.4260814,199,0.4104166626930237
