Wall time,Step,Value
1565119017.802873,0,0.2631048262119293
1565119025.2990725,1,0.21449372172355652
1565119032.6041408,2,0.15218040347099304
1565119039.8662646,3,0.2177419364452362
1565119047.1087172,4,0.24025537073612213
1565119054.4012635,5,0.24585573375225067
1565119061.8735747,6,0.29058393836021423
1565119069.1453352,7,0.2705719769001007
1565119076.5534122,8,0.3038381040096283
1565119083.8610566,9,0.3027553856372833
1565119091.3438058,10,0.3078330457210541
1565119098.7691758,11,0.28834378719329834
1565119106.0717163,12,0.21860066056251526
1565119113.5089362,13,0.2422715127468109
1565119120.9691584,14,0.2623581290245056
1565119128.3046086,15,0.33814963698387146
1565119135.7637436,16,0.34707286953926086
1565119143.0514665,17,0.34539276361465454
1565119150.5093052,18,0.33646953105926514
1565119157.970385,19,0.34856629371643066
1565119165.2995718,20,0.3549880385398865
1565119172.734268,21,0.34109917283058167
1565119180.0236592,22,0.3687649369239807
1565119187.3465486,23,0.40109768509864807
1565119194.7940352,24,0.30193400382995605
1565119202.0553012,25,0.35424134135246277
1565119209.3962722,26,0.2842741906642914
1565119216.732004,27,0.358646959066391
1565119224.0359497,28,0.34908899664878845
1565119231.3284893,29,0.396878719329834
1565119238.7423844,30,0.396766722202301
1565119246.025187,31,0.3958333432674408
1565119253.42112,32,0.4479166567325592
1565119260.7525468,33,0.14176374673843384
1565119268.2178361,34,0.14575865864753723
1565119275.5117674,35,0.14523595571517944
1565119282.9625137,36,0.14321982860565186
1565119290.4943948,37,0.12690411508083344
1565119297.806448,38,0.1376568078994751
1565119305.0634577,39,0.1326911598443985
1565119312.4878109,40,0.1363873928785324
1565119319.905587,41,0.1376568078994751
1565119327.1746607,42,0.13997162878513336
1565119334.5948262,43,0.14030764997005463
1565119342.040116,44,0.1347072869539261
1565119349.5334709,45,0.13702210783958435
1565119356.8798418,46,0.13892622292041779
1565119364.1678295,47,0.13522998988628387
1565119371.6234715,48,0.13829152286052704
1565119378.9292572,49,0.13702210783958435
1565119386.3240986,50,0.13829152286052704
1565119393.6489618,51,0.13575269281864166
1565119401.0693057,52,0.13511797785758972
1565119408.4029603,53,0.13881421089172363
1565119415.6873586,54,0.14083035290241241
1565119423.1390707,55,0.1347072869539261
1565119430.5743291,56,0.13870221376419067
1565119437.874645,57,0.13448327779769897
1565119445.167582,58,0.13702210783958435
1565119452.5703745,59,0.1376568078994751
1565119460.0060637,60,0.13892622292041779
1565119467.3366406,61,0.13944892585277557
1565119474.7633588,62,0.1363873928785324
1565119482.0437891,63,0.13829152286052704
1565119489.3391728,64,0.13384856283664703
1565119496.7922697,65,0.13933691382408142
1565119504.250531,66,0.1363873928785324
1565119511.6798034,67,0.13522998988628387
1565119518.98982,68,0.1371341049671173
1565119526.431429,69,0.13997162878513336
1565119533.7368605,70,0.1363873928785324
1565119541.126507,71,0.13956093788146973
1565119548.3893478,72,0.1334378719329834
1565119555.8162239,73,0.13903823494911194
1565119563.1308339,74,0.13735812902450562
1565119570.4358928,75,0.13829152286052704
1565119577.7575867,76,0.1411290317773819
1565119585.1769354,77,0.14071834087371826
1565119592.6298614,78,0.13829152286052704
1565119599.943235,79,0.13956093788146973
1565119607.4418924,80,0.13586468994617462
1565119614.8799758,81,0.14049433171749115
1565119622.3672786,82,0.1307123601436615
1565119629.6983423,83,0.13817951083183289
1565119637.1347132,84,0.13448327779769897
1565119644.4250395,85,0.1411290317773819
1565119651.70223,86,0.13817951083183289
1565119659.094458,87,0.13997162878513336
1565119666.413564,88,0.13829152286052704
1565119673.8308275,89,0.1376568078994751
1565119681.1326299,90,0.13575269281864166
1565119688.589796,91,0.13956093788146973
1565119696.0278902,92,0.13702210783958435
1565119703.3058667,93,0.13702210783958435
1565119710.6224902,94,0.1376568078994751
1565119718.071559,95,0.14083035290241241
1565119725.366972,96,0.14176374673843384
1565119732.784219,97,0.1411290317773819
1565119740.247165,98,0.13511797785758972
1565119747.5850947,99,0.14396654069423676
1565119755.0233994,100,0.1475507766008377
1565119762.3503883,101,0.14448924362659454
1565119769.7803156,102,0.14766278862953186
1565119777.1497345,103,0.14975358545780182
1565119784.5717604,104,0.16502389311790466
1565119791.8895326,105,0.14923088252544403
1565119799.312663,106,0.166703999042511
1565119806.7426255,107,0.15195639431476593
1565119814.0419729,108,0.16438919305801392
1565119821.5428467,109,0.15438321232795715
1565119828.8586361,110,0.1515457034111023
1565119836.2636092,111,0.15617533028125763
1565119843.6817307,112,0.16774940490722656
1565119851.107317,113,0.14923088252544403
1565119858.4381776,114,0.13511797785758972
1565119865.7551508,115,0.12892025709152222
1565119873.1813715,116,0.14239844679832458
1565119880.528912,117,0.1398596167564392
1565119887.984658,118,0.13754479587078094
1565119895.4122832,119,0.1347072869539261
1565119902.731782,120,0.14859618246555328
1565119910.0175698,121,0.13754479587078094
1565119917.3157756,122,0.13892622292041779
1565119924.7354765,123,0.14083035290241241
1565119932.0761108,124,0.13829152286052704
1565119939.416337,125,0.13829152286052704
1565119946.884188,126,0.16722670197486877
1565119954.3072505,127,0.17648595571517944
1565119961.6055427,128,0.18406511843204498
1565119969.048119,129,0.18458780646324158
1565119976.5025191,130,0.06567353755235672
1565119983.8263412,131,0.052195340394973755
1565119991.2534206,132,0.14217443764209747
1565119998.5055768,133,0.1245146319270134
1565120005.9095058,134,0.11301523447036743
1565120013.2160566,135,0.17514187097549438
1565120020.6646643,136,0.11167114973068237
1565120028.1279554,137,0.13956093788146973
1565120035.5779674,138,0.17006421089172363
1565120042.894581,139,0.19713261723518372
1565120050.1796966,140,0.15322580933570862
1565120057.6241462,141,0.16386649012565613
1565120064.9706094,142,0.15259109437465668
1565120072.3979814,143,0.10872162133455276
1565120079.7289748,144,0.12892025709152222
1565120087.1990144,145,0.2784498333930969
1565120094.550312,146,0.16185036301612854
1565120102.0435114,147,0.14859618246555328
1565120109.3583589,148,0.13101105391979218
1565120116.8282807,149,0.15091098845005035
1565120124.258486,150,0.1857452243566513
1565120131.5962102,151,0.14743876457214355
1565120139.0632172,152,0.13239246606826782
1565120146.3912258,153,0.1502762883901596
1565120153.8416452,154,0.13228046894073486
1565120161.2596228,155,0.1510230004787445
1565120168.5717933,156,0.14796146750450134
1565120175.8854613,157,0.15386050939559937
1565120183.324356,158,0.13944892585277557
1565120190.764319,159,0.12933094799518585
1565120198.2175236,160,0.1440785527229309
1565120205.489675,161,0.1674507111310959
1565120212.913519,162,0.17573924362659454
1565120220.1958294,163,0.13627538084983826
1565120227.524693,164,0.13881421089172363
1565120234.919323,165,0.171632319688797
1565120242.3695722,166,0.16577060520648956
1565120249.825209,167,0.1321684569120407
1565120257.2934697,168,0.21270161867141724
1565120264.7233994,169,0.1765979677438736
1565120272.0285249,170,0.14691607654094696
1565120279.4721217,171,0.1363873928785324
1565120286.7624068,172,0.1363873928785324
1565120294.232399,173,0.19030018150806427
1565120301.6658936,174,0.10524940490722656
1565120309.000589,175,0.1363873928785324
1565120316.4403772,176,0.1363873928785324
1565120323.7141752,177,0.10282257944345474
1565120330.959607,178,0.19563919305801392
1565120338.3693106,179,0.18869474530220032
1565120345.6431317,180,0.2564964294433594
1565120353.034072,181,0.16502389311790466
1565120360.2982864,182,0.2513067424297333
1565120367.6631386,183,0.1704002320766449
1565120374.9164114,184,0.14176374673843384
1565120382.3400822,185,0.19377240538597107
1565120389.6033394,186,0.17775537073612213
1565120396.942357,187,0.26448625326156616
1565120404.186319,188,0.13776881992816925
1565120411.5636003,189,0.14165173470973969
1565120418.8227837,190,0.14471326768398285
1565120426.2480063,191,0.16954152286052704
1565120433.5098681,192,0.22659049928188324
1565120440.9053397,193,0.11723417043685913
1565120448.3090587,194,0.28636500239372253
1565120455.5974078,195,0.14628136157989502
1565120463.0325987,196,0.1632317751646042
1565120470.304926,197,0.2685931921005249
1565120477.7404666,198,0.2753136157989502
1565120485.2000418,199,0.05103793367743492
