Wall time,Step,Value
1565119006.1231492,0,0.22812500596046448
1565119013.4080396,1,0.24062499403953552
1565119020.5866513,2,0.3010416626930237
1565119027.8502033,3,0.2927083373069763
1565119035.103624,4,0.2802083194255829
1565119042.3085523,5,0.3239583373069763
1565119049.4857965,6,0.23645833134651184
1565119056.6989856,7,0.3270833194255829
1565119063.905515,8,0.21770833432674408
1565119071.1444783,9,0.22708334028720856
1565119078.4229107,10,0.2760416567325592
1565119085.6555083,11,0.3687500059604645
1565119092.8942988,12,0.37708333134651184
1565119100.1691065,13,0.3687500059604645
1565119107.450626,14,0.33645832538604736
1565119114.6998246,15,0.3791666626930237
1565119121.9257402,16,0.4010416567325592
1565119129.186018,17,0.33020833134651184
1565119136.4534638,18,0.23749999701976776
1565119143.7095141,19,0.4583333432674408
1565119150.937796,20,0.43958333134651184
1565119158.1850863,21,0.3427083194255829
1565119165.445521,22,0.1145833358168602
1565119172.6903248,23,0.17916665971279144
1565119179.9563773,24,0.08541666716337204
1565119187.175952,25,0.04479166492819786
1565119194.433596,26,0.24166665971279144
1565119201.675732,27,0.24375000596046448
1565119208.933436,28,0.23020833730697632
1565119216.1839666,29,0.2562499940395355
1565119223.398518,30,0.04583333432674408
1565119230.5983493,31,0.24062499403953552
1565119237.840682,32,0.07604166865348816
1565119245.0379589,33,0.07708333432674408
1565119252.2777686,34,0.12604166567325592
1565119259.5183299,35,0.23333333432674408
1565119266.7452767,36,0.32604166865348816
1565119273.984405,37,0.25
1565119281.248893,38,0.26770833134651184
1565119288.4489121,39,0.37291666865348816
1565119295.6687143,40,0.18541666865348816
1565119302.8892584,41,0.13124999403953552
1565119310.1455255,42,0.07604166865348816
1565119317.3547833,43,0.04374999925494194
1565119324.5843825,44,0.25729167461395264
1565119331.8375032,45,0.05000000074505806
1565119339.091667,46,0.3020833432674408
1565119346.3042033,47,0.3218750059604645
1565119353.52137,48,0.20937499403953552
1565119360.7565842,49,0.23125000298023224
1565119368.0008123,50,0.265625
1565119375.2485242,51,0.13229165971279144
1565119382.5295875,52,0.2666666805744171
1565119389.803922,53,0.1197916641831398
1565119397.0600836,54,0.21979166567325592
1565119404.3071022,55,0.3072916567325592
1565119411.5751595,56,0.11249999701976776
1565119418.8132672,57,0.31041666865348816
1565119426.072777,58,0.22812500596046448
1565119433.333934,59,0.29895833134651184
1565119440.5994713,60,0.2593750059604645
1565119447.847255,61,0.2666666805744171
1565119455.0924683,62,0.18020834028720856
1565119462.3424273,63,0.27916666865348816
1565119469.593238,64,0.2083333283662796
1565119476.8327022,65,0.2916666567325592
1565119484.0650816,66,0.14687499403953552
1565119491.3104339,67,0.203125
1565119498.5701418,68,0.28958332538604736
1565119505.823829,69,0.3270833194255829
1565119513.026217,70,0.2906250059604645
1565119520.275713,71,0.17499999701976776
1565119527.5337398,72,0.24895833432674408
1565119534.8091357,73,0.15416666865348816
1565119542.065968,74,0.19062499701976776
1565119549.3168132,75,0.26770833134651184
1565119556.5809402,76,0.27916666865348816
1565119563.7952018,77,0.20208333432674408
1565119571.0304642,78,0.1666666716337204
1565119578.2671533,79,0.19374999403953552
1565119585.5243506,80,0.16354165971279144
1565119592.75599,81,0.24583333730697632
1565119599.979364,82,0.32083332538604736
1565119607.216951,83,0.27812498807907104
1565119614.4690616,84,0.18437500298023224
1565119621.7341635,85,0.125
1565119628.992679,86,0.2874999940395355
1565119636.2509692,87,0.24062499403953552
1565119643.4985542,88,0.20624999701976776
1565119650.6956685,89,0.2666666805744171
1565119657.953862,90,0.24583333730697632
1565119665.1908176,91,0.2750000059604645
1565119672.4475317,92,0.24270834028720856
1565119679.6885955,93,0.18541666865348816
1565119686.885065,94,0.28958332538604736
1565119694.1183937,95,0.2697916626930237
1565119701.3914094,96,0.14270833134651184
1565119708.6313846,97,0.14791665971279144
1565119715.8571417,98,0.20416666567325592
1565119723.109746,99,0.27916666865348816
1565119730.3830595,100,0.2510416805744171
1565119737.6183276,101,0.28958332538604736
1565119744.8238025,102,0.15000000596046448
1565119752.0155897,103,0.25729167461395264
1565119759.215611,104,0.27395832538604736
1565119766.4554715,105,0.29479166865348816
1565119773.6931918,106,0.19374999403953552
1565119780.9533138,107,0.28958332538604736
1565119788.2068057,108,0.29895833134651184
1565119795.4854403,109,0.2906250059604645
1565119802.7580252,110,0.25833332538604736
1565119809.9584823,111,0.2874999940395355
1565119817.2037594,112,0.26875001192092896
1565119824.4602983,113,0.2291666716337204
1565119831.6779325,114,0.25729167461395264
1565119838.906102,115,0.2770833373069763
1565119846.1062298,116,0.33125001192092896
1565119853.3506036,117,0.31562501192092896
1565119860.565973,118,0.2562499940395355
1565119867.8360357,119,0.30937498807907104
1565119875.0805979,120,0.23125000298023224
1565119882.36247,121,0.13958333432674408
1565119889.7817087,122,0.11770833283662796
1565119897.0181427,123,0.0520833320915699
1565119904.249277,124,0.19479165971279144
1565119911.4950626,125,0.28958332538604736
1565119918.7524636,126,0.30520832538604736
1565119925.963706,127,0.24166665971279144
1565119933.202214,128,0.21250000596046448
1565119940.4342802,129,0.24583333730697632
1565119947.651344,130,0.24687500298023224
1565119954.8835735,131,0.24375000596046448
1565119962.0744216,132,0.31979167461395264
1565119969.3150597,133,0.36250001192092896
1565119976.514165,134,0.27812498807907104
1565119983.7691317,135,0.2614583373069763
1565119991.0063255,136,0.328125
1565119998.2796898,137,0.2916666567325592
1565120005.5309465,138,0.22187499701976776
1565120012.7906353,139,0.28333333134651184
1565120020.0283747,140,0.26249998807907104
1565120027.2662966,141,0.3656249940395355
1565120034.5217109,142,0.2874999940395355
1565120041.735392,143,0.359375
1565120048.960801,144,0.3229166567325592
1565120056.2088172,145,0.33541667461395264
1565120063.4108572,146,0.2708333432674408
1565120070.6776764,147,0.29374998807907104
1565120077.9563117,148,0.13645833730697632
1565120085.211357,149,0.14687499403953552
1565120092.4645069,150,0.22604165971279144
1565120099.7521284,151,0.14374999701976776
1565120107.001622,152,0.2697916626930237
1565120114.1866934,153,0.16770833730697632
1565120121.483542,154,0.12916666269302368
1565120128.6964998,155,0.2854166626930237
1565120135.9633293,156,0.28333333134651184
1565120143.214969,157,0.14166666567325592
1565120150.441557,158,0.1354166716337204
1565120157.6723657,159,0.2510416805744171
1565120164.941865,160,0.18437500298023224
1565120172.1654906,161,0.10729166865348816
1565120179.4390829,162,0.11354167014360428
1565120186.7078803,163,0.1614583283662796
1565120193.9259326,164,0.2874999940395355
1565120201.1665547,165,0.28333333134651184
1565120208.4101045,166,0.25729167461395264
1565120215.6594553,167,0.1875
1565120222.905366,168,0.24270834028720856
1565120230.1465683,169,0.20416666567325592
1565120237.4013588,170,0.2906250059604645
1565120244.6470084,171,0.20937499403953552
1565120251.9035738,172,0.13437500596046448
1565120259.136868,173,0.17812499403953552
1565120266.410939,174,0.265625
1565120273.6376407,175,0.1875
1565120280.8815854,176,0.24270834028720856
1565120288.1335826,177,0.15416666865348816
1565120295.3807285,178,0.2562499940395355
1565120302.629883,179,0.25833332538604736
1565120309.8462894,180,0.10833333432674408
1565120317.0395026,181,0.11249999701976776
1565120324.2901993,182,0.1145833358168602
1565120331.5062242,183,0.3114583194255829
1565120338.7493694,184,0.18645833432674408
1565120346.0225005,185,0.16041666269302368
1565120353.2717657,186,0.2510416805744171
1565120360.4789298,187,0.24166665971279144
1565120367.7274547,188,0.24062499403953552
1565120374.9826865,189,0.3020833432674408
1565120382.2247136,190,0.1770833283662796
1565120389.438327,191,0.25312501192092896
1565120396.6973352,192,0.30416667461395264
1565120403.955265,193,0.20416666567325592
1565120411.1762764,194,0.24270834028720856
1565120418.457233,195,0.2708333432674408
1565120425.6611526,196,0.32499998807907104
1565120432.8827994,197,0.2822916805744171
1565120440.1635258,198,0.26354166865348816
1565120447.3966506,199,0.20104166865348816
