Wall time,Step,Value
1569839666.4100127,0,0.2848958373069763
1569839667.3778393,1,0.3356770873069763
1569839668.3181324,2,0.3304687440395355
1569839669.2570593,3,0.37942707538604736
1569839670.199526,4,0.3760416805744171
1569839671.1471984,5,0.3695312440395355
1569839672.0797997,6,0.38984376192092896
1569839673.0260546,7,0.3958333432674408
1569839673.9603367,8,0.34817707538604736
1569839674.8999941,9,0.3934895694255829
1569839675.8344924,10,0.46432292461395264
1569839676.7707121,11,0.48776042461395264
1569839677.708455,12,0.49791666865348816
1569839678.6371481,13,0.5221354365348816
1569839679.570902,14,0.507031261920929
1569839680.5110235,15,0.5424479246139526
1569839681.4494092,16,0.4893229305744171
1569839682.3872674,17,0.5041666626930237
1569839683.3299756,18,0.5416666865348816
1569839684.2627323,19,0.5705729126930237
1569839685.1930013,20,0.5153645873069763
1569839686.1254673,21,0.557812511920929
1569839687.0625474,22,0.5513020753860474
1569839688.00033,23,0.6127604246139526
1569839688.928113,24,0.5794270634651184
1569839689.8617196,25,0.6533854007720947
1569839690.788616,26,0.6067708134651184
1569839691.7130344,27,0.6494791507720947
1569839692.6480854,28,0.6434895992279053
1569839693.5768118,29,0.5942708253860474
1569839694.510461,30,0.63671875
1569839695.440329,31,0.6614583134651184
1569839696.3770602,32,0.6458333134651184
1569839697.3105145,33,0.629687488079071
1569839698.2618713,34,0.6583333611488342
1569839699.2077963,35,0.6440104246139526
1569839700.1753347,36,0.7192708253860474
1569839701.1343596,37,0.7309895753860474
1569839702.1129615,38,0.6791666746139526
1569839703.0936997,39,0.696093738079071
1569839704.0827167,40,0.6494791507720947
1569839705.059284,41,0.65625
1569839706.0571601,42,0.6848958134651184
1569839707.0306003,43,0.7184895873069763
1569839708.0133555,44,0.7182291746139526
1569839709.015921,45,0.7096354365348816
1569839709.9694347,46,0.7541666626930237
1569839710.9175773,47,0.7281249761581421
1569839711.850911,48,0.7111979126930237
1569839712.792022,49,0.7091146111488342
1569839713.7619038,50,0.7010416388511658
1569839714.7183268,51,0.711718738079071
1569839715.6788669,52,0.7635416388511658
1569839716.6492078,53,0.749218761920929
1569839717.611818,54,0.721875011920929
1569839718.5774853,55,0.734375
1569839719.5444314,56,0.6989583373069763
1569839720.5082295,57,0.7278645634651184
1569839721.4712923,58,0.721875011920929
1569839722.432831,59,0.7437499761581421
1569839723.39809,60,0.7317708134651184
1569839724.3594637,61,0.7494791746139526
1569839725.3062212,62,0.7770833373069763
1569839726.2548027,63,0.7192708253860474
1569839727.1986432,64,0.7494791746139526
1569839728.147039,65,0.7265625
1569839729.0882373,66,0.7442708611488342
1569839730.027233,67,0.7411458492279053
1569839730.9788575,68,0.7789062261581421
1569839731.9222057,69,0.754687488079071
1569839732.8707783,70,0.7309895753860474
1569839733.8066816,71,0.7927083373069763
1569839734.7520497,72,0.742968738079071
1569839735.6973655,73,0.7861979007720947
1569839736.6371934,74,0.727343738079071
1569839737.5699408,75,0.7890625
1569839738.504199,76,0.762499988079071
1569839739.4427388,77,0.7692708373069763
1569839740.3771403,78,0.7718750238418579
1569839741.3125145,79,0.7677083611488342
1569839742.2530067,80,0.7796875238418579
1569839743.200881,81,0.74609375
1569839744.1362736,82,0.7338541746139526
1569839745.0720859,83,0.7502604126930237
1569839746.0037687,84,0.80859375
1569839746.9410324,85,0.7671874761581421
1569839747.8689935,86,0.7908853888511658
1569839748.7961981,87,0.7635416388511658
1569839749.7231002,88,0.7377604246139526
1569839750.6513958,89,0.7401041388511658
1569839751.5842903,90,0.762499988079071
1569839752.5223951,91,0.7692708373069763
1569839753.4569721,92,0.7372395992279053
1569839754.40475,93,0.7598958611488342
1569839755.3525348,94,0.7736979126930237
1569839756.2914813,95,0.7598958611488342
1569839757.2413054,96,0.7830728888511658
1569839758.1765885,97,0.7718750238418579
1569839759.1173487,98,0.758593738079071
1569839760.0525663,99,0.7317708134651184
1569839760.9970746,100,0.7442708611488342
1569839761.9389057,101,0.7526041865348816
1569839762.8842916,102,0.758593738079071
1569839763.8147364,103,0.7796875238418579
1569839764.7471254,104,0.7802083492279053
1569839765.6782334,105,0.7463541626930237
1569839766.609558,106,0.79296875
1569839767.5318074,107,0.7455729246139526
1569839768.4590416,108,0.7377604246139526
1569839769.3906226,109,0.762499988079071
1569839770.3232355,110,0.7908853888511658
1569839771.2495697,111,0.7901041507720947
1569839772.189193,112,0.7697916626930237
1569839773.1332655,113,0.7763020992279053
1569839774.0726638,114,0.7549479007720947
1569839775.0121832,115,0.7283853888511658
1569839775.9471633,116,0.7705729007720947
1569839776.8829744,117,0.7322916388511658
1569839777.8163807,118,0.7421875
1569839778.7552607,119,0.7705729007720947
1569839779.6873622,120,0.7653645873069763
1569839780.6199183,121,0.7651041746139526
1569839781.547992,122,0.7455729246139526
1569839782.4843686,123,0.7796875238418579
1569839783.44247,124,0.7408854365348816
1569839784.37718,125,0.7309895753860474
1569839785.3034527,126,0.7447916865348816
1569839786.2388763,127,0.7796875238418579
1569839787.1694407,128,0.7901041507720947
1569839788.091629,129,0.7559896111488342
1569839789.0207639,130,0.7783854007720947
1569839789.9539065,131,0.7710937261581421
1569839790.897544,132,0.7749999761581421
1569839791.8279057,133,0.7015625238418579
1569839792.7599642,134,0.7174479365348816
1569839793.6887116,135,0.7278645634651184
1569839794.6260624,136,0.7533854246139526
1569839795.557385,137,0.7520833611488342
1569839796.4819605,138,0.7809895873069763
1569839797.4160745,139,0.796093761920929
1569839798.351621,140,0.7835937738418579
1569839799.287488,141,0.7528645992279053
1569839800.2146308,142,0.7658854126930237
1569839801.15247,143,0.7875000238418579
1569839802.0842597,144,0.7914062738418579
1569839803.0226922,145,0.7692708373069763
1569839803.9524674,146,0.7174479365348816
1569839804.8880334,147,0.750781238079071
1569839805.8188286,148,0.725781261920929
1569839806.749008,149,0.7463541626930237
1569839807.6902204,150,0.7481771111488342
1569839808.6285903,151,0.7075520753860474
1569839809.5721078,152,0.7653645873069763
1569839810.502952,153,0.7239583134651184
1569839811.4386265,154,0.7611979246139526
1569839812.3708582,155,0.7174479365348816
1569839813.3014655,156,0.731249988079071
1569839814.235915,157,0.7713541388511658
1569839815.1612816,158,0.721875011920929
1569839816.090465,159,0.750781238079071
1569839817.0268416,160,0.746874988079071
1569839817.961453,161,0.7372395992279053
1569839818.895861,162,0.7486979365348816
1569839819.8359017,163,0.739062488079071
1569839820.7718365,164,0.7744791507720947
1569839821.7119534,165,0.7364583611488342
1569839822.647471,166,0.7567708492279053
1569839823.577919,167,0.7442708611488342
1569839824.5159748,168,0.742968738079071
1569839825.4545324,169,0.7442708611488342
1569839826.3891296,170,0.731249988079071
1569839827.3318143,171,0.7619791626930237
1569839828.272922,172,0.7213541865348816
1569839829.2064397,173,0.731249988079071
1569839830.141054,174,0.772656261920929
1569839831.0827591,175,0.7421875
1569839832.016834,176,0.7554687261581421
1569839832.9607215,177,0.7632812261581421
1569839833.8923573,178,0.746874988079071
1569839834.8246915,179,0.7541666626930237
1569839835.754323,180,0.7184895873069763
1569839836.687774,181,0.7679687738418579
1569839837.6271257,182,0.739062488079071
1569839838.5473588,183,0.7541666626930237
1569839839.4817607,184,0.719531238079071
1569839840.4095366,185,0.7317708134651184
1569839841.3453634,186,0.7403646111488342
1569839842.2731805,187,0.717968761920929
1569839843.2101576,188,0.7442708611488342
1569839844.1422534,189,0.7463541626930237
1569839845.0781014,190,0.7416666746139526
1569839846.0077589,191,0.7481771111488342
1569839846.9429715,192,0.7166666388511658
1569839847.8750455,193,0.7231770753860474
1569839848.8046227,194,0.750781238079071
1569839849.7336242,195,0.7533854246139526
1569839850.6663823,196,0.7434895634651184
1569839851.6105137,197,0.7377604246139526
1569839852.5547547,198,0.7239583134651184
1569839853.5096788,199,0.739062488079071
