Wall time,Step,Value
1569839872.826699,0,0.28946784138679504
1569839873.767895,1,0.2645699977874756
1569839874.700776,2,0.2569296360015869
1569839875.630429,3,0.2762748897075653
1569839876.5443428,4,0.2556414306163788
1569839877.4624343,5,0.30197227001190186
1569839878.3713684,6,0.28069475293159485
1569839879.2764444,7,0.3676927983760834
1569839880.1818435,8,0.4412979781627655
1569839881.0956237,9,0.4491826593875885
1569839882.0033886,10,0.46277540922164917
1569839882.9099367,11,0.4880730211734772
1569839883.8152652,12,0.5097503662109375
1569839884.7307875,13,0.5242759585380554
1569839885.6333332,14,0.5180792212486267
1569839886.5362127,15,0.528695821762085
1569839887.4649136,16,0.5193674564361572
1569839888.369072,17,0.5425328612327576
1569839889.2815754,18,0.534248411655426
1569839890.191185,19,0.5393567681312561
1569839891.1078305,20,0.5722947716712952
1569839892.012572,21,0.5627220869064331
1569839892.9203625,22,0.5578580498695374
1569839893.826217,23,0.5508617758750916
1569839894.7298522,24,0.5727390050888062
1569839895.6396122,25,0.5595459938049316
1569839896.5416842,26,0.5765591859817505
1569839897.4513159,27,0.6005685925483704
1569839898.361961,28,0.5980810523033142
1569839899.2751627,29,0.612517774105072
1569839900.17567,30,0.5995246767997742
1569839901.0807724,31,0.5963486433029175
1569839901.9872377,32,0.569518506526947
1569839902.8920386,33,0.5933724045753479
1569839903.8006682,34,0.6040334105491638
1569839904.7117376,35,0.5905961394309998
1569839905.618991,36,0.6252665519714355
1569839906.5308146,37,0.6367715001106262
1569839907.443656,38,0.6218905448913574
1569839908.3542628,39,0.6446561813354492
1569839909.256572,40,0.6329069137573242
1569839910.1612108,41,0.6431236863136292
1569839911.0733285,42,0.6454557776451111
1569839911.9792144,43,0.6588930487632751
1569839912.8901901,44,0.6688655018806458
1569839913.7911232,45,0.6697095036506653
1569839914.7037659,46,0.6720415949821472
1569839915.613262,47,0.6701536774635315
1569839916.5253363,48,0.6767057776451111
1569839917.4317672,49,0.6958510875701904
1569839918.3408966,50,0.6888548135757446
1569839919.26125,51,0.6790822744369507
1569839920.169264,52,0.6652451753616333
1569839921.073648,53,0.6822139024734497
1569839921.9791892,54,0.6941630840301514
1569839922.8821328,55,0.7027363181114197
1569839923.7891097,56,0.6954069137573242
1569839924.7012124,57,0.6827025413513184
1569839925.6134162,58,0.7018479108810425
1569839926.5202553,59,0.6894989609718323
1569839927.4313085,60,0.6937633156776428
1569839928.3446426,61,0.686478316783905
1569839929.2463639,62,0.710576593875885
1569839930.1592975,63,0.6990715861320496
1569839931.06571,64,0.7028917670249939
1569839931.9802642,65,0.6939632296562195
1569839932.8913512,66,0.6799262762069702
1569839933.8134792,67,0.6939632296562195
1569839934.7502537,68,0.6695095896720886
1569839935.6684155,69,0.7088441848754883
1569839936.5821064,70,0.7067119479179382
1569839937.4919944,71,0.6986274123191833
1569839938.4127162,72,0.682458221912384
1569839939.3163292,73,0.6979833245277405
1569839940.222092,74,0.6884550452232361
1569839941.1313329,75,0.7114205956459045
1569839942.0388687,76,0.6997157335281372
1569839942.9512496,77,0.6980277299880981
1569839943.855039,78,0.7133084535598755
1569839944.761127,79,0.7080001831054688
1569839945.665615,80,0.6992715001106262
1569839946.5749853,81,0.6998711824417114
1569839947.4856079,82,0.69822758436203
1569839948.395877,83,0.7016035914421082
1569839949.3014276,84,0.7088441848754883
1569839950.205941,85,0.7020033597946167
1569839951.1134746,86,0.6997157335281372
1569839952.0193646,87,0.712464451789856
1569839952.9264002,88,0.7160847783088684
1569839953.8353255,89,0.6992270946502686
1569839954.7462397,90,0.7182169556617737
1569839955.6506464,91,0.7078002691268921
1569839956.5550594,92,0.7071561813354492
1569839957.4717581,93,0.7078002691268921
1569839958.3963678,94,0.726057231426239
1569839959.3270023,95,0.7041800022125244
1569839960.231475,96,0.7279894948005676
1569839961.1400602,97,0.7231254577636719
1569839962.0488153,98,0.7178171873092651
1569839962.9603515,99,0.7039356827735901
1569839963.8700547,100,0.728389322757721
1569839964.7753506,101,0.7156405448913574
1569839965.681594,102,0.7036913633346558
1569839966.5817752,103,0.7269456386566162
1569839967.5000575,104,0.7041355967521667
1569839968.4062092,105,0.7382062673568726
1569839969.3135386,106,0.7080001831054688
1569839970.2153819,107,0.7345860004425049
1569839971.1216273,108,0.7384061813354492
1569839972.026003,109,0.72947758436203
1569839972.9350471,110,0.7167288661003113
1569839973.8453593,111,0.7405383586883545
1569839974.745347,112,0.7192608118057251
1569839975.6545827,113,0.7433146834373474
1569839976.5617616,114,0.7213930487632751
1569839977.4710355,115,0.720349133014679
1569839978.379983,116,0.7305215001106262
1569839979.2893062,117,0.7218372225761414
1569839980.203996,118,0.7149964570999146
1569839981.113874,119,0.7162846326828003
1569839982.0255947,120,0.7256574034690857
1569839982.9318295,121,0.7209932208061218
1569839983.8405442,122,0.7364738583564758
1569839984.7535436,123,0.7386505007743835
1569839985.6619349,124,0.733941912651062
1569839986.570652,125,0.7241693139076233
1569839987.4836283,126,0.7358741760253906
1569839988.3958647,127,0.736274003982544
1569839989.3020508,128,0.7426705956459045
1569839990.2105327,129,0.7356298565864563
1569839991.1151793,130,0.7382062673568726
1569839992.0192301,131,0.7222370505332947
1569839992.929124,132,0.7273454070091248
1569839993.8452232,133,0.7428704500198364
1569839994.7540176,134,0.722481369972229
1569839995.6608765,135,0.7379619479179382
1569839996.5708318,136,0.732253909111023
1569839997.485332,137,0.7409825921058655
1569839998.3862703,138,0.7271454930305481
1569839999.293587,139,0.743714451789856
1569840000.2050936,140,0.7407382726669312
1569840001.1160517,141,0.7307214140892029
1569840002.0261652,142,0.7416266798973083
1569840002.9299433,143,0.7366737723350525
1569840003.8367803,144,0.7349857687950134
1569840004.7403731,145,0.7341417670249939
1569840005.6450233,146,0.7320095896720886
1569840006.5499175,147,0.741826593875885
1569840007.4638505,148,0.7371180057525635
1569840008.3704834,149,0.7320095896720886
1569840009.285305,150,0.7258573174476624
1569840010.1956685,151,0.7373178601264954
1569840011.099099,152,0.7179726362228394
1569840012.0039124,153,0.7262570858001709
1569840012.9151735,154,0.7241693139076233
1569840013.8242824,155,0.7450470924377441
1569840014.7298179,156,0.7188166379928589
1569840015.6416504,157,0.7303215861320496
1569840016.5501482,158,0.7411825060844421
1569840017.462074,159,0.7230810523033142
1569840018.371537,160,0.7430703639984131
1569840019.2809737,161,0.7375621795654297
1569840020.1941743,162,0.7209488153457642
1569840021.10467,163,0.7305215001106262
1569840022.011627,164,0.7460465431213379
1569840022.921247,165,0.7501110434532166
1569840023.828491,166,0.7300772666931152
1569840024.7331314,167,0.7509994506835938
1569840025.6437142,168,0.7363184094429016
1569840026.5514164,169,0.7250133156776428
1569840027.4687839,170,0.7426705956459045
1569840028.3791592,171,0.731809675693512
1569840029.287928,172,0.7360740900039673
1569840030.1953268,173,0.7356743216514587
1569840031.105478,174,0.7316098213195801
1569840032.021052,175,0.714596688747406
1569840032.9262722,176,0.7360296845436096
1569840033.8368554,177,0.747734546661377
1569840034.740597,178,0.7384061813354492
1569840035.6443472,179,0.7199049592018127
1569840036.553506,180,0.7082000970840454
1569840037.4670691,181,0.7292777299880981
1569840038.3715906,182,0.7173285484313965
1569840039.2764547,183,0.7122201323509216
1569840040.1888282,184,0.732253909111023
1569840041.100238,185,0.7332978248596191
1569840042.0048888,186,0.7269012331962585
1569840042.9133143,187,0.7232809066772461
1569840043.8199387,188,0.7375621795654297
1569840044.7262268,189,0.7128642797470093
1569840045.629208,190,0.7126643657684326
1569840046.5333018,191,0.7444030046463013
1569840047.4464118,192,0.7407382726669312
1569840048.3546672,193,0.749267041683197
1569840049.261157,194,0.7352300882339478
1569840050.168798,195,0.7469349503517151
1569840051.0814264,196,0.7345860004425049
1569840051.9889436,197,0.7326536774635315
1569840052.8962612,198,0.7371180057525635
1569840053.8033803,199,0.748023271560669
