Wall time,Step,Value
1569839897.805879,0,0.2603393495082855
1569839898.6710691,1,0.2610544264316559
1569839899.5270329,2,0.2696157991886139
1569839900.387445,3,0.2763218879699707
1569839901.2372625,4,0.3038419783115387
1569839902.089324,5,0.3402906656265259
1569839902.938953,6,0.34659090638160706
1569839903.7952807,7,0.38157081604003906
1569839904.6562605,8,0.3596358895301819
1569839905.5047736,9,0.38230520486831665
1569839906.3549972,10,0.34398192167282104
1569839907.215828,11,0.4083178639411926
1569839908.0666249,12,0.4778524935245514
1569839908.9209023,13,0.5016813278198242
1569839909.7711594,14,0.5451839566230774
1569839910.618001,15,0.5436765551567078
1569839911.4648845,16,0.5660173296928406
1569839912.3196983,17,0.5764146447181702
1569839913.166519,18,0.5834879279136658
1569839914.022669,19,0.6318413615226746
1569839914.8773837,20,0.6407506465911865
1569839915.7402654,21,0.6407312750816345
1569839916.5916915,22,0.6861472129821777
1569839917.4401352,23,0.6530225872993469
1569839918.301832,24,0.6972982287406921
1569839919.1548815,25,0.6820307374000549
1569839919.9987967,26,0.6653331518173218
1569839920.8515842,27,0.6779530048370361
1569839921.703659,28,0.706613302230835
1569839922.54845,29,0.7091450095176697
1569839923.3976064,30,0.7288960814476013
1569839924.2560234,31,0.7099180817604065
1569839925.1073632,32,0.7129135727882385
1569839925.955972,33,0.7285289168357849
1569839926.8032658,34,0.7534400224685669
1569839927.6507993,35,0.7597596049308777
1569839928.4960258,36,0.7304035425186157
1569839929.3515623,37,0.7192331552505493
1569839930.202486,38,0.7184794545173645
1569839931.0604205,39,0.7522997856140137
1569839931.9119852,40,0.7679537534713745
1569839932.7648945,41,0.7437964081764221
1569839933.612176,42,0.7657312750816345
1569839934.462454,43,0.7712778449058533
1569839935.3080792,44,0.7772688865661621
1569839936.1546006,45,0.7850378751754761
1569839936.9980562,46,0.7772495150566101
1569839937.8492644,47,0.7686881422996521
1569839938.7076025,48,0.7831826210021973
1569839939.5569801,49,0.7806122303009033
1569839940.4023268,50,0.7939664721488953
1569839941.2473526,51,0.7746405601501465
1569839942.097919,52,0.7727659344673157
1569839942.952377,53,0.8010590672492981
1569839943.8009346,54,0.7865452766418457
1569839944.6477704,55,0.7568027377128601
1569839945.4914567,56,0.7932320833206177
1569839946.3404744,57,0.7932127118110657
1569839947.1882658,58,0.8062577247619629
1569839948.034742,59,0.7984307408332825
1569839948.8872437,60,0.7850185632705688
1569839949.7459848,61,0.7831632494926453
1569839950.594905,62,0.8215059041976929
1569839951.443402,63,0.7817138433456421
1569839952.2890604,64,0.7854437232017517
1569839953.1483495,65,0.7977156639099121
1569839954.007606,66,0.802508533000946
1569839954.8549566,67,0.7869318127632141
1569839955.711224,68,0.7943143248558044
1569839956.5608678,69,0.7965754270553589
1569839957.4079325,70,0.7958604097366333
1569839958.2485797,71,0.7813273072242737
1569839959.0976377,72,0.8029143214225769
1569839959.9406219,73,0.8032622337341309
1569839960.7865996,74,0.7820616960525513
1569839961.6521173,75,0.8017934560775757
1569839962.4963827,76,0.7932320833206177
1569839963.3425705,77,0.8103161454200745
1569839964.1950386,78,0.8080936670303345
1569839965.0437949,79,0.8162878751754761
1569839965.8922837,80,0.8252164721488953
1569839966.7359676,81,0.7984307408332825
1569839967.5808663,82,0.8002859950065613
1569839968.4327939,83,0.7947201728820801
1569839969.2986212,84,0.7761092782020569
1569839970.1517851,85,0.8028950095176697
1569839971.00593,86,0.7895215153694153
1569839971.8793626,87,0.8118042945861816
1569839972.7281923,88,0.7820810079574585
1569839973.5891407,89,0.8081130385398865
1569839974.438285,90,0.7965561151504517
1569839975.3026261,91,0.8081323504447937
1569839976.2038805,92,0.7950873374938965
1569839977.124575,93,0.7958217263221741
1569839978.0345113,94,0.7850378751754761
1569839978.9369562,95,0.7973291873931885
1569839979.802623,96,0.7865452766418457
1569839980.6979702,97,0.8066055774688721
1569839981.5769737,98,0.7988365888595581
1569839982.4648356,99,0.8091952800750732
1569839983.3549156,100,0.8077265024185181
1569839984.2466037,101,0.7895215153694153
1569839985.1721954,102,0.8028950095176697
1569839986.0696778,103,0.7813273072242737
1569839986.9538608,104,0.7623685598373413
1569839987.8276432,105,0.8140653967857361
1569839988.6976597,106,0.7701956033706665
1569839989.5493956,107,0.7917633056640625
1569839990.4005296,108,0.7987785935401917
1569839991.2575893,109,0.8125773072242737
1569839992.1121795,110,0.8147997856140137
1569839992.9669855,111,0.7913574576377869
1569839993.8272848,112,0.7976963520050049
1569839994.6838043,113,0.8162878751754761
1569839995.5406015,114,0.8140653967857361
1569839996.3992376,115,0.7765151262283325
1569839997.2504005,116,0.7884005904197693
1569839998.1007018,117,0.7775780558586121
1569839998.9472485,118,0.7906230688095093
1569839999.7969582,119,0.7891349792480469
1569840000.6379025,120,0.7987979054450989
1569840001.4887419,121,0.8014069199562073
1569840002.339482,122,0.7898886799812317
1569840003.1934202,123,0.7824868559837341
1569840004.0478888,124,0.7876662015914917
1569840004.8935058,125,0.7701569199562073
1569840005.7377841,126,0.7827960848808289
1569840006.5806623,127,0.7820810079574585
1569840007.4268525,128,0.8051367998123169
1569840008.2809358,129,0.8125773072242737
1569840009.135957,130,0.7973098158836365
1569840009.989289,131,0.8036487102508545
1569840010.8373668,132,0.8311495184898376
1569840011.6904712,133,0.7928648591041565
1569840012.548354,134,0.7924976944923401
1569840013.401479,135,0.7757421135902405
1569840014.2609818,136,0.8006725311279297
1569840015.111809,137,0.771335780620575
1569840015.9659948,138,0.8017934560775757
1569840016.812386,139,0.8188775777816772
1569840017.6615133,140,0.7928841710090637
1569840018.5082574,141,0.8118042945861816
1569840019.3581884,142,0.8017547726631165
1569840020.2065425,143,0.7835690975189209
1569840021.0572262,144,0.8080936670303345
1569840021.9067428,145,0.7928455471992493
1569840022.7653656,146,0.7772302031517029
1569840023.6257398,147,0.8096011281013489
1569840024.5029206,148,0.7872603535652161
1569840025.349215,149,0.8043830990791321
1569840026.200506,150,0.7902559041976929
1569840027.058246,151,0.7839363217353821
1569840027.902923,152,0.8025278449058533
1569840028.7588131,153,0.7913767695426941
1569840029.6113276,154,0.7910096049308777
1569840030.458878,155,0.7831632494926453
1569840031.3131325,156,0.8003053665161133
1569840032.161752,157,0.7846513390541077
1569840033.007671,158,0.7735003232955933
1569840033.8623872,159,0.7791241407394409
1569840034.7125375,160,0.8032815456390381
1569840035.5852582,161,0.7921498417854309
1569840036.4430766,162,0.7865646481513977
1569840037.287841,163,0.7727659344673157
1569840038.1317844,164,0.7924976944923401
1569840038.9724174,165,0.7850378751754761
1569840039.82778,166,0.7984500527381897
1569840040.6819048,167,0.7876468896865845
1569840041.5384064,168,0.7798392176628113
1569840042.39156,169,0.8099682927131653
1569840043.2497885,170,0.7895021438598633
1569840044.1154516,171,0.7754135727882385
1569840044.9801514,172,0.7690746784210205
1569840045.8406188,173,0.7998995184898376
1569840046.7221112,174,0.8002859950065613
1569840047.5921276,175,0.7861974239349365
1569840048.4831178,176,0.7872990369796753
1569840049.361095,177,0.8010397553443909
1569840050.2489579,178,0.7824482321739197
1569840051.158265,179,0.7798392176628113
1569840052.0489373,180,0.7965754270553589
1569840052.947061,181,0.7824288606643677
1569840053.8184652,182,0.7928455471992493
1569840054.7003603,183,0.7835497856140137
1569840055.5812385,184,0.7984500527381897
1569840056.4623187,185,0.7653447985649109
1569840057.3342187,186,0.7899079918861389
1569840058.2131958,187,0.7987979054450989
1569840059.1186004,188,0.7816944718360901
1569840059.9909818,189,0.7783704400062561
1569840060.8618326,190,0.7843034863471985
1569840061.7342126,191,0.7750077247619629
1569840062.6116946,192,0.7910482287406921
1569840063.4886806,193,0.7746598720550537
1569840064.3684034,194,0.7872796654701233
1569840065.24886,195,0.7817138433456421
1569840066.1236877,196,0.7865452766418457
1569840067.0052133,197,0.7846900224685669
1569840067.8819678,198,0.7965754270553589
1569840068.7541308,199,0.7723987102508545
