Wall time,Step,Value
1569839687.094076,0,0.2507134675979614
1569839688.0494976,1,0.2498810887336731
1569839688.9813101,2,0.29035863280296326
1569839689.9195423,3,0.30771973729133606
1569839690.8669512,4,0.319967657327652
1569839691.8013754,5,0.27646973729133606
1569839692.733765,6,0.35350075364112854
1569839693.6594849,7,0.41224315762519836
1569839694.5820892,8,0.4492484927177429
1569839695.5250137,9,0.4550037980079651
1569839696.459792,10,0.4880850315093994
1569839697.3978493,11,0.49410197138786316
1569839698.3327093,12,0.5368626117706299
1569839699.265583,13,0.524258017539978
1569839700.197042,14,0.5409770011901855
1569839701.140026,15,0.5650922656059265
1569839702.0719569,16,0.5700389742851257
1569839703.001194,17,0.5870196223258972
1569839703.939449,18,0.5935121774673462
1569839704.879405,19,0.5925133228302002
1569839705.8098733,20,0.5907772183418274
1569839706.7418923,21,0.6210997104644775
1569839707.6719232,22,0.5893027186393738
1569839708.596398,23,0.6011938452720642
1569839709.5278635,24,0.6090420484542847
1569839710.4601035,25,0.5893978476524353
1569839711.4037025,26,0.62000572681427
1569839712.3351512,27,0.6206478476524353
1569839713.2776434,28,0.6103262901306152
1569839714.214373,29,0.6010035872459412
1569839715.1465878,30,0.5831906199455261
1569839716.080837,31,0.6055698394775391
1569839717.0200045,32,0.6363679766654968
1569839717.9577713,33,0.6383656859397888
1569839718.8947692,34,0.6248573064804077
1569839719.8308418,35,0.603191614151001
1569839720.7615266,36,0.5647355318069458
1569839721.6967492,37,0.5750570893287659
1569839722.628437,38,0.592061460018158
1569839723.5679898,39,0.6171755790710449
1569839724.5041351,40,0.6084950566291809
1569839725.4421444,41,0.6298753619194031
1569839726.3737786,42,0.6391029357910156
1569839727.312055,43,0.6571061611175537
1569839728.2360313,44,0.6467846035957336
1569839729.1713114,45,0.6796755790710449
1569839730.1113596,46,0.6886177659034729
1569839731.045575,47,0.7106401920318604
1569839731.9818099,48,0.6943730711936951
1569839732.9170556,49,0.7206050157546997
1569839733.8509698,50,0.6742770075798035
1569839734.793772,51,0.7021499276161194
1569839735.7219276,52,0.7141124606132507
1569839736.660252,53,0.6939212083816528
1569839737.5998948,54,0.6962994933128357
1569839738.5422652,55,0.6983923316001892
1569839739.479261,56,0.682315468788147
1569839740.4153798,57,0.7181316614151001
1569839741.3595803,58,0.7026017904281616
1569839742.294493,59,0.7361348867416382
1569839743.2308886,60,0.6910911202430725
1569839744.1601524,61,0.7049800157546997
1569839745.0877337,62,0.7333047986030579
1569839746.0262897,63,0.7178700566291809
1569839746.9596052,64,0.731378436088562
1569839747.9044611,65,0.7188689112663269
1569839748.83138,66,0.7322108149528503
1569839749.770314,67,0.7440782189369202
1569839750.7051973,68,0.7489297986030579
1569839751.6461782,69,0.7523068785667419
1569839752.5816076,70,0.7414383292198181
1569839753.5274112,71,0.7690258622169495
1569839754.4598665,72,0.7557790875434875
1569839755.398747,73,0.7587994933128357
1569839756.3320894,74,0.7568730711936951
1569839757.2705534,75,0.7684788703918457
1569839758.2069423,76,0.7615344524383545
1569839759.1487355,77,0.7655536532402039
1569839760.0748692,78,0.7545899748802185
1569839761.0042343,79,0.7735921144485474
1569839761.9394476,80,0.7668378949165344
1569839762.8692522,81,0.7829147577285767
1569839763.8028307,82,0.7861967086791992
1569839764.734174,83,0.7686691284179688
1569839765.6666837,84,0.7632705569267273
1569839766.59942,85,0.7573249340057373
1569839767.5316114,86,0.7465515732765198
1569839768.4619398,87,0.7765173316001892
1569839769.4005847,88,0.7743293642997742
1569839770.3344035,89,0.7795376777648926
1569839771.2760644,90,0.7880279421806335
1569839772.208257,91,0.7834617495536804
1569839773.1444027,92,0.7871242165565491
1569839774.074471,93,0.7661957740783691
1569839775.007979,94,0.7742342352867126
1569839775.9298797,95,0.7922374606132507
1569839776.8505843,96,0.7714040875434875
1569839777.7755446,97,0.7834617495536804
1569839778.709806,98,0.7783485651016235
1569839779.644524,99,0.7592513561248779
1569839780.5555732,100,0.7816305160522461
1569839781.479755,101,0.7764222025871277
1569839782.4166198,102,0.7747812271118164
1569839783.3557324,103,0.7816305160522461
1569839784.2929664,104,0.7684788703918457
1569839785.2350125,105,0.7874809503555298
1569839786.1712303,106,0.7840087413787842
1569839787.1132731,107,0.7505707740783691
1569839788.0465686,108,0.7655536532402039
1569839788.9756668,109,0.7776113152503967
1569839789.9083276,110,0.7972555160522461
1569839790.8488872,111,0.7807267904281616
1569839791.7821512,112,0.7788004279136658
1569839792.7200704,113,0.7777064442634583
1569839793.6601126,114,0.7887651920318604
1569839794.5974908,115,0.7858399748802185
1569839795.5395756,116,0.7855545878410339
1569839796.4711604,117,0.7765173316001892
1569839797.399655,118,0.778253436088562
1569839798.3264637,119,0.754494845867157
1569839799.2650907,120,0.766933023929596
1569839800.1977868,121,0.7904062271118164
1569839801.1367285,122,0.7668378949165344
1569839802.0620072,123,0.7862918376922607
1569839802.9903984,124,0.7708570957183838
1569839803.926751,125,0.7523068785667419
1569839804.8594832,126,0.7711424827575684
1569839805.7932677,127,0.7905964851379395
1569839806.7267206,128,0.7863869667053223
1569839807.6569777,129,0.7873858213424683
1569839808.5896156,130,0.7702149748802185
1569839809.505166,131,0.779442548751831
1569839810.422797,132,0.7885749340057373
1569839811.3571167,133,0.7795376777648926
1569839812.2896543,134,0.7821061611175537
1569839813.21679,135,0.8123335242271423
1569839814.14942,136,0.7967085242271423
1569839815.080756,137,0.7530441284179688
1569839816.010292,138,0.7766124606132507
1569839816.9497375,139,0.7737823724746704
1569839817.8896685,140,0.7852929830551147
1569839818.821588,141,0.7778967022895813
1569839819.751836,142,0.8216562271118164
1569839820.6969435,143,0.7893122434616089
1569839821.6316037,144,0.7817256450653076
1569839822.57063,145,0.7839136123657227
1569839823.5073748,146,0.7678367495536804
1569839824.4447284,147,0.7886700630187988
1569839825.3758163,148,0.7724980711936951
1569839826.3073878,149,0.7961615324020386
1569839827.2422595,150,0.7524020075798035
1569839828.1825933,151,0.778253436088562
1569839829.1272755,152,0.7811786532402039
1569839830.0647364,153,0.7719510793685913
1569839831.0096292,154,0.7470985651016235
1569839831.9455104,155,0.7933314442634583
1569839832.8873394,156,0.7749714851379395
1569839833.822031,157,0.7751379609107971
1569839834.7529001,158,0.7927844524383545
1569839835.678138,159,0.7898592352867126
1569839836.6101942,160,0.7642694115638733
1569839837.546298,161,0.7746860980987549
1569839838.479928,162,0.7673848867416382
1569839839.4250624,163,0.7822726368904114
1569839840.3606508,164,0.7743293642997742
1569839841.2998426,165,0.7747812271118164
1569839842.232049,166,0.7679318785667419
1569839843.1696105,167,0.7732353210449219
1569839844.105972,168,0.7714992165565491
1569839845.04992,169,0.7639126777648926
1569839845.9823046,170,0.7915002107620239
1569839846.9154136,171,0.7724980711936951
1569839847.8546376,172,0.7823677659034729
1569839848.7848454,173,0.7719510793685913
1569839849.721791,174,0.7817256450653076
1569839850.6454403,175,0.7742342352867126
1569839851.5797505,176,0.7777064442634583
1569839852.511988,177,0.7898592352867126
1569839853.4463634,178,0.7771594524383545
1569839854.3867955,179,0.7731401920318604
1569839855.3270285,180,0.7542332410812378
1569839856.2664971,181,0.7522117495536804
1569839857.207051,182,0.7732353210449219
1569839858.1351204,183,0.7540429830551147
1569839859.075369,184,0.766933023929596
1569839860.0009031,185,0.7868388295173645
1569839860.9421692,186,0.7766124606132507
1569839861.859144,187,0.7619863152503967
1569839862.7949307,188,0.7742342352867126
1569839863.721316,189,0.7557790875434875
1569839864.6604931,190,0.7754233479499817
1569839865.5956695,191,0.7473839521408081
1569839866.5308228,192,0.7615344524383545
1569839867.4636374,193,0.7528538703918457
1569839868.3848863,194,0.7777064442634583
1569839869.317862,195,0.7759703397750854
1569839870.2408078,196,0.7725932002067566
1569839871.1836467,197,0.7841989994049072
1569839872.1124651,198,0.7724980711936951
1569839873.0463803,199,0.7846508622169495
