Wall time,Step,Value
1569839662.9940915,0,0.2627663016319275
1569839663.919676,1,0.37061402201652527
1569839664.8358195,2,0.37852442264556885
1569839665.7495325,3,0.35917919874191284
1569839666.652615,4,0.3619987368583679
1569839667.5637724,5,0.38001254200935364
1569839668.4740252,6,0.36513158679008484
1569839669.3869734,7,0.3754699230194092
1569839670.2784133,8,0.38463345170021057
1569839671.1939917,9,0.36505326628685
1569839672.097633,10,0.34578633308410645
1569839672.990204,11,0.3511904776096344
1569839673.8831096,12,0.3582393527030945
1569839674.773507,13,0.3611372113227844
1569839675.6640115,14,0.35322681069374084
1569839676.5584464,15,0.34468984603881836
1569839677.4559252,16,0.35432329773902893
1569839678.3590717,17,0.37194550037384033
1569839679.2779944,18,0.3752349615097046
1569839680.1883523,19,0.37664473056793213
1569839681.088796,20,0.3716322183609009
1569839681.9802337,21,0.4177631437778473
1569839682.8734,22,0.4092261791229248
1569839683.7720988,23,0.47141289710998535
1569839684.6870308,24,0.42911967635154724
1569839685.6011062,25,0.48778194189071655
1569839686.5084891,26,0.4534774422645569
1569839687.4139898,27,0.48629385232925415
1569839688.3288646,28,0.4757988750934601
1569839689.2436235,29,0.513627827167511
1569839690.158342,30,0.5236529111862183
1569839691.0696507,31,0.5469141602516174
1569839691.9669056,32,0.5285871028900146
1569839692.8684602,33,0.5365757942199707
1569839693.7833378,34,0.5385338068008423
1569839694.7060435,35,0.5689222812652588
1569839695.6168487,36,0.5370457172393799
1569839696.5319488,37,0.5290570259094238
1569839697.448353,38,0.5584273338317871
1569839698.363592,39,0.5697838068008423
1569839699.2760212,40,0.601190447807312
1569839700.194003,41,0.588580846786499
1569839701.0819952,42,0.6488878726959229
1569839701.9815056,43,0.6448151469230652
1569839702.8836825,44,0.6717575192451477
1569839703.7981627,45,0.6726973652839661
1569839704.6962833,46,0.678493082523346
1569839705.6011152,47,0.6531955003738403
1569839706.4929397,48,0.6660401225090027
1569839707.3991814,49,0.6781014800071716
1569839708.30984,50,0.6711309552192688
1569839709.1972294,51,0.6622023582458496
1569839710.0859811,52,0.688048243522644
1569839710.97802,53,0.7013627886772156
1569839711.8657856,54,0.6873433589935303
1569839712.763427,55,0.6835839748382568
1569839713.671149,56,0.7010495066642761
1569839714.5738328,57,0.7059836983680725
1569839715.4668097,58,0.7288534045219421
1569839716.3627672,59,0.7222744226455688
1569839717.2593625,60,0.7142857313156128
1569839718.1625984,61,0.7338659167289734
1569839719.066837,62,0.6988565325737
1569839719.9748123,63,0.7347274422645569
1569839720.8685095,64,0.7197681665420532
1569839721.7592473,65,0.6994830965995789
1569839722.6481352,66,0.7382518649101257
1569839723.538387,67,0.7232142686843872
1569839724.4343433,68,0.7318295836448669
1569839725.3261983,69,0.7232925891876221
1569839726.2226386,70,0.7178101539611816
1569839727.146474,71,0.7198464870452881
1569839728.0601032,72,0.7303414940834045
1569839728.9766948,73,0.7128759622573853
1569839729.9003472,74,0.731203019618988
1569839730.8154528,75,0.7321428656578064
1569839731.7063115,76,0.7243890762329102
1569839732.595767,77,0.7312813401222229
1569839733.4879227,78,0.7442042827606201
1569839734.3886201,79,0.7188283205032349
1569839735.2928545,80,0.7342575192451477
1569839736.1885493,81,0.7133458852767944
1569839737.0811667,82,0.7526628971099854
1569839737.9727802,83,0.7396616339683533
1569839738.862964,84,0.7485119104385376
1569839739.7516575,85,0.7441259622573853
1569839740.6437373,86,0.7490601539611816
1569839741.5361137,87,0.7400532364845276
1569839742.4285798,88,0.7461622953414917
1569839743.3238423,89,0.764176070690155
1569839744.2130928,90,0.7705983519554138
1569839745.1055698,91,0.7575970888137817
1569839745.9939308,92,0.7680920958518982
1569839746.8859634,93,0.7586153149604797
1569839747.7761998,94,0.7420112490653992
1569839748.6686215,95,0.7515664100646973
1569839749.554064,96,0.7569705247879028
1569839750.443925,97,0.7571271657943726
1569839751.335072,98,0.7317512631416321
1569839752.2258155,99,0.7569705247879028
1569839753.1136227,100,0.7645676732063293
1569839754.011627,101,0.7659774422645569
1569839754.9234166,102,0.7416979670524597
1569839755.8339577,103,0.7600250840187073
1569839756.7476695,104,0.7510964870452881
1569839757.6620376,105,0.7521146535873413
1569839758.5699449,106,0.7631579041481018
1569839759.4611404,107,0.7635495066642761
1569839760.356021,108,0.759633481502533
1569839761.2455323,109,0.7674655318260193
1569839762.1349857,110,0.7521146535873413
1569839763.0261762,111,0.7749843597412109
1569839763.9156938,112,0.7536027431488037
1569839764.812739,113,0.7669956088066101
1569839765.71245,114,0.7570488452911377
1569839766.6239107,115,0.7621397376060486
1569839767.543686,116,0.7626096606254578
1569839768.4555144,117,0.7644893527030945
1569839769.3678987,118,0.7723997235298157
1569839770.26308,119,0.771068274974823
1569839771.156008,120,0.7595551609992981
1569839772.0439494,121,0.7362155318260193
1569839772.9361503,122,0.7675438523292542
1569839773.829417,123,0.7545425891876221
1569839774.7199812,124,0.7615131735801697
1569839775.6080503,125,0.7609649300575256
1569839776.5071168,126,0.7635495066642761
1569839777.4072113,127,0.7471804618835449
1569839778.3232117,128,0.7581453919410706
1569839779.2304633,129,0.7451441287994385
1569839780.118311,130,0.7460839748382568
1569839781.0102866,131,0.7412280440330505
1569839781.9112463,132,0.7601034045219421
1569839782.8095438,133,0.7411497235298157
1569839783.7362852,134,0.7646459937095642
1569839784.653578,135,0.7530544996261597
1569839785.573729,136,0.7581453919410706
1569839786.4922788,137,0.7440476417541504
1569839787.4120786,138,0.743107795715332
1569839788.3264272,139,0.7610432505607605
1569839789.2302055,140,0.7730262875556946
1569839790.1450984,141,0.7515664100646973
1569839791.0581994,142,0.7649592757225037
1569839791.9737284,143,0.7580670714378357
1569839792.8884645,144,0.7575970888137817
1569839793.809488,145,0.7515664100646973
1569839794.7199945,146,0.7526628971099854
1569839795.608727,147,0.7585369944572449
1569839796.5003464,148,0.7525845766067505
1569839797.4226892,149,0.7576754093170166
1569839798.3375885,150,0.7491384744644165
1569839799.2681952,151,0.7456140518188477
1569839800.1857688,152,0.7555607557296753
1569839801.0979583,153,0.7650375962257385
1569839802.0134559,154,0.7556390762329102
1569839802.9241285,155,0.7640977501869202
1569839803.839735,156,0.7594768404960632
1569839804.7371738,157,0.7401315569877625
1569839805.650291,158,0.7699717879295349
1569839806.5430286,159,0.7480419874191284
1569839807.4431763,160,0.7461622953414917
1569839808.3318572,161,0.7566572427749634
1569839809.223092,162,0.7680920958518982
1569839810.1128712,163,0.7660557627677917
1569839811.0024767,164,0.7500783205032349
1569839811.8966436,165,0.7625313401222229
1569839812.8015664,166,0.7660557627677917
1569839813.7083435,167,0.759006917476654
1569839814.6073713,168,0.7525845766067505
1569839815.5058615,169,0.7466322183609009
1569839816.4225097,170,0.770520031452179
1569839817.3455348,171,0.7540726661682129
1569839818.2587385,172,0.7595551609992981
1569839819.1659367,173,0.7530544996261597
1569839820.0631247,174,0.7704417109489441
1569839820.9633665,175,0.7515664100646973
1569839821.8579013,176,0.7610432505607605
1569839822.7542937,177,0.7540726661682129
1569839823.6469615,178,0.7615914940834045
1569839824.5449936,179,0.7648809552192688
1569839825.440414,180,0.7685620188713074
1569839826.3338344,181,0.7731046080589294
1569839827.2288132,182,0.7709116339683533
1569839828.121579,183,0.7470238208770752
1569839829.0116313,184,0.7573621273040771
1569839829.9118016,185,0.7640194296836853
1569839830.800171,186,0.7644893527030945
1569839831.69049,187,0.7630795836448669
1569839832.5784876,188,0.7485119104385376
1569839833.471908,189,0.7575187683105469
1569839834.3681948,190,0.7560306787490845
1569839835.2632332,191,0.7550908327102661
1569839836.1528602,192,0.7565789222717285
1569839837.0571806,193,0.7773339748382568
1569839837.9530385,194,0.7625313401222229
1569839838.8459907,195,0.7689536213874817
1569839839.742279,196,0.7539160251617432
1569839840.638303,197,0.7619830965995789
1569839841.5555947,198,0.7495300769805908
1569839842.445148,199,0.7525062561035156
