Wall time,Step,Value
1569839709.6211782,0,0.279914528131485
1569839710.5457587,1,0.25814637541770935
1569839711.4556665,2,0.2708333432674408
1569839712.3601403,3,0.2705662250518799
1569839713.2424572,4,0.22996795177459717
1569839714.1254854,5,0.26575854420661926
1569839715.0170634,6,0.28525641560554504
1569839715.909143,7,0.37700319290161133
1569839716.7899323,8,0.4059829115867615
1569839717.6833935,9,0.4453792870044708
1569839718.5691824,10,0.4752938151359558
1569839719.4556353,11,0.48450854420661926
1569839720.3398948,12,0.4834401607513428
1569839721.225603,13,0.49385684728622437
1569839722.1138396,14,0.49666133522987366
1569839723.0091128,15,0.4766292870044708
1569839723.8997388,16,0.5061431527137756
1569839724.7896886,17,0.4950587749481201
1569839725.6791112,18,0.5100160241127014
1569839726.5654306,19,0.4690170884132385
1569839727.4586575,20,0.5192307829856873
1569839728.3398201,21,0.5094818472862244
1569839729.2251556,22,0.5471420884132385
1569839730.1028888,23,0.5221688151359558
1569839730.9846225,24,0.48450854420661926
1569839731.8698034,25,0.5411324501037598
1569839732.7558007,26,0.5192307829856873
1569839733.64555,27,0.529113233089447
1569839734.5353746,28,0.5809294581413269
1569839735.4198666,29,0.578125
1569839736.299692,30,0.5914797186851501
1569839737.1883256,31,0.5914797186851501
1569839738.075059,32,0.6123130321502686
1569839738.9587367,33,0.6245993375778198
1569839739.841512,34,0.6310096383094788
1569839740.7255003,35,0.6073718070983887
1569839741.604762,36,0.6371527910232544
1569839742.4884593,37,0.6318109035491943
1569839743.3712173,38,0.6422275900840759
1569839744.251943,39,0.625534176826477
1569839745.1294622,40,0.671875
1569839746.0150092,41,0.6546474099159241
1569839746.8940423,42,0.6770833134651184
1569839747.7774665,43,0.6631944179534912
1569839748.6598136,44,0.6798878312110901
1569839749.5497828,45,0.6732104420661926
1569839750.4398732,46,0.680021345615387
1569839751.3297958,47,0.6680021286010742
1569839752.226183,48,0.6884348392486572
1569839753.1311562,49,0.6639957427978516
1569839754.0402641,50,0.6960470080375671
1569839754.9412954,51,0.6792200803756714
1569839755.8320253,52,0.6924412250518799
1569839756.7198098,53,0.691773533821106
1569839757.606576,54,0.6688033938407898
1569839758.5047975,55,0.6900373697280884
1569839759.3856843,56,0.6960470080375671
1569839760.276138,57,0.6856303215026855
1569839761.1659596,58,0.6883012652397156
1569839762.0497484,59,0.6873664259910583
1569839762.9375358,60,0.691773533821106
1569839763.825284,61,0.6801549196243286
1569839764.7193696,62,0.6714743375778198
1569839765.6062872,63,0.6821581125259399
1569839766.489812,64,0.6677350401878357
1569839767.379186,65,0.6778846383094788
1569839768.2656217,66,0.6813568472862244
1569839769.1490023,67,0.6725427508354187
1569839770.0383656,68,0.7041933536529541
1569839770.9239109,69,0.6764156222343445
1569839771.8089664,70,0.6575854420661926
1569839772.69406,71,0.6818910241127014
1569839773.584962,72,0.679353654384613
1569839774.4684074,73,0.6957799196243286
1569839775.3593686,74,0.6686698794364929
1569839776.2494783,75,0.6753472089767456
1569839777.1364963,76,0.6551816463470459
1569839778.029425,77,0.686965823173523
1569839778.9220364,78,0.6721420884132385
1569839779.805011,79,0.6813568472862244
1569839780.689107,80,0.6836271286010742
1569839781.5787077,81,0.6916399598121643
1569839782.4598727,82,0.6682692170143127
1569839783.3455222,83,0.691773533821106
1569839784.2521725,84,0.6981837749481201
1569839785.1354873,85,0.65892094373703
1569839786.0258307,86,0.6862980723381042
1569839786.9060485,87,0.6836271286010742
1569839787.7948823,88,0.65892094373703
1569839788.6850228,89,0.6951121687889099
1569839789.5753505,90,0.6933760643005371
1569839790.460814,91,0.698317289352417
1569839791.349496,92,0.6842948794364929
1569839792.2337868,93,0.6680021286010742
1569839793.1226695,94,0.6678686141967773
1569839794.0168889,95,0.69017094373703
1569839794.9051385,96,0.6821581125259399
1569839795.788067,97,0.6891025900840759
1569839796.676943,98,0.6830929517745972
1569839797.5651932,99,0.6809561848640442
1569839798.4590712,100,0.6753472089767456
1569839799.3541527,101,0.7136752009391785
1569839800.245027,102,0.6877670884132385
1569839801.1391592,103,0.6989850401878357
1569839802.0296276,104,0.6782852411270142
1569839802.9098575,105,0.6757478713989258
1569839803.793634,106,0.7047275900840759
1569839804.6851096,107,0.6559829115867615
1569839805.5680265,108,0.7048611044883728
1569839806.4543962,109,0.6879006624221802
1569839807.3392956,110,0.6993857026100159
1569839808.219904,111,0.7200854420661926
1569839809.1088603,112,0.7051281929016113
1569839809.9948301,113,0.6820245981216431
1569839810.875418,114,0.7053952813148499
1569839811.759967,115,0.7120726704597473
1569839812.6449142,116,0.7077991366386414
1569839813.5298223,117,0.7158119678497314
1569839814.4285266,118,0.691773533821106
1569839815.3190873,119,0.7179487347602844
1569839816.2094994,120,0.7056623697280884
1569839817.0981495,121,0.6965811848640442
1569839817.9844418,122,0.7035256624221802
1569839818.8650954,123,0.7116720080375671
1569839819.7532105,124,0.7293002009391785
1569839820.6419978,125,0.7231570482254028
1569839821.5298917,126,0.7060630321502686
1569839822.4098022,127,0.7191506624221802
1569839823.2985458,128,0.7220886945724487
1569839824.1951947,129,0.7207531929016113
1569839825.0867348,130,0.7238247990608215
1569839825.9697523,131,0.7250267267227173
1569839826.8544474,132,0.7103365659713745
1569839827.7356303,133,0.7150107026100159
1569839828.6156032,134,0.7094017267227173
1569839829.4897332,135,0.7288995981216431
1569839830.3751836,136,0.7345085740089417
1569839831.2876003,137,0.7056623697280884
1569839832.190447,138,0.7178151607513428
1569839833.0655432,139,0.7267628312110901
1569839833.9490988,140,0.7138087749481201
1569839834.8297377,141,0.7164797186851501
1569839835.7095819,142,0.7115384340286255
1569839836.5940795,143,0.7043269276618958
1569839837.4751558,144,0.7147436141967773
1569839838.3557072,145,0.718215823173523
1569839839.2400548,146,0.7196848392486572
1569839840.1237342,147,0.7207531929016113
1569839841.006787,148,0.7211538553237915
1569839841.8897707,149,0.7362446784973145
1569839842.7789643,150,0.71607905626297
1569839843.659258,151,0.7236912250518799
1569839844.5400321,152,0.7170138955116272
1569839845.4235985,153,0.7219551205635071
1569839846.3054008,154,0.7280982732772827
1569839847.188638,155,0.7163461446762085
1569839848.0699205,156,0.7210202813148499
1569839848.955058,157,0.7402510643005371
1569839849.8389091,158,0.7150107026100159
1569839850.7195206,159,0.733840823173523
1569839851.5998096,160,0.716613233089447
1569839852.4827678,161,0.7377136945724487
1569839853.3694434,162,0.7242254018783569
1569839854.2575338,163,0.7114049196243286
1569839855.1397886,164,0.7287660241127014
1569839856.026186,165,0.7329059839248657
1569839856.9040194,166,0.729567289352417
1569839857.7937875,167,0.707932710647583
1569839858.6797574,168,0.7086004018783569
1569839859.5626,169,0.7122061848640442
1569839860.4397163,170,0.7172809839248657
1569839861.3198159,171,0.7219551205635071
1569839862.2045794,172,0.7128739356994629
1569839863.0895255,173,0.7462607026100159
1569839863.9738915,174,0.7354433536529541
1569839864.8639169,175,0.7271634340286255
1569839865.7494676,176,0.7188835740089417
1569839866.6373935,177,0.71607905626297
1569839867.5193293,178,0.7191506624221802
1569839868.3998322,179,0.7333066463470459
1569839869.2795806,180,0.718215823173523
1569839870.1658177,181,0.7367788553237915
1569839871.0452533,182,0.7202190160751343
1569839871.9267733,183,0.7199519276618958
1569839872.8261075,184,0.7597489356994629
1569839873.715641,185,0.7437232732772827
1569839874.599848,186,0.7359775900840759
1569839875.4797804,187,0.7331730723381042
1569839876.3655908,188,0.7383813858032227
1569839877.2483695,189,0.7238247990608215
1569839878.1395557,190,0.7152777910232544
1569839879.0210514,191,0.7401175498962402
1569839879.909169,192,0.7243589758872986
1569839880.7938898,193,0.7159455418586731
1569839881.6798196,194,0.7306357026100159
1569839882.564222,195,0.7148771286010742
1569839883.4543726,196,0.7147436141967773
1569839884.3491337,197,0.7224892973899841
1569839885.2375476,198,0.7083333134651184
1569839886.119549,199,0.7397168874740601
