Wall time,Step,Value
1569839902.410521,0,0.26793980598449707
1569839903.3570774,1,0.29282405972480774
1569839904.2884262,2,0.33009257912635803
1569839905.2320225,3,0.34432870149612427
1569839906.1623542,4,0.47442129254341125
1569839907.1025367,5,0.5020833611488342
1569839908.0357616,6,0.5032407641410828
1569839908.9622014,7,0.5224537253379822
1569839909.893922,8,0.5280092358589172
1569839910.8284004,9,0.5314815044403076
1569839911.7560546,10,0.5311342477798462
1569839912.677839,11,0.5568286776542664
1569839913.601475,12,0.5601851940155029
1569839914.5314496,13,0.5447916388511658
1569839915.4598298,14,0.560879647731781
1569839916.3853788,15,0.5754629373550415
1569839917.3175764,16,0.5842592716217041
1569839918.2411377,17,0.5972222089767456
1569839919.178264,18,0.5774305462837219
1569839920.096593,19,0.5929397940635681
1569839921.009961,20,0.6181712746620178
1569839921.936237,21,0.6104166507720947
1569839922.8655324,22,0.6207175850868225
1569839923.7885697,23,0.5734953880310059
1569839924.7167144,24,0.6230323910713196
1569839925.6403706,25,0.6298611164093018
1569839926.5601013,26,0.6175925731658936
1569839927.4946733,27,0.6630787253379822
1569839928.423083,28,0.6354166865348816
1569839929.3587925,29,0.626620352268219
1569839930.2874238,30,0.6488425731658936
1569839931.2201648,31,0.6560184955596924
1569839932.1467023,32,0.6127314567565918
1569839933.0821352,33,0.6409721970558167
1569839934.0099573,34,0.6337962746620178
1569839934.934842,35,0.6717592477798462
1569839935.8616855,36,0.677314817905426
1569839936.7903318,37,0.678935170173645
1569839937.7198765,38,0.675694465637207
1569839938.6465144,39,0.668055534362793
1569839939.5698013,40,0.6872684955596924
1569839940.4811716,41,0.675694465637207
1569839941.3997757,42,0.6894676089286804
1569839942.3097672,43,0.7050926089286804
1569839943.2358527,44,0.7050926089286804
1569839944.1560264,45,0.6895833611488342
1569839945.0712907,46,0.6916666626930237
1569839945.974357,47,0.6856481432914734
1569839946.8962514,48,0.6876157522201538
1569839947.8229547,49,0.6951388716697693
1569839948.7606723,50,0.7034721970558167
1569839949.6945794,51,0.6964120268821716
1569839950.6234663,52,0.7089120149612427
1569839951.560217,53,0.7038194537162781
1569839952.4961398,54,0.7268518805503845
1569839953.4315488,55,0.7057870626449585
1569839954.3605673,56,0.71875
1569839955.2924564,57,0.7181712985038757
1569839956.2234516,58,0.7068287134170532
1569839957.1594508,59,0.7199074029922485
1569839958.0922678,60,0.7052083611488342
1569839959.0298486,61,0.7440972328186035
1569839959.9600558,62,0.7348379492759705
1569839960.8891773,63,0.7469907402992249
1569839961.813771,64,0.7341434955596924
1569839962.726896,65,0.7417824268341064
1569839963.6548612,66,0.7740740776062012
1569839964.5842288,67,0.7732638716697693
1569839965.5178473,68,0.7657407522201538
1569839966.4501834,69,0.7495370507240295
1569839967.384232,70,0.7642360925674438
1569839968.3126187,71,0.7686342597007751
1569839969.2503161,72,0.7733796238899231
1569839970.1939425,73,0.7827546000480652
1569839971.127146,74,0.7863426208496094
1569839972.0664704,75,0.782870352268219
1569839972.995946,76,0.7887731194496155
1569839973.9262993,77,0.7895833253860474
1569839974.8583455,78,0.7935185432434082
1569839975.787299,79,0.7861111164093018
1569839976.7169704,80,0.7871527671813965
1569839977.6566992,81,0.7548611164093018
1569839978.5775,82,0.7995370626449585
1569839979.5257127,83,0.798495352268219
1569839980.4682798,84,0.7854166626930237
1569839981.4113514,85,0.7849537134170532
1569839982.3360484,86,0.7769675850868225
1569839983.2588134,87,0.8174768686294556
1569839984.1766047,88,0.8048611283302307
1569839985.090743,89,0.791435182094574
1569839986.0116804,90,0.7927083373069763
1569839986.9423683,91,0.7924768328666687
1569839987.8809876,92,0.8188657164573669
1569839988.8074908,93,0.7979166507720947
1569839989.7481794,94,0.8228009343147278
1569839990.68004,95,0.8087962865829468
1569839991.6208289,96,0.7887731194496155
1569839992.5523157,97,0.8118055462837219
1569839993.4669065,98,0.7943286895751953
1569839994.3786805,99,0.8003472089767456
1569839995.310344,100,0.7822916507720947
1569839996.2407184,101,0.7846064567565918
1569839997.1866102,102,0.8067129850387573
1569839998.1221724,103,0.8229166865348816
1569839999.0495055,104,0.774189829826355
1569839999.9783516,105,0.8071759343147278
1569840000.9179845,106,0.7908564805984497
1569840001.8417552,107,0.7943286895751953
1569840002.765952,108,0.791435182094574
1569840003.6880927,109,0.7950231432914734
1569840004.6023607,110,0.7696759104728699
1569840005.5111656,111,0.7855324149131775
1569840006.4290287,112,0.8100694417953491
1569840007.356808,113,0.7925925850868225
1569840008.2867334,114,0.7846064567565918
1569840009.2228653,115,0.7868055701255798
1569840010.147003,116,0.7962962985038757
1569840011.077316,117,0.7987268567085266
1569840012.0146837,118,0.8137731552124023
1569840012.9259555,119,0.7717592716217041
1569840013.8476462,120,0.7978008985519409
1569840014.768779,121,0.7997685074806213
1569840015.691333,122,0.7991898059844971
1569840016.604504,123,0.8138889074325562
1569840017.528601,124,0.809374988079071
1569840018.4568038,125,0.8021990656852722
1569840019.3914785,126,0.7962962985038757
1569840020.3170726,127,0.8047453761100769
1569840021.2508008,128,0.7982639074325562
1569840022.1839182,129,0.7869213223457336
1569840023.111255,130,0.7981481552124023
1569840024.0426283,131,0.8082175850868225
1569840024.9763753,132,0.8046296238899231
1569840025.9015698,133,0.8090277910232544
1569840026.8369339,134,0.8072916865348816
1569840027.774582,135,0.8028935194015503
1569840028.7073956,136,0.800000011920929
1569840029.6467967,137,0.7961805462837219
1569840030.5835125,138,0.8026620149612427
1569840031.5119643,139,0.7932870388031006
1569840032.4415636,140,0.8049768805503845
1569840033.385963,141,0.7971065044403076
1569840034.3179793,142,0.8160879611968994
1569840035.2487245,143,0.7743055820465088
1569840036.180074,144,0.7925925850868225
1569840037.1146166,145,0.7967592477798462
1569840038.052179,146,0.8064814805984497
1569840038.9838328,147,0.8052083253860474
1569840039.917457,148,0.7892361283302307
1569840040.8507698,149,0.7893518805503845
1569840041.7825766,150,0.7809028029441833
1569840042.7200832,151,0.8142361044883728
1569840043.6526341,152,0.7946759462356567
1569840044.572795,153,0.7965278029441833
1569840045.4969685,154,0.8035879731178284
1569840046.4079034,155,0.7884259223937988
1569840047.335056,156,0.8059027791023254
1569840048.2394276,157,0.802314817905426
1569840049.1489975,158,0.7983796000480652
1569840050.054686,159,0.7912036776542664
1569840050.958612,160,0.7996527552604675
1569840051.8605933,161,0.7969907522201538
1569840052.7746918,162,0.8064814805984497
1569840053.678936,163,0.7954860925674438
1569840054.5903523,164,0.7997685074806213
1569840055.5022576,165,0.7885416746139526
1569840056.4117017,166,0.7912036776542664
1569840057.315678,167,0.789814829826355
1569840058.2225893,168,0.7858796119689941
1569840059.1394274,169,0.7719907164573669
1569840060.0485716,170,0.798495352268219
1569840060.9600663,171,0.7935185432434082
1569840061.8800309,172,0.8052083253860474
1569840062.8104322,173,0.7825231552124023
1569840063.727183,174,0.7918981313705444
1569840064.6449797,175,0.7913194298744202
1569840065.5596116,176,0.7964120507240295
1569840066.479948,177,0.7935185432434082
1569840067.4116397,178,0.800000011920929
1569840068.3271883,179,0.7872685194015503
1569840069.2394207,180,0.802314817905426
1569840070.1620624,181,0.779629647731781
1569840071.081031,182,0.8065972328186035
1569840072.0071738,183,0.801620364189148
1569840072.9353595,184,0.7870370149612427
1569840073.8561096,185,0.7936342358589172
1569840074.7854974,186,0.795254647731781
1569840075.713956,187,0.7881944179534912
1569840076.642332,188,0.7849537134170532
1569840077.5668268,189,0.7862268686294556
1569840078.47038,190,0.7946759462356567
1569840079.3844001,191,0.7949073910713196
1569840080.3059607,192,0.798495352268219
1569840081.2323465,193,0.807060182094574
1569840082.1669736,194,0.8020833134651184
1569840083.1000102,195,0.7903935313224792
1569840084.0298305,196,0.7759259343147278
1569840084.9601011,197,0.7962962985038757
1569840085.890931,198,0.7934027910232544
1569840086.8198195,199,0.7894675731658936
