Wall time,Step,Value
1569839683.3318765,0,0.2380952388048172
1569839684.262937,1,0.2678571343421936
1569839685.1730793,2,0.3110119104385376
1569839686.0913997,3,0.3586309552192688
1569839687.007217,4,0.355654776096344
1569839687.9186254,5,0.3511904776096344
1569839688.8368702,6,0.3601190447807312
1569839689.7525883,7,0.3764880895614624
1569839690.6752381,8,0.3854166567325592
1569839691.5916078,9,0.4017857015132904
1569839692.5250485,10,0.443452388048172
1569839693.4375226,11,0.5059523582458496
1569839694.3608038,12,0.5773809552192688
1569839695.2804203,13,0.5654761791229248
1569839696.1985142,14,0.6041666865348816
1569839697.115708,15,0.605654776096344
1569839698.0380692,16,0.5833333134651184
1569839698.9534554,17,0.5788690447807312
1569839699.8723261,18,0.6145833134651184
1569839700.7950618,19,0.6205357313156128
1569839701.712939,20,0.6294642686843872
1569839702.6230197,21,0.613095223903656
1569839703.5320342,22,0.65625
1569839704.445187,23,0.6473214030265808
1569839705.3613453,24,0.6651785969734192
1569839706.2778068,25,0.6116071343421936
1569839707.1863394,26,0.644345223903656
1569839708.1063318,27,0.644345223903656
1569839709.0251584,28,0.6428571343421936
1569839709.9370892,29,0.663690447807312
1569839710.8564045,30,0.6830357313156128
1569839711.7961612,31,0.6785714030265808
1569839712.7104404,32,0.675595223903656
1569839713.621125,33,0.6473214030265808
1569839714.5327063,34,0.6711309552192688
1569839715.4435005,35,0.675595223903656
1569839716.3567767,36,0.6517857313156128
1569839717.2746975,37,0.7083333134651184
1569839718.1963775,38,0.711309552192688
1569839719.10845,39,0.7008928656578064
1569839720.027679,40,0.680059552192688
1569839720.9474163,41,0.694940447807312
1569839721.8623202,42,0.7217261791229248
1569839722.777248,43,0.6875
1569839723.6875966,44,0.6815476417541504
1569839724.6060388,45,0.6964285969734192
1569839725.5284944,46,0.7172619104385376
1569839726.4447942,47,0.726190447807312
1569839727.3602169,48,0.738095223903656
1569839728.2804427,49,0.730654776096344
1569839729.1925144,50,0.7351190447807312
1569839730.1070154,51,0.730654776096344
1569839731.0271628,52,0.726190447807312
1569839731.9377613,53,0.7559523582458496
1569839732.8604124,54,0.742559552192688
1569839733.7705963,55,0.730654776096344
1569839734.689799,56,0.7395833134651184
1569839735.6015983,57,0.757440447807312
1569839736.5261612,58,0.7604166865348816
1569839737.438873,59,0.7589285969734192
1569839738.3939092,60,0.7648809552192688
1569839739.324223,61,0.7410714030265808
1569839740.251116,62,0.75
1569839741.184578,63,0.769345223903656
1569839742.1431973,64,0.7797619104385376
1569839743.1447413,65,0.7485119104385376
1569839744.0963244,66,0.7782738208770752
1569839745.0391772,67,0.7485119104385376
1569839745.993411,68,0.7723214030265808
1569839746.9522069,69,0.773809552192688
1569839747.9300933,70,0.7827380895614624
1569839748.8957286,71,0.7782738208770752
1569839749.842484,72,0.7708333134651184
1569839750.8463597,73,0.7842261791229248
1569839751.8092268,74,0.7916666865348816
1569839752.754231,75,0.8020833134651184
1569839753.688858,76,0.7872023582458496
1569839754.6188338,77,0.7991071343421936
1569839755.5438771,78,0.7916666865348816
1569839756.473482,79,0.7916666865348816
1569839757.398151,80,0.8035714030265808
1569839758.3419974,81,0.7827380895614624
1569839759.273752,82,0.8110119104385376
1569839760.2090552,83,0.7797619104385376
1569839761.1379523,84,0.7916666865348816
1569839762.0669224,85,0.8020833134651184
1569839763.00257,86,0.7797619104385376
1569839763.9329007,87,0.7752976417541504
1569839764.8627038,88,0.800595223903656
1569839765.7912784,89,0.8065476417541504
1569839766.723027,90,0.7976190447807312
1569839767.6417859,91,0.7946428656578064
1569839768.5663264,92,0.8065476417541504
1569839769.4734418,93,0.8035714030265808
1569839770.382929,94,0.7976190447807312
1569839771.2974486,95,0.805059552192688
1569839772.2129328,96,0.7961309552192688
1569839773.127805,97,0.7901785969734192
1569839774.0463336,98,0.8095238208770752
1569839774.9563215,99,0.8125
1569839775.8792036,100,0.8139880895614624
1569839776.7978396,101,0.7916666865348816
1569839777.7207515,102,0.8258928656578064
1569839778.6420677,103,0.8214285969734192
1569839779.5514753,104,0.8125
1569839780.4745612,105,0.8065476417541504
1569839781.3923435,106,0.805059552192688
1569839782.3163826,107,0.8110119104385376
1569839783.2324996,108,0.7961309552192688
1569839784.146335,109,0.8125
1569839785.0655625,110,0.8080357313156128
1569839785.978597,111,0.8110119104385376
1569839786.8971813,112,0.8095238208770752
1569839787.826405,113,0.8110119104385376
1569839788.7485542,114,0.8273809552192688
1569839789.6615727,115,0.8333333134651184
1569839790.5782552,116,0.793154776096344
1569839791.4942682,117,0.793154776096344
1569839792.4242132,118,0.793154776096344
1569839793.3405216,119,0.8020833134651184
1569839794.2504897,120,0.8020833134651184
1569839795.1683877,121,0.800595223903656
1569839796.0805624,122,0.819940447807312
1569839796.9915934,123,0.7961309552192688
1569839797.9075744,124,0.793154776096344
1569839798.8171527,125,0.819940447807312
1569839799.7406366,126,0.788690447807312
1569839800.6526754,127,0.8035714030265808
1569839801.5718386,128,0.8110119104385376
1569839802.4886293,129,0.793154776096344
1569839803.4004107,130,0.805059552192688
1569839804.3280227,131,0.7961309552192688
1569839805.2468088,132,0.7946428656578064
1569839806.162014,133,0.8154761791229248
1569839807.0727615,134,0.8125
1569839807.9921737,135,0.7976190447807312
1569839808.9179468,136,0.8080357313156128
1569839809.8362958,137,0.8125
1569839810.7503626,138,0.8095238208770752
1569839811.6665301,139,0.8125
1569839812.5808175,140,0.788690447807312
1569839813.4879146,141,0.788690447807312
1569839814.3981848,142,0.7872023582458496
1569839815.3153548,143,0.793154776096344
1569839816.2362094,144,0.8065476417541504
1569839817.1514761,145,0.788690447807312
1569839818.0778337,146,0.8020833134651184
1569839818.992859,147,0.805059552192688
1569839819.9131408,148,0.7991071343421936
1569839820.8325424,149,0.8020833134651184
1569839821.7504873,150,0.8065476417541504
1569839822.6711729,151,0.8154761791229248
1569839823.5910945,152,0.8080357313156128
1569839824.5111077,153,0.8110119104385376
1569839825.4235797,154,0.7961309552192688
1569839826.3411024,155,0.7976190447807312
1569839827.265434,156,0.805059552192688
1569839828.1883397,157,0.8154761791229248
1569839829.1072884,158,0.7872023582458496
1569839830.0189734,159,0.7901785969734192
1569839830.9503329,160,0.8080357313156128
1569839831.8944168,161,0.788690447807312
1569839832.833213,162,0.805059552192688
1569839833.7823405,163,0.7976190447807312
1569839834.7217019,164,0.8095238208770752
1569839835.6674416,165,0.8065476417541504
1569839836.614704,166,0.8065476417541504
1569839837.5554528,167,0.8020833134651184
1569839838.4942045,168,0.7946428656578064
1569839839.43214,169,0.7961309552192688
1569839840.3607082,170,0.8065476417541504
1569839841.2886658,171,0.8020833134651184
1569839842.2113633,172,0.8110119104385376
1569839843.1443677,173,0.7916666865348816
1569839844.115197,174,0.788690447807312
1569839845.0517218,175,0.8020833134651184
1569839845.996482,176,0.7946428656578064
1569839846.938559,177,0.8020833134651184
1569839847.8721762,178,0.7976190447807312
1569839848.7982256,179,0.805059552192688
1569839849.7443526,180,0.7946428656578064
1569839850.6819777,181,0.788690447807312
1569839851.6282191,182,0.7767857313156128
1569839852.562698,183,0.769345223903656
1569839853.4974885,184,0.8154761791229248
1569839854.4448588,185,0.8020833134651184
1569839855.3882334,186,0.7991071343421936
1569839856.3336942,187,0.8020833134651184
1569839857.2728455,188,0.7901785969734192
1569839858.2129772,189,0.7782738208770752
1569839859.1567268,190,0.805059552192688
1569839860.0889997,191,0.8020833134651184
1569839861.0326374,192,0.7797619104385376
1569839861.9717367,193,0.7916666865348816
1569839862.9025712,194,0.7976190447807312
1569839863.8181276,195,0.7767857313156128
1569839864.7306368,196,0.7961309552192688
1569839865.6389215,197,0.8065476417541504
1569839866.552902,198,0.78125
1569839867.462846,199,0.7901785969734192
