Wall time,Step,Value
1569839674.5765476,0,0.22881944477558136
1569839675.5852697,1,0.27638888359069824
1569839676.5871367,2,0.32430556416511536
1569839677.572891,3,0.3166666626930237
1569839678.554849,4,0.3020833432674408
1569839679.54734,5,0.30243057012557983
1569839680.5348094,6,0.3229166567325592
1569839681.521215,7,0.34340277314186096
1569839682.5159872,8,0.3253472149372101
1569839683.4940329,9,0.30243057012557983
1569839684.4821577,10,0.2802083194255829
1569839685.458778,11,0.29826387763023376
1569839686.4486313,12,0.3795138895511627
1569839687.4361305,13,0.35208332538604736
1569839688.4189,14,0.3083333373069763
1569839689.4031231,15,0.3361110985279083
1569839690.382594,16,0.3635416626930237
1569839691.3586943,17,0.41701388359069824
1569839692.3463652,18,0.484375
1569839693.3246226,19,0.4506944417953491
1569839694.3161447,20,0.558680534362793
1569839695.2955673,21,0.6270833611488342
1569839696.279523,22,0.660069465637207
1569839697.257074,23,0.6888889074325562
1569839698.2434828,24,0.6850694417953491
1569839699.2229438,25,0.7131944298744202
1569839700.1997862,26,0.7086805701255798
1569839701.1819096,27,0.6541666388511658
1569839702.1628795,28,0.643750011920929
1569839703.1498404,29,0.6770833134651184
1569839704.1398785,30,0.7003472447395325
1569839705.126295,31,0.6840277910232544
1569839706.1100423,32,0.6815972328186035
1569839707.0980656,33,0.6774305701255798
1569839708.0916953,34,0.6381944417953491
1569839709.079442,35,0.7527777552604675
1569839710.0674744,36,0.7222222089767456
1569839711.0577664,37,0.7295138835906982
1569839712.0401075,38,0.7652778029441833
1569839713.0245535,39,0.7645833492279053
1569839714.0063832,40,0.7600694298744202
1569839714.9858615,41,0.7399305701255798
1569839715.9751167,42,0.7878472208976746
1569839716.9619644,43,0.7791666388511658
1569839717.9565783,44,0.7621527910232544
1569839718.9452713,45,0.7690972089767456
1569839719.9552474,46,0.8170138597488403
1569839720.9825065,47,0.7784722447395325
1569839721.9969223,48,0.7805555462837219
1569839723.031809,49,0.7871527671813965
1569839724.0679746,50,0.7760416865348816
1569839725.0940137,51,0.78125
1569839726.114241,52,0.793749988079071
1569839727.1271415,53,0.7493055462837219
1569839728.174747,54,0.7718750238418579
1569839729.2459352,55,0.7902777791023254
1569839730.24752,56,0.7885416746139526
1569839731.2403748,57,0.8010416626930237
1569839732.2251165,58,0.8128471970558167
1569839733.2274716,59,0.8173611164093018
1569839734.2455838,60,0.7743055820465088
1569839735.2643032,61,0.8197916746139526
1569839736.281631,62,0.7944444417953491
1569839737.2963896,63,0.8454861044883728
1569839738.3168547,64,0.7875000238418579
1569839739.3292532,65,0.8145833611488342
1569839740.3435128,66,0.7961805462837219
1569839741.3560736,67,0.7819444537162781
1569839742.3776002,68,0.8197916746139526
1569839743.3991413,69,0.8208333253860474
1569839744.4220574,70,0.8052083253860474
1569839745.4251795,71,0.7916666865348816
1569839746.4162886,72,0.8267360925674438
1569839747.400166,73,0.7906249761581421
1569839748.3878195,74,0.8194444179534912
1569839749.3862083,75,0.8347222208976746
1569839750.3749602,76,0.824305534362793
1569839751.3664417,77,0.8552083373069763
1569839752.3603547,78,0.7975694537162781
1569839753.3512092,79,0.8152777552604675
1569839754.3363268,80,0.7916666865348816
1569839755.32031,81,0.8329861164093018
1569839756.3118587,82,0.8628472089767456
1569839757.2975752,83,0.8107638955116272
1569839758.2777765,84,0.8020833134651184
1569839759.270592,85,0.8048611283302307
1569839760.2564673,86,0.8458333611488342
1569839761.2471182,87,0.831250011920929
1569839762.2490964,88,0.8416666388511658
1569839763.2320325,89,0.8027777671813965
1569839764.221114,90,0.8149305582046509
1569839765.2063687,91,0.8586805462837219
1569839766.1976302,92,0.8284721970558167
1569839767.1788752,93,0.831250011920929
1569839768.1648521,94,0.8097222447395325
1569839769.1509395,95,0.8107638955116272
1569839770.1325624,96,0.8253472447395325
1569839771.1100397,97,0.8038194179534912
1569839772.0941343,98,0.7902777791023254
1569839773.0768065,99,0.8031250238418579
1569839774.0662239,100,0.8166666626930237
1569839775.0609236,101,0.8277778029441833
1569839776.0527265,102,0.824305534362793
1569839777.0323083,103,0.7958333492279053
1569839778.0269299,104,0.8010416626930237
1569839779.0155783,105,0.7892361283302307
1569839780.001312,106,0.8038194179534912
1569839780.9802666,107,0.7979166507720947
1569839781.9736278,108,0.7868055701255798
1569839782.9618826,109,0.8090277910232544
1569839783.9451735,110,0.831944465637207
1569839784.926039,111,0.8149305582046509
1569839785.9205403,112,0.824305534362793
1569839786.9095898,113,0.8031250238418579
1569839787.8915353,114,0.847569465637207
1569839788.8829124,115,0.8458333611488342
1569839789.8660977,116,0.8038194179534912
1569839790.8505833,117,0.8364583253860474
1569839791.8347259,118,0.8295139074325562
1569839792.8182852,119,0.8465277552604675
1569839793.8031373,120,0.8215277791023254
1569839794.7899907,121,0.8104166388511658
1569839795.77399,122,0.8208333253860474
1569839796.7551036,123,0.8236111402511597
1569839797.73235,124,0.8121528029441833
1569839798.7187443,125,0.7979166507720947
1569839799.700164,126,0.8534722328186035
1569839800.685688,127,0.824999988079071
1569839801.667264,128,0.8395833373069763
1569839802.6478608,129,0.8500000238418579
1569839803.6273828,130,0.815625011920929
1569839804.6248813,131,0.7857638597488403
1569839805.6126273,132,0.8284721970558167
1569839806.6037261,133,0.7763888835906982
1569839807.6015396,134,0.7833333611488342
1569839808.5873191,135,0.824305534362793
1569839809.5784302,136,0.8138889074325562
1569839810.5703728,137,0.7652778029441833
1569839811.566314,138,0.8503472208976746
1569839812.5594532,139,0.7763888835906982
1569839813.5416105,140,0.8413194417953491
1569839814.5268393,141,0.7899305820465088
1569839815.5022204,142,0.8055555820465088
1569839816.4867616,143,0.7840277552604675
1569839817.4656048,144,0.7875000238418579
1569839818.442292,145,0.7847222089767456
1569839819.444765,146,0.8482638597488403
1569839820.4324696,147,0.8534722328186035
1569839821.4134445,148,0.8302083611488342
1569839822.4070265,149,0.7854166626930237
1569839823.3917317,150,0.8208333253860474
1569839824.3775814,151,0.8038194179534912
1569839825.3620188,152,0.8208333253860474
1569839826.340821,153,0.7857638597488403
1569839827.3308954,154,0.8190972208976746
1569839828.3176906,155,0.7975694537162781
1569839829.3064673,156,0.8041666746139526
1569839830.2894547,157,0.824999988079071
1569839831.2687933,158,0.7486110925674438
1569839832.2622159,159,0.8343750238418579
1569839833.243045,160,0.8343750238418579
1569839834.2199333,161,0.7958333492279053
1569839835.209809,162,0.8180555701255798
1569839836.1883848,163,0.8232638835906982
1569839837.170517,164,0.7711805701255798
1569839838.1530092,165,0.8145833611488342
1569839839.135884,166,0.7944444417953491
1569839840.1142254,167,0.7777777910232544
1569839841.1000268,168,0.8024305701255798
1569839842.0761554,169,0.8010416626930237
1569839843.05645,170,0.8062499761581421
1569839844.0410717,171,0.8097222447395325
1569839845.0228012,172,0.8111110925674438
1569839846.0137308,173,0.7986111044883728
1569839847.0063064,174,0.7888888716697693
1569839848.0011916,175,0.8079861402511597
1569839848.9908445,176,0.8180555701255798
1569839849.9820402,177,0.8354166746139526
1569839850.9701138,178,0.753125011920929
1569839851.9538145,179,0.8138889074325562
1569839852.932368,180,0.824999988079071
1569839853.9171698,181,0.7972221970558167
1569839854.9020495,182,0.7760416865348816
1569839855.8829062,183,0.7909722328186035
1569839856.8732455,184,0.7923611402511597
1569839857.8567967,185,0.7437499761581421
1569839858.8378522,186,0.7586805820465088
1569839859.8302495,187,0.8180555701255798
1569839860.8161633,188,0.7854166626930237
1569839861.8041875,189,0.8034722208976746
1569839862.787735,190,0.7854166626930237
1569839863.7839546,191,0.7951388955116272
1569839864.7751925,192,0.753819465637207
1569839865.7618716,193,0.7958333492279053
1569839866.7410576,194,0.7986111044883728
1569839867.72059,195,0.808680534362793
1569839868.7013106,196,0.7951388955116272
1569839869.692896,197,0.8024305701255798
1569839870.6713488,198,0.7819444537162781
1569839871.6421096,199,0.8378472328186035
