Wall time,Step,Value
1569839898.8970404,0,0.265625
1569839899.8030427,1,0.265625
1569839900.690661,2,0.3003472089767456
1569839901.5771165,3,0.3159722089767456
1569839902.4585693,4,0.2899305522441864
1569839903.3365486,5,0.296875
1569839904.2208817,6,0.296875
1569839905.0972803,7,0.2934027910232544
1569839905.980592,8,0.3090277910232544
1569839906.8647952,9,0.3003472089767456
1569839907.7478712,10,0.3142361044883728
1569839908.6351168,11,0.3107638955116272
1569839909.51608,12,0.3090277910232544
1569839910.4071553,13,0.3229166567325592
1569839911.2923021,14,0.2934027910232544
1569839912.180103,15,0.3298611044883728
1569839913.0713496,16,0.2864583432674408
1569839913.9572055,17,0.2934027910232544
1569839914.8409653,18,0.3229166567325592
1569839915.724482,19,0.3923611044883728
1569839916.6062813,20,0.4322916567325592
1569839917.4868739,21,0.4322916567325592
1569839918.3643565,22,0.46875
1569839919.245235,23,0.46875
1569839920.1243515,24,0.4513888955116272
1569839921.0070972,25,0.4878472089767456
1569839921.8843057,26,0.4982638955116272
1569839922.7664886,27,0.4947916567325592
1569839923.6444724,28,0.5069444179534912
1569839924.5246575,29,0.4756944477558136
1569839925.3995583,30,0.4826388955116272
1569839926.2770975,31,0.5121527910232544
1569839927.15454,32,0.5347222089767456
1569839928.03079,33,0.5659722089767456
1569839928.9112027,34,0.5555555820465088
1569839929.7915018,35,0.5347222089767456
1569839930.6813018,36,0.5677083134651184
1569839931.5589912,37,0.5729166865348816
1569839932.441359,38,0.5711805820465088
1569839933.3217838,39,0.5815972089767456
1569839934.2083023,40,0.578125
1569839935.0863342,41,0.6024305820465088
1569839935.9719703,42,0.5972222089767456
1569839936.8520257,43,0.6302083134651184
1569839937.7322662,44,0.6059027910232544
1569839938.6106837,45,0.640625
1569839939.502822,46,0.6458333134651184
1569839940.3971817,47,0.6840277910232544
1569839941.2844915,48,0.6666666865348816
1569839942.1652474,49,0.6545138955116272
1569839943.051105,50,0.6666666865348816
1569839943.9326203,51,0.6631944179534912
1569839944.849008,52,0.6579861044883728
1569839945.7375321,53,0.6579861044883728
1569839946.617797,54,0.6753472089767456
1569839947.4967577,55,0.6597222089767456
1569839948.4167557,56,0.6545138955116272
1569839949.380487,57,0.6649305820465088
1569839950.3299077,58,0.6909722089767456
1569839951.2487752,59,0.6736111044883728
1569839952.1855788,60,0.6701388955116272
1569839953.1045458,61,0.6996527910232544
1569839954.0378902,62,0.6979166865348816
1569839954.9698014,63,0.6666666865348816
1569839955.890455,64,0.7013888955116272
1569839956.8290293,65,0.6666666865348816
1569839957.7703547,66,0.71875
1569839958.7082398,67,0.6944444179534912
1569839959.632965,68,0.7048611044883728
1569839960.5308044,69,0.6927083134651184
1569839961.4216127,70,0.7135416865348816
1569839962.3028383,71,0.7309027910232544
1569839963.1909428,72,0.7465277910232544
1569839964.0747623,73,0.6927083134651184
1569839964.9547904,74,0.6996527910232544
1569839965.8407593,75,0.7135416865348816
1569839966.7292933,76,0.7326388955116272
1569839967.6262112,77,0.7378472089767456
1569839968.5086734,78,0.7430555820465088
1569839969.3915386,79,0.7152777910232544
1569839970.2743087,80,0.75
1569839971.1673725,81,0.7256944179534912
1569839972.0542622,82,0.7274305820465088
1569839972.9368505,83,0.7065972089767456
1569839973.8220508,84,0.7413194179534912
1569839974.7059615,85,0.7135416865348816
1569839975.5848982,86,0.7621527910232544
1569839976.4656084,87,0.7395833134651184
1569839977.3575857,88,0.7083333134651184
1569839978.2302277,89,0.7378472089767456
1569839979.1158679,90,0.7465277910232544
1569839980.0017803,91,0.75
1569839980.8873386,92,0.7274305820465088
1569839981.7721493,93,0.7256944179534912
1569839982.654437,94,0.7204861044883728
1569839983.5454788,95,0.7170138955116272
1569839984.4362864,96,0.7274305820465088
1569839985.3116336,97,0.7222222089767456
1569839986.1956995,98,0.71875
1569839987.0849142,99,0.7274305820465088
1569839987.971703,100,0.7274305820465088
1569839988.8616593,101,0.7378472089767456
1569839989.7467217,102,0.7517361044883728
1569839990.636259,103,0.7013888955116272
1569839991.517492,104,0.734375
1569839992.3969665,105,0.7534722089767456
1569839993.278683,106,0.7534722089767456
1569839994.1630096,107,0.71875
1569839995.0447633,108,0.7447916865348816
1569839995.9344978,109,0.7204861044883728
1569839996.8107276,110,0.7170138955116272
1569839997.7015483,111,0.7256944179534912
1569839998.5894876,112,0.7395833134651184
1569839999.4718075,113,0.734375
1569840000.364551,114,0.7204861044883728
1569840001.2553434,115,0.7395833134651184
1569840002.132589,116,0.7274305820465088
1569840003.0112243,117,0.7326388955116272
1569840003.8954225,118,0.71875
1569840004.7775095,119,0.734375
1569840005.6588585,120,0.734375
1569840006.5409095,121,0.7222222089767456
1569840007.431276,122,0.734375
1569840008.3199823,123,0.7204861044883728
1569840009.211509,124,0.7065972089767456
1569840010.1005342,125,0.7361111044883728
1569840010.985991,126,0.7274305820465088
1569840011.8680916,127,0.7100694179534912
1569840012.7443643,128,0.7395833134651184
1569840013.6277459,129,0.7291666865348816
1569840014.507131,130,0.7152777910232544
1569840015.3858414,131,0.7309027910232544
1569840016.266473,132,0.7291666865348816
1569840017.1463761,133,0.7586805820465088
1569840018.0282054,134,0.6996527910232544
1569840018.9136946,135,0.7239583134651184
1569840019.798549,136,0.7065972089767456
1569840020.6885147,137,0.7291666865348816
1569840021.582418,138,0.7152777910232544
1569840022.4717064,139,0.6840277910232544
1569840023.396136,140,0.71875
1569840024.3303528,141,0.7413194179534912
1569840025.2506695,142,0.7309027910232544
1569840026.1710212,143,0.7170138955116272
1569840027.0891535,144,0.7326388955116272
1569840028.0067983,145,0.7239583134651184
1569840028.9338667,146,0.7100694179534912
1569840029.8420625,147,0.7170138955116272
1569840030.7530258,148,0.7413194179534912
1569840031.6680517,149,0.6875
1569840032.5763385,150,0.7413194179534912
1569840033.478644,151,0.7534722089767456
1569840034.3924398,152,0.7256944179534912
1569840035.2961638,153,0.7326388955116272
1569840036.1938183,154,0.7309027910232544
1569840037.0875032,155,0.6822916865348816
1569840037.967255,156,0.7447916865348816
1569840038.8516836,157,0.7135416865348816
1569840039.729161,158,0.7378472089767456
1569840040.62124,159,0.7517361044883728
1569840041.520936,160,0.7239583134651184
1569840042.4155474,161,0.7256944179534912
1569840043.2991722,162,0.7274305820465088
1569840044.1985302,163,0.7395833134651184
1569840045.0792725,164,0.7204861044883728
1569840045.972583,165,0.7118055820465088
1569840046.8614326,166,0.7447916865348816
1569840047.7612784,167,0.75
1569840048.6737874,168,0.7604166865348816
1569840049.5748365,169,0.7222222089767456
1569840050.4641616,170,0.7517361044883728
1569840051.3779998,171,0.7135416865348816
1569840052.2824197,172,0.7482638955116272
1569840053.1890378,173,0.7222222089767456
1569840054.0898607,174,0.7638888955116272
1569840054.97023,175,0.7326388955116272
1569840055.8530204,176,0.7291666865348816
1569840056.7348428,177,0.7152777910232544
1569840057.6248598,178,0.7274305820465088
1569840058.5191176,179,0.7204861044883728
1569840059.4225585,180,0.7291666865348816
1569840060.307485,181,0.7204861044883728
1569840061.1934226,182,0.7326388955116272
1569840062.0782733,183,0.7465277910232544
1569840062.9662473,184,0.7256944179534912
1569840063.854299,185,0.7152777910232544
1569840064.7486503,186,0.7378472089767456
1569840065.644586,187,0.75
1569840066.5409436,188,0.7170138955116272
1569840067.427113,189,0.7465277910232544
1569840068.3365555,190,0.734375
1569840069.2364872,191,0.7395833134651184
1569840070.1273804,192,0.7413194179534912
1569840071.0254817,193,0.7378472089767456
1569840071.9174864,194,0.7309027910232544
1569840072.8045797,195,0.7326388955116272
1569840073.6900659,196,0.7413194179534912
1569840074.5714476,197,0.6961805820465088
1569840075.4608037,198,0.7378472089767456
1569840076.34696,199,0.7552083134651184
