Wall time,Step,Value
1569839664.811371,0,0.28072917461395264
1569839665.7408876,1,0.3122395873069763
1569839666.6464162,2,0.3218750059604645
1569839667.5352397,3,0.3460937440395355
1569839668.4254658,4,0.3557291626930237
1569839669.3197098,5,0.37578123807907104
1569839670.2082434,6,0.35364583134651184
1569839671.1043851,7,0.3890624940395355
1569839671.9938648,8,0.4309895932674408
1569839672.877877,9,0.42526042461395264
1569839673.7657096,10,0.47578126192092896
1569839674.6545312,11,0.4598958194255829
1569839675.549587,12,0.46822917461395264
1569839676.440964,13,0.4911458194255829
1569839677.3282192,14,0.5169270634651184
1569839678.221879,15,0.5015624761581421
1569839679.112334,16,0.5015624761581421
1569839680.0050938,17,0.5463541746139526
1569839680.8901176,18,0.5380208492279053
1569839681.7781239,19,0.5479166507720947
1569839682.670422,20,0.5614583492279053
1569839683.5596526,21,0.539843738079071
1569839684.4503462,22,0.5567708611488342
1569839685.3367274,23,0.5684896111488342
1569839686.2283766,24,0.5966145992279053
1569839687.118764,25,0.5825520753860474
1569839688.0067918,26,0.6020833253860474
1569839688.8948383,27,0.5903645753860474
1569839689.7853184,28,0.6096354126930237
1569839690.6738482,29,0.6158854365348816
1569839691.5625644,30,0.6135416626930237
1569839692.4519138,31,0.6080729365348816
1569839693.3401866,32,0.5960937738418579
1569839694.2265697,33,0.5992187261581421
1569839695.1084497,34,0.6096354126930237
1569839695.9955945,35,0.6236979365348816
1569839696.8875945,36,0.6130208373069763
1569839697.7722132,37,0.624218761920929
1569839698.6557057,38,0.6302083134651184
1569839699.54948,39,0.633593738079071
1569839700.4430718,40,0.6494791507720947
1569839701.3329165,41,0.6265624761581421
1569839702.2157762,42,0.6598958373069763
1569839703.1066701,43,0.6578124761581421
1569839703.9964852,44,0.6645833253860474
1569839704.8838391,45,0.682812511920929
1569839705.7803004,46,0.6893228888511658
1569839706.6738262,47,0.6752604246139526
1569839707.5686975,48,0.6924479007720947
1569839708.4580224,49,0.7169271111488342
1569839709.355523,50,0.7158854007720947
1569839710.2501898,51,0.694531261920929
1569839711.136607,52,0.6812499761581421
1569839712.0279822,53,0.7190104126930237
1569839712.9205751,54,0.7138020992279053
1569839713.8124063,55,0.7348958253860474
1569839714.7009256,56,0.7093750238418579
1569839715.5897667,57,0.7216145992279053
1569839716.4795697,58,0.7080729007720947
1569839717.360029,59,0.7093750238418579
1569839718.2475646,60,0.73046875
1569839719.134874,61,0.7299479246139526
1569839720.0367074,62,0.7398437261581421
1569839720.9206493,63,0.7057291865348816
1569839721.812611,64,0.7356770634651184
1569839722.697985,65,0.7338541746139526
1569839723.5865157,66,0.7164062261581421
1569839724.4682422,67,0.7044270634651184
1569839725.3554568,68,0.7044270634651184
1569839726.2427833,69,0.7059895992279053
1569839727.1300623,70,0.7177083492279053
1569839728.016275,71,0.7085937261581421
1569839728.900822,72,0.7072916626930237
1569839729.7896802,73,0.7320312261581421
1569839730.6755636,74,0.710156261920929
1569839731.5625682,75,0.7213541865348816
1569839732.4504359,76,0.7203124761581421
1569839733.335641,77,0.7002604007720947
1569839734.2207196,78,0.7161458134651184
1569839735.1086292,79,0.703125
1569839735.996656,80,0.7250000238418579
1569839736.8850157,81,0.7124999761581421
1569839737.7801232,82,0.7289062738418579
1569839738.671869,83,0.7244791388511658
1569839739.5627155,84,0.7182291746139526
1569839740.455789,85,0.7059895992279053
1569839741.342695,86,0.7364583611488342
1569839742.230078,87,0.745312511920929
1569839743.118453,88,0.715624988079071
1569839744.0129845,89,0.7416666746139526
1569839744.902969,90,0.7450520992279053
1569839745.7861943,91,0.737500011920929
1569839746.6754396,92,0.7315104007720947
1569839747.5592706,93,0.7455729246139526
1569839748.4448147,94,0.7338541746139526
1569839749.3308253,95,0.7450520992279053
1569839750.2188082,96,0.7473958134651184
1569839751.1063473,97,0.7606770992279053
1569839751.994492,98,0.7658854126930237
1569839752.8826387,99,0.7497395873069763
1569839753.775603,100,0.7559896111488342
1569839754.6652894,101,0.7604166865348816
1569839755.5554276,102,0.758593738079071
1569839756.4409564,103,0.7578125
1569839757.3302217,104,0.75390625
1569839758.210676,105,0.7515624761581421
1569839759.1069627,106,0.7528645992279053
1569839760.0052168,107,0.7528645992279053
1569839760.8929737,108,0.737500011920929
1569839761.7853005,109,0.765625
1569839762.670263,110,0.774218738079071
1569839763.55919,111,0.7320312261581421
1569839764.451825,112,0.750781238079071
1569839765.3408794,113,0.766406238079071
1569839766.2309258,114,0.757031261920929
1569839767.1170292,115,0.768750011920929
1569839768.0107985,116,0.7614583373069763
1569839768.9045484,117,0.7408854365348816
1569839769.7966182,118,0.7638021111488342
1569839770.6856785,119,0.749218761920929
1569839771.5766294,120,0.7513020634651184
1569839772.4671354,121,0.7526041865348816
1569839773.3502176,122,0.7398437261581421
1569839774.2350137,123,0.74609375
1569839775.1251574,124,0.7559896111488342
1569839776.0145235,125,0.7768229246139526
1569839776.9048936,126,0.7523437738418579
1569839777.8029335,127,0.7565104365348816
1569839778.690161,128,0.7552083134651184
1569839779.587122,129,0.7479166388511658
1569839780.4805849,130,0.7445312738418579
1569839781.3693285,131,0.7651041746139526
1569839782.259982,132,0.7447916865348816
1569839783.148149,133,0.7679687738418579
1569839784.03483,134,0.7458333373069763
1569839784.9253294,135,0.725781261920929
1569839785.8150744,136,0.754687488079071
1569839786.7054515,137,0.7674478888511658
1569839787.5936992,138,0.7450520992279053
1569839788.4794319,139,0.7677083611488342
1569839789.3688393,140,0.7638021111488342
1569839790.256218,141,0.7708333134651184
1569839791.144045,142,0.7606770992279053
1569839792.0302155,143,0.7598958611488342
1569839792.9203064,144,0.7520833611488342
1569839793.8083887,145,0.7776041626930237
1569839794.6958647,146,0.7578125
1569839795.5783885,147,0.7442708611488342
1569839796.4595702,148,0.7338541746139526
1569839797.3494546,149,0.7549479007720947
1569839798.2336726,150,0.7406250238418579
1569839799.1159434,151,0.764843761920929
1569839800.0124345,152,0.7731770873069763
1569839800.9026537,153,0.7651041746139526
1569839801.7902713,154,0.7583333253860474
1569839802.67393,155,0.7679687738418579
1569839803.560117,156,0.7393229007720947
1569839804.446849,157,0.77734375
1569839805.3322442,158,0.7638021111488342
1569839806.2185464,159,0.7692708373069763
1569839807.1053622,160,0.7875000238418579
1569839808.0050666,161,0.7760416865348816
1569839808.9009871,162,0.7554687261581421
1569839809.8104315,163,0.7927083373069763
1569839810.7023513,164,0.7721354365348816
1569839811.589228,165,0.7638021111488342
1569839812.4792888,166,0.7567708492279053
1569839813.3718128,167,0.7458333373069763
1569839814.274843,168,0.7572916746139526
1569839815.1626427,169,0.7638021111488342
1569839816.050366,170,0.7606770992279053
1569839816.936476,171,0.7562500238418579
1569839817.8323314,172,0.7669270634651184
1569839818.7228925,173,0.7544270753860474
1569839819.620157,174,0.7770833373069763
1569839820.5105848,175,0.7697916626930237
1569839821.3986955,176,0.7510416507720947
1569839822.284939,177,0.7627604007720947
1569839823.172552,178,0.7799479365348816
1569839824.0598462,179,0.78125
1569839824.9501889,180,0.770312488079071
1569839825.8501928,181,0.7541666626930237
1569839826.7419755,182,0.7677083611488342
1569839827.6331666,183,0.7661458253860474
1569839828.519024,184,0.7674478888511658
1569839829.4156601,185,0.7440103888511658
1569839830.3050878,186,0.7666666507720947
1569839831.195099,187,0.7718750238418579
1569839832.086605,188,0.7710937261581421
1569839832.982523,189,0.7817708253860474
1569839833.86918,190,0.7604166865348816
1569839834.7551908,191,0.7611979246139526
1569839835.6426702,192,0.7640625238418579
1569839836.5352612,193,0.7583333253860474
1569839837.429195,194,0.7763020992279053
1569839838.3358355,195,0.7854166626930237
1569839839.2348137,196,0.7593749761581421
1569839840.129271,197,0.7559896111488342
1569839841.0143545,198,0.7627604007720947
1569839841.9025004,199,0.7679687738418579
