Wall time,Step,Value
1569839860.51522,0,0.2834821343421936
1569839861.4780517,1,0.2889384925365448
1569839862.4148924,2,0.3323412835597992
1569839863.3352714,3,0.3083663880825043
1569839864.267585,4,0.3159722089767456
1569839865.1949859,5,0.31068122386932373
1569839866.1146057,6,0.31679895520210266
1569839867.048564,7,0.28282076120376587
1569839867.9759533,8,0.28885582089424133
1569839868.8941464,9,0.16170634329319
1569839869.8437622,10,0.3003472089767456
1569839870.7775524,11,0.32622355222702026
1569839871.7132618,12,0.38632604479789734
1569839872.625612,13,0.4228670597076416
1569839873.5701628,14,0.43163028359413147
1569839874.5278585,15,0.43171295523643494
1569839875.477811,16,0.456845223903656
1569839876.4643772,17,0.47346231341362
1569839877.4365466,18,0.498759925365448
1569839878.4083018,19,0.5197585821151733
1569839879.3638344,20,0.5195932388305664
1569839880.3458998,21,0.545634925365448
1569839881.3444855,22,0.5727513432502747
1569839882.2662785,23,0.5264550447463989
1569839883.180689,24,0.5221560597419739
1569839884.0934489,25,0.5693617463111877
1569839885.0060897,26,0.5908564925193787
1569839885.952268,27,0.5281911492347717
1569839886.8986573,28,0.5090112686157227
1569839887.8507264,29,0.5352182388305664
1569839888.8133073,30,0.5823412537574768
1569839889.758695,31,0.5934193134307861
1569839890.7088804,32,0.5743221044540405
1569839891.6518073,33,0.5926752686500549
1569839892.5981283,34,0.5969741940498352
1569839893.544443,35,0.6077215671539307
1569839894.5115628,36,0.6259093880653381
1569839895.4544904,37,0.5944113731384277
1569839896.3998969,38,0.6302083134651184
1569839897.3524632,39,0.6517857313156128
1569839898.2781746,40,0.6230158805847168
1569839899.20316,41,0.6205357313156128
1569839900.1311858,42,0.6404596567153931
1569839901.0584443,43,0.6328538656234741
1569839901.9805932,44,0.6658399701118469
1569839902.9079506,45,0.6431878209114075
1569839903.8356733,46,0.6421957612037659
1569839904.767512,47,0.6518684029579163
1569839905.7080677,48,0.6294642686843872
1569839906.628319,49,0.6465773582458496
1569839907.554588,50,0.652529776096344
1569839908.475882,51,0.6378141641616821
1569839909.4023418,52,0.6655919551849365
1569839910.3247392,53,0.6640211343765259
1569839911.252008,54,0.6571593880653381
1569839912.1671264,55,0.6275628209114075
1569839913.0862072,56,0.6553406119346619
1569839914.001003,57,0.652529776096344
1569839914.937914,58,0.6640211343765259
1569839915.8617382,59,0.6824570298194885
1569839916.7922971,60,0.6328538656234741
1569839917.711273,61,0.6536871790885925
1569839918.6241512,62,0.6545138955116272
1569839919.5512376,63,0.6753472089767456
1569839920.4718812,64,0.6493055820465088
1569839921.3927393,65,0.6751818656921387
1569839922.3172886,66,0.6675760746002197
1569839923.236554,67,0.6973379850387573
1569839924.17873,68,0.6832010746002197
1569839925.1031957,69,0.6951884627342224
1569839926.026428,70,0.6997354626655579
1569839926.9579005,71,0.6700562238693237
1569839927.8818011,72,0.7074239253997803
1569839928.8123436,73,0.7109788656234741
1569839929.7484422,74,0.7060185074806213
1569839930.6723564,75,0.7260251045227051
1569839931.592255,76,0.7199074029922485
1569839932.512024,77,0.7015542387962341
1569839933.439508,78,0.7337136268615723
1569839934.3624487,79,0.7189153432846069
1569839935.2813566,80,0.7406580448150635
1569839936.1969976,81,0.7283399701118469
1569839937.1305351,82,0.7257770895957947
1569839938.045627,83,0.7153604626655579
1569839938.9774952,84,0.7284226417541504
1569839939.8902297,85,0.7484292387962341
1569839940.813295,86,0.7362764477729797
1569839941.736004,87,0.7004795074462891
1569839942.66114,88,0.7203207612037659
1569839943.5771334,89,0.7074239253997803
1569839944.515835,90,0.7292493581771851
1569839945.4466012,91,0.7215608358383179
1569839946.375633,92,0.7286706566810608
1569839947.300714,93,0.7232142686843872
1569839948.2178397,94,0.7302414178848267
1569839949.141277,95,0.7529761791229248
1569839950.0688949,96,0.7353670597076416
1569839950.9928267,97,0.7354497313499451
1569839951.9155748,98,0.7344576716423035
1569839952.841524,99,0.7495039701461792
1569839953.7559757,100,0.7511574029922485
1569839954.6877146,101,0.7342096567153931
1569839955.6060996,102,0.7614087462425232
1569839956.527602,103,0.7519841194152832
1569839957.4461443,104,0.7649636268615723
1569839958.3673522,105,0.7291666865348816
1569839959.2972183,106,0.7642195820808411
1569839960.2154486,107,0.7380125522613525
1569839961.1357386,108,0.7709986567497253
1569839962.051589,109,0.7546296119689941
1569839962.972317,110,0.7365244626998901
1569839963.8959289,111,0.7554563283920288
1569839964.8226423,112,0.7477678656578064
1569839965.745238,113,0.7589285969734192
1569839966.6774836,114,0.72495037317276
1569839967.6082191,115,0.7608300447463989
1569839968.530947,116,0.7544642686843872
1569839969.4513292,117,0.7433035969734192
1569839970.3681402,118,0.7083333134651184
1569839971.2827272,119,0.7765377163887024
1569839972.1907592,120,0.7466104626655579
1569839973.1127288,121,0.7414020895957947
1569839974.0370498,122,0.7519014477729797
1569839974.9544983,123,0.7407407164573669
1569839975.8972979,124,0.7491732835769653
1569839976.8495457,125,0.7658730149269104
1569839977.7879028,126,0.7449570298194885
1569839978.7306643,127,0.7581018805503845
1569839979.6865034,128,0.7457837462425232
1569839980.658013,129,0.7797619104385376
1569839981.6381104,130,0.7719907164573669
1569839982.6103878,131,0.7676091194152832
1569839983.5891366,132,0.7528108358383179
1569839984.6015089,133,0.710730791091919
1569839985.5490131,134,0.738095223903656
1569839986.4936736,135,0.7250330448150635
1569839987.4191895,136,0.731894850730896
1569839988.343758,137,0.7415674328804016
1569839989.283689,138,0.7554563283920288
1569839990.2468376,139,0.7572751045227051
1569839991.1993616,140,0.7448743581771851
1569839992.1549387,141,0.7772817611694336
1569839993.115325,142,0.7435516119003296
1569839994.0776076,143,0.7571924328804016
1569839995.0310557,144,0.7290013432502747
1569839995.9855213,145,0.7531415224075317
1569839996.9187012,146,0.7440476417541504
1569839997.8453193,147,0.7642195820808411
1569839998.7725234,148,0.7085813283920288
1569839999.6905186,149,0.7441303133964539
1569840000.6194313,150,0.7424768805503845
1569840001.5431547,151,0.7301587462425232
1569840002.4596086,152,0.7414020895957947
1569840003.3827677,153,0.7615740895271301
1569840004.3179555,154,0.7337136268615723
1569840005.240857,155,0.7553736567497253
1569840006.172959,156,0.7536375522613525
1569840007.1001492,157,0.7581018805503845
1569840008.0261168,158,0.7414847612380981
1569840008.9525354,159,0.7371031641960144
1569840009.8758192,160,0.7406580448150635
1569840010.8062646,161,0.7389219403266907
1569840011.7198992,162,0.7641369104385376
1569840012.6369283,163,0.7318121790885925
1569840013.558299,164,0.7588459253311157
1569840014.479779,165,0.7685185074806213
1569840015.412486,166,0.7563657164573669
1569840016.3438392,167,0.7534722089767456
1569840017.281951,168,0.745039701461792
1569840018.2011912,169,0.7441303133964539
1569840019.1261213,170,0.7370204925537109
1569840020.0445275,171,0.760664701461792
1569840020.9759417,172,0.7572751045227051
1569840021.896334,173,0.7196593880653381
1569840022.8158994,174,0.7399140000343323
1569840023.7447248,175,0.7371031641960144
1569840024.663146,176,0.7371858358383179
1569840025.5861702,177,0.7390872836112976
1569840026.4981873,178,0.7119709253311157
1569840027.4222703,179,0.7250330448150635
1569840028.3383093,180,0.7474371790885925
1569840029.2536898,181,0.7204034328460693
1569840030.1818652,182,0.7189153432846069
1569840031.1040566,183,0.7399140000343323
1569840032.0340137,184,0.7354497313499451
1569840032.957696,185,0.7431382536888123
1569840033.8924382,186,0.7373511791229248
1569840034.8146365,187,0.7364417910575867
1569840035.7381296,188,0.74057537317276
1569840036.6573937,189,0.7355324029922485
1569840037.5784678,190,0.7232969403266907
1569840038.5079339,191,0.7337962985038757
1569840039.4331887,192,0.7442956566810608
1569840040.3485353,193,0.7310681343078613
1569840041.2640557,194,0.7398313283920288
1569840042.180189,195,0.7422288656234741
1569840043.097573,196,0.7232969403266907
1569840044.0256405,197,0.7275959253311157
1569840044.9568844,198,0.7181712985038757
1569840045.8774242,199,0.7144510746002197
