Wall time,Step,Value
1569839873.0511198,0,0.2678571343421936
1569839874.0443983,1,0.3169642984867096
1569839875.016136,2,0.3779761791229248
1569839875.9846032,3,0.412202388048172
1569839876.9484482,4,0.3958333432674408
1569839877.9178867,5,0.4598214328289032
1569839878.8907428,6,0.4910714328289032
1569839879.8448532,7,0.4702380895614624
1569839880.8018105,8,0.4642857015132904
1569839881.7548478,9,0.5282738208770752
1569839882.7163873,10,0.5952380895614624
1569839883.6659174,11,0.6339285969734192
1569839884.6212995,12,0.5848214030265808
1569839885.5720825,13,0.5297619104385376
1569839886.5248117,14,0.5595238208770752
1569839887.4947507,15,0.5476190447807312
1569839888.4423716,16,0.613095223903656
1569839889.405816,17,0.569940447807312
1569839890.374294,18,0.5178571343421936
1569839891.346001,19,0.6190476417541504
1569839892.3083766,20,0.5625
1569839893.2643754,21,0.5848214030265808
1569839894.2160766,22,0.586309552192688
1569839895.180023,23,0.5967261791229248
1569839896.1540682,24,0.538690447807312
1569839897.1153305,25,0.5877976417541504
1569839898.0911741,26,0.5967261791229248
1569839899.0474224,27,0.6220238208770752
1569839900.0182617,28,0.5729166865348816
1569839900.9940195,29,0.632440447807312
1569839901.9578767,30,0.6309523582458496
1569839902.9211938,31,0.5491071343421936
1569839903.8751523,32,0.5625
1569839904.839149,33,0.5848214030265808
1569839905.795424,34,0.569940447807312
1569839906.746164,35,0.5967261791229248
1569839907.701539,36,0.7217261791229248
1569839908.6649146,37,0.6383928656578064
1569839909.6344345,38,0.6547619104385376
1569839910.6111345,39,0.6741071343421936
1569839911.5845196,40,0.6532738208770752
1569839912.5354104,41,0.5669642686843872
1569839913.4847043,42,0.6592261791229248
1569839914.4401758,43,0.6979166865348816
1569839915.3957498,44,0.6622023582458496
1569839916.34498,45,0.6577380895614624
1569839917.2990646,46,0.711309552192688
1569839918.2502418,47,0.668154776096344
1569839919.197117,48,0.7127976417541504
1569839920.1457553,49,0.6294642686843872
1569839921.1019607,50,0.7157738208770752
1569839922.0542884,51,0.617559552192688
1569839923.0111172,52,0.7083333134651184
1569839923.9726067,53,0.6383928656578064
1569839924.9355223,54,0.6785714030265808
1569839925.895802,55,0.6815476417541504
1569839926.8606548,56,0.7217261791229248
1569839927.8275762,57,0.726190447807312
1569839928.787525,58,0.7276785969734192
1569839929.7497013,59,0.726190447807312
1569839930.718184,60,0.6875
1569839931.6838367,61,0.7752976417541504
1569839932.654191,62,0.7321428656578064
1569839933.6060514,63,0.694940447807312
1569839934.5546951,64,0.6502976417541504
1569839935.5074103,65,0.6860119104385376
1569839936.4592707,66,0.7857142686843872
1569839937.4219465,67,0.699404776096344
1569839938.3716013,68,0.6413690447807312
1569839939.3466165,69,0.625
1569839940.3240168,70,0.7395833134651184
1569839941.3025913,71,0.6726190447807312
1569839942.2763836,72,0.7366071343421936
1569839943.2512972,73,0.6502976417541504
1569839944.2252302,74,0.6354166865348816
1569839945.1966813,75,0.738095223903656
1569839946.1465898,76,0.7351190447807312
1569839947.1138725,77,0.7366071343421936
1569839948.075845,78,0.636904776096344
1569839949.0336506,79,0.7366071343421936
1569839949.9953952,80,0.78125
1569839950.9667394,81,0.7217261791229248
1569839951.9347181,82,0.7366071343421936
1569839952.8908575,83,0.6383928656578064
1569839953.845784,84,0.6860119104385376
1569839954.7961032,85,0.793154776096344
1569839955.7540057,86,0.730654776096344
1569839956.7206686,87,0.6398809552192688
1569839957.697024,88,0.7008928656578064
1569839958.6531804,89,0.7008928656578064
1569839959.6226344,90,0.6398809552192688
1569839960.5945144,91,0.6979166865348816
1569839961.56432,92,0.6592261791229248
1569839962.531884,93,0.742559552192688
1569839963.4870555,94,0.6339285969734192
1569839964.4597497,95,0.7098214030265808
1569839965.4298985,96,0.6979166865348816
1569839966.3931959,97,0.7529761791229248
1569839967.3715682,98,0.6517857313156128
1569839968.3249946,99,0.648809552192688
1569839969.2714732,100,0.7038690447807312
1569839970.2386642,101,0.6458333134651184
1569839971.2073748,102,0.7232142686843872
1569839972.1661146,103,0.8065476417541504
1569839973.128969,104,0.7544642686843872
1569839974.0870383,105,0.663690447807312
1569839975.0372832,106,0.7083333134651184
1569839975.9858286,107,0.7023809552192688
1569839976.9358742,108,0.7351190447807312
1569839977.9003618,109,0.7544642686843872
1569839978.8542607,110,0.6473214030265808
1569839979.8318374,111,0.75
1569839980.808933,112,0.75
1569839981.7811785,113,0.7544642686843872
1569839982.7551348,114,0.7529761791229248
1569839983.7250767,115,0.6607142686843872
1569839984.6932619,116,0.706845223903656
1569839985.654801,117,0.694940447807312
1569839986.6158137,118,0.7485119104385376
1569839987.5864866,119,0.663690447807312
1569839988.5477264,120,0.7708333134651184
1569839989.4961019,121,0.761904776096344
1569839990.443233,122,0.7648809552192688
1569839991.402535,123,0.6607142686843872
1569839992.3617005,124,0.6979166865348816
1569839993.3338633,125,0.726190447807312
1569839994.3039672,126,0.7142857313156128
1569839995.270481,127,0.6517857313156128
1569839996.2325954,128,0.706845223903656
1569839997.181445,129,0.7142857313156128
1569839998.132316,130,0.7142857313156128
1569839999.0834148,131,0.7127976417541504
1569840000.040496,132,0.757440447807312
1569840001.0078678,133,0.7589285969734192
1569840001.988245,134,0.668154776096344
1569840002.9630115,135,0.7529761791229248
1569840003.9365833,136,0.663690447807312
1569840004.9159954,137,0.6696428656578064
1569840005.8886652,138,0.7589285969734192
1569840006.8549602,139,0.8035714030265808
1569840007.8217113,140,0.757440447807312
1569840008.7920926,141,0.6607142686843872
1569840009.7620573,142,0.6726190447807312
1569840010.7264733,143,0.7217261791229248
1569840011.6793196,144,0.7232142686843872
1569840012.6332517,145,0.6651785969734192
1569840013.585066,146,0.7767857313156128
1569840014.5304165,147,0.7038690447807312
1569840015.484719,148,0.7559523582458496
1569840016.436276,149,0.6592261791229248
1569840017.3913465,150,0.7544642686843872
1569840018.3411517,151,0.805059552192688
1569840019.2991836,152,0.7648809552192688
1569840020.2492387,153,0.711309552192688
1569840021.1947618,154,0.7232142686843872
1569840022.150715,155,0.761904776096344
1569840023.1207037,156,0.7723214030265808
1569840024.091549,157,0.706845223903656
1569840025.0633855,158,0.7976190447807312
1569840026.0168407,159,0.757440447807312
1569840026.9661372,160,0.7589285969734192
1569840027.9197857,161,0.694940447807312
1569840028.881763,162,0.7782738208770752
1569840029.862718,163,0.71875
1569840030.8366876,164,0.668154776096344
1569840031.8079026,165,0.7604166865348816
1569840032.7629216,166,0.7529761791229248
1569840033.720328,167,0.6785714030265808
1569840034.6922631,168,0.7142857313156128
1569840035.6451359,169,0.769345223903656
1569840036.6008673,170,0.7172619104385376
1569840037.5724423,171,0.7083333134651184
1569840038.542467,172,0.7157738208770752
1569840039.5184178,173,0.7663690447807312
1569840040.4937878,174,0.675595223903656
1569840041.4687154,175,0.6592261791229248
1569840042.4443438,176,0.6815476417541504
1569840043.4180741,177,0.7098214030265808
1569840044.3985777,178,0.7782738208770752
1569840045.3589609,179,0.7529761791229248
1569840046.3063807,180,0.7157738208770752
1569840047.2521589,181,0.6547619104385376
1569840048.206196,182,0.7247023582458496
1569840049.168952,183,0.7247023582458496
1569840050.1219366,184,0.7202380895614624
1569840051.0842936,185,0.7276785969734192
1569840052.053902,186,0.7678571343421936
1569840053.0203283,187,0.7217261791229248
1569840053.990911,188,0.7604166865348816
1569840054.964552,189,0.7663690447807312
1569840055.938139,190,0.7098214030265808
1569840056.9120016,191,0.663690447807312
1569840057.8921282,192,0.7723214030265808
1569840058.8643968,193,0.757440447807312
1569840059.8445182,194,0.6577380895614624
1569840060.8125226,195,0.726190447807312
1569840061.785766,196,0.7633928656578064
1569840062.7562006,197,0.726190447807312
1569840063.7289193,198,0.6741071343421936
1569840064.705645,199,0.7544642686843872
