Wall time,Step,Value
1569839725.7141569,0,0.2624684274196625
1569839726.7947857,1,0.25205177068710327
1569839727.8564212,2,0.28330177068710327
1569839728.917921,3,0.35227271914482117
1569839730.0023916,4,0.31407827138900757
1569839731.0812473,5,0.32149621844291687
1569839732.1585917,6,0.2981376349925995
1569839733.2400038,7,0.3549558222293854
1569839734.3096066,8,0.3874684274196625
1569839735.3658037,9,0.38652145862579346
1569839736.451698,10,0.41524621844291687
1569839737.5236838,11,0.4013573229312897
1569839738.6015997,12,0.39046716690063477
1569839739.6962888,13,0.41429924964904785
1569839740.7772472,14,0.42518940567970276
1569839741.8334756,15,0.3445391356945038
1569839742.9175522,16,0.43639519810676575
1569839743.9958298,17,0.41082701086997986
1569839745.086801,18,0.38399621844291687
1569839746.1721056,19,0.40561869740486145
1569839747.2561142,20,0.41998106241226196
1569839748.3417115,21,0.44902145862579346
1569839749.4281666,22,0.42297980189323425
1569839750.521287,23,0.44775882363319397
1569839751.5977607,24,0.49668559432029724
1569839752.6814992,25,0.48453283309936523
1569839753.744815,26,0.47585228085517883
1569839754.8378434,27,0.45817551016807556
1569839755.9167192,28,0.4725378751754761
1569839756.9767985,29,0.5358270406723022
1569839758.0395842,30,0.5536616444587708
1569839759.1009803,31,0.5258838534355164
1569839760.1653383,32,0.5536616444587708
1569839761.2389486,33,0.5601325631141663
1569839762.3024163,34,0.5432449579238892
1569839763.3680325,35,0.5839646458625793
1569839764.4585257,36,0.5896464586257935
1569839765.5479038,37,0.5986426472663879
1569839766.621855,38,0.6065340638160706
1569839767.708037,39,0.6182133555412292
1569839768.7644162,40,0.5857007503509521
1569839769.832095,41,0.6082702279090881
1569839770.9259963,42,0.6047979593276978
1569839771.98996,43,0.6160038113594055
1569839773.0499861,44,0.6130050420761108
1569839774.1147819,45,0.6152146458625793
1569839775.1785464,46,0.6598800420761108
1569839776.2613688,47,0.6333649158477783
1569839777.341565,48,0.6174242496490479
1569839778.4342737,49,0.6611426472663879
1569839779.5020506,50,0.6482007503509521
1569839780.5682468,51,0.6221590638160706
1569839781.6399038,52,0.6780303120613098
1569839782.6946867,53,0.6494633555412292
1569839783.754612,54,0.6221590638160706
1569839784.8266885,55,0.6382575631141663
1569839785.9125,56,0.6382575631141663
1569839787.0015235,57,0.6243686676025391
1569839788.0727112,58,0.6668245196342468
1569839789.128472,59,0.6906565427780151
1569839790.2117403,60,0.6732954382896423
1569839791.2680025,61,0.673768937587738
1569839792.3567464,62,0.6755050420761108
1569839793.4226227,63,0.7279040217399597
1569839794.5037184,64,0.6785038113594055
1569839795.5619917,65,0.6568813323974609
1569839796.6170945,66,0.6871843338012695
1569839797.7115607,67,0.6620896458625793
1569839798.807893,68,0.673768937587738
1569839799.874806,69,0.6720328330993652
1569839800.9520574,70,0.7132260203361511
1569839802.037215,71,0.7114899158477783
1569839803.1310315,72,0.7032828330993652
1569839804.2034693,73,0.6772411465644836
1569839805.2813895,74,0.6946022510528564
1569839806.3347456,75,0.7283775210380554
1569839807.4108534,76,0.6789772510528564
1569839808.4871767,77,0.6578282713890076
1569839809.5621588,78,0.6789772510528564
1569839810.6282384,79,0.6573547720909119
1569839811.6965408,80,0.716224730014801
1569839812.791432,81,0.6590909361839294
1569839813.8458645,82,0.7361111044883728
1569839814.9071577,83,0.6946022510528564
1569839815.977698,84,0.6777146458625793
1569839817.0429115,85,0.6551452279090881
1569839818.107836,86,0.6504103541374207
1569839819.1638792,87,0.6201073527336121
1569839820.242239,88,0.6876578330993652
1569839821.3028376,89,0.7032828330993652
1569839822.3624344,90,0.6456754803657532
1569839823.4447072,91,0.6863952279090881
1569839824.5217133,92,0.6881313323974609
1569839825.5769196,93,0.7080176472663879
1569839826.6613445,94,0.678188145160675
1569839827.7387936,95,0.6881313323974609
1569839828.7995954,96,0.6946022510528564
1569839829.8624427,97,0.6677714586257935
1569839830.932645,98,0.6417297720909119
1569839831.9880333,99,0.7179608345031738
1569839833.042278,100,0.7045454382896423
1569839834.1408932,101,0.6946022510528564
1569839835.2061656,102,0.7015467286109924
1569839836.267709,103,0.6695075631141663
1569839837.3248396,104,0.6859217286109924
1569839838.3976498,105,0.6491477489471436
1569839839.4831316,106,0.738794207572937
1569839840.5670197,107,0.6690340638160706
1569839841.6506412,108,0.6946022510528564
1569839842.7287464,109,0.7062815427780151
1569839843.8222878,110,0.6677714586257935
1569839844.9065971,111,0.6911300420761108
1569839845.9557931,112,0.6998106241226196
1569839847.041147,113,0.6928661465644836
1569839848.1212974,114,0.6620896458625793
1569839849.2126524,115,0.7110164165496826
1569839850.2797084,116,0.6867108345031738
1569839851.3851614,117,0.6841856241226196
1569839852.4870622,118,0.6729797720909119
1569839853.6118186,119,0.6923926472663879
1569839854.7453382,120,0.6456754803657532
1569839855.8485496,121,0.7062815427780151
1569839856.9916167,122,0.7335858345031738
1569839858.1394303,123,0.6928661465644836
1569839859.2546868,124,0.6642992496490479
1569839860.4037971,125,0.7288510203361511
1569839861.5491529,126,0.6660353541374207
1569839862.6676245,127,0.6764520406723022
1569839863.8627112,128,0.7275883555412292
1569839864.9951575,129,0.7353219985961914
1569839866.1728973,130,0.7045454382896423
1569839867.2533243,131,0.6630366444587708
1569839868.3615816,132,0.6560921669006348
1569839869.462279,133,0.7067550420761108
1569839870.5406432,134,0.7132260203361511
1569839871.6432624,135,0.7271149158477783
1569839872.7389798,136,0.7417929172515869
1569839873.810444,137,0.7107007503509521
1569839874.8902352,138,0.6829229593276978
1569839875.991821,139,0.6677714586257935
1569839877.0953157,140,0.7253788113594055
1569839878.209232,141,0.707544207572937
1569839879.3071184,142,0.7015467286109924
1569839880.4011815,143,0.6946022510528564
1569839881.4621327,144,0.7196969985961914
1569839882.5465384,145,0.6833964586257935
1569839883.61212,146,0.7062815427780151
1569839884.6775532,147,0.6876578330993652
1569839885.7768853,148,0.6816603541374207
1569839886.8448071,149,0.6729797720909119
1569839887.9379108,150,0.7084911465644836
1569839889.0284505,151,0.6642992496490479
1569839890.1111171,152,0.6777146458625793
1569839891.207129,153,0.7149621248245239
1569839892.2958612,154,0.6898674368858337
1569839893.3587382,155,0.6898674368858337
1569839894.4576664,156,0.6702967286109924
1569839895.5314288,157,0.6941288113594055
1569839896.617114,158,0.6392045617103577
1569839897.6973186,159,0.7271149158477783
1569839898.7786927,160,0.7261679172515869
1569839899.8477106,161,0.6794507503509521
1569839900.9240904,162,0.6876578330993652
1569839902.0023794,163,0.7127525210380554
1569839903.0914452,164,0.6672979593276978
1569839904.1759906,165,0.6851325631141663
1569839905.248188,166,0.7084911465644836
1569839906.31857,167,0.6759785413742065
1569839907.3766308,168,0.6911300420761108
1569839908.4618993,169,0.6794507503509521
1569839909.5458784,170,0.7072285413742065
1569839910.62771,171,0.6881313323974609
1569839911.6873434,172,0.6881313323974609
1569839912.7546911,173,0.6560921669006348
1569839913.8317134,174,0.7032828330993652
1569839914.9221716,175,0.7219065427780151
1569839916.016422,176,0.6898674368858337
1569839917.0888765,177,0.6526199579238892
1569839918.1519542,178,0.7219065427780151
1569839919.2117205,179,0.6963383555412292
1569839920.2935588,180,0.6993371248245239
1569839921.380069,181,0.7102272510528564
1569839922.4915829,182,0.6881313323974609
1569839923.5588703,183,0.6682449579238892
1569839924.6229453,184,0.681186854839325
1569839925.6957881,185,0.6829229593276978
1569839926.7820528,186,0.6993371248245239
1569839927.8625681,187,0.6578282713890076
1569839928.92223,188,0.696811854839325
1569839929.989015,189,0.7283775210380554
1569839931.0547497,190,0.7166982293128967
1569839932.1095455,191,0.6695075631141663
1569839933.2012575,192,0.7097538113594055
1569839934.2817557,193,0.6886047720909119
1569839935.35103,194,0.6148989796638489
1569839936.4149964,195,0.7214331030845642
1569839937.4871738,196,0.7370581030845642
1569839938.559558,197,0.7184343338012695
1569839939.6289475,198,0.6916035413742065
1569839940.6948998,199,0.7114899158477783
