Wall time,Step,Value
1569839663.1417615,0,0.27118057012557983
1569839664.1284301,1,0.3204860985279083
1569839665.0899768,2,0.3253472149372101
1569839666.034624,3,0.3326388895511627
1569839666.9859622,4,0.35555556416511536
1569839667.918943,5,0.3812499940395355
1569839668.8623726,6,0.3704861104488373
1569839669.8086178,7,0.39895832538604736
1569839670.7470508,8,0.4920139014720917
1569839671.6869533,9,0.5461805462837219
1569839672.6297145,10,0.5871527791023254
1569839673.5672953,11,0.5954861044883728
1569839674.505034,12,0.6197916865348816
1569839675.4497879,13,0.6791666746139526
1569839676.3921413,14,0.6635416746139526
1569839677.3400447,15,0.6722221970558167
1569839678.2747686,16,0.6770833134651184
1569839679.2052617,17,0.6611111164093018
1569839680.1394722,18,0.6517361402511597
1569839681.0752888,19,0.6833333373069763
1569839682.0148368,20,0.7166666388511658
1569839682.953321,21,0.6875
1569839683.899134,22,0.703125
1569839684.839353,23,0.7336805462837219
1569839685.7826514,24,0.7201389074325562
1569839686.7183673,25,0.7055555582046509
1569839687.6527703,26,0.7402777671813965
1569839688.590046,27,0.7302083373069763
1569839689.5272942,28,0.7711805701255798
1569839690.4547665,29,0.753125011920929
1569839691.3925707,30,0.7756944298744202
1569839692.3384879,31,0.7881944179534912
1569839693.2724187,32,0.7270833253860474
1569839694.2192416,33,0.7836805582046509
1569839695.152393,34,0.7642360925674438
1569839696.0992417,35,0.7913194298744202
1569839697.0443282,36,0.7697916626930237
1569839698.0089703,37,0.7923611402511597
1569839698.9639878,38,0.7736111283302307
1569839699.9683256,39,0.7736111283302307
1569839700.975279,40,0.765625
1569839701.994357,41,0.7864583134651184
1569839702.9657402,42,0.7788194417953491
1569839703.9763973,43,0.765625
1569839704.9718378,44,0.7614583373069763
1569839705.9518924,45,0.7732638716697693
1569839706.93265,46,0.7899305820465088
1569839707.9002452,47,0.7809028029441833
1569839708.9172018,48,0.7805555462837219
1569839709.9113584,49,0.7847222089767456
1569839710.8805377,50,0.7822916507720947
1569839711.8320422,51,0.7572916746139526
1569839712.7897995,52,0.7770833373069763
1569839713.743451,53,0.7725694179534912
1569839714.7029955,54,0.7822916507720947
1569839715.6537366,55,0.7711805701255798
1569839716.6068494,56,0.7611111402511597
1569839717.565306,57,0.7572916746139526
1569839718.5255296,58,0.7708333134651184
1569839719.4934762,59,0.7871527671813965
1569839720.4480164,60,0.7708333134651184
1569839721.398269,61,0.7940972447395325
1569839722.34994,62,0.7944444417953491
1569839723.305304,63,0.7524305582046509
1569839724.255081,64,0.7736111283302307
1569839725.1987815,65,0.7677083611488342
1569839726.1400514,66,0.778124988079071
1569839727.0741262,67,0.7958333492279053
1569839728.0147347,68,0.746180534362793
1569839728.9523396,69,0.7784722447395325
1569839729.8929358,70,0.7604166865348816
1569839730.8297546,71,0.7600694298744202
1569839731.768748,72,0.7861111164093018
1569839732.6989932,73,0.7795138955116272
1569839733.6379437,74,0.7753472328186035
1569839734.5779648,75,0.7684027552604675
1569839735.5184827,76,0.784375011920929
1569839736.4530065,77,0.7854166626930237
1569839737.401244,78,0.7784722447395325
1569839738.3480563,79,0.8065972328186035
1569839739.2943888,80,0.7802083492279053
1569839740.2345574,81,0.7847222089767456
1569839741.1721172,82,0.784375011920929
1569839742.1091893,83,0.7732638716697693
1569839743.0418367,84,0.7885416746139526
1569839743.972428,85,0.7951388955116272
1569839744.9102821,86,0.7934027910232544
1569839745.843115,87,0.7795138955116272
1569839746.792432,88,0.7760416865348816
1569839747.738829,89,0.7642360925674438
1569839748.6826348,90,0.7739583253860474
1569839749.6245933,91,0.7864583134651184
1569839750.5660875,92,0.7906249761581421
1569839751.4990175,93,0.78125
1569839752.4342546,94,0.7951388955116272
1569839753.373919,95,0.7673611044883728
1569839754.3143106,96,0.7868055701255798
1569839755.2432945,97,0.7947916388511658
1569839756.1754944,98,0.793055534362793
1569839757.119251,99,0.7701388597488403
1569839758.0494494,100,0.761805534362793
1569839758.9823153,101,0.8072916865348816
1569839759.9171934,102,0.7430555820465088
1569839760.8569865,103,0.7819444537162781
1569839761.7899754,104,0.7982639074325562
1569839762.7241075,105,0.7791666388511658
1569839763.6667404,106,0.7704861164093018
1569839764.6129014,107,0.8145833611488342
1569839765.552425,108,0.7906249761581421
1569839766.483704,109,0.7993055582046509
1569839767.443178,110,0.7871527671813965
1569839768.392066,111,0.8048611283302307
1569839769.3274407,112,0.7871527671813965
1569839770.2645264,113,0.7559027671813965
1569839771.2040286,114,0.7760416865348816
1569839772.1445987,115,0.7826389074325562
1569839773.084291,116,0.7715277671813965
1569839774.0198462,117,0.8013888597488403
1569839774.9530768,118,0.7663194537162781
1569839775.8847184,119,0.8069444298744202
1569839776.8186188,120,0.7916666865348816
1569839777.7529826,121,0.765625
1569839778.6952531,122,0.8062499761581421
1569839779.6443546,123,0.7923611402511597
1569839780.584164,124,0.7881944179534912
1569839781.5235088,125,0.7909722328186035
1569839782.4625094,126,0.8031250238418579
1569839783.3911312,127,0.7989583611488342
1569839784.3361938,128,0.7857638597488403
1569839785.279762,129,0.7802083492279053
1569839786.2186723,130,0.78125
1569839787.1611423,131,0.7826389074325562
1569839788.1002038,132,0.796875
1569839789.0406363,133,0.785069465637207
1569839789.9839053,134,0.7902777791023254
1569839790.9192064,135,0.8013888597488403
1569839791.8503036,136,0.7899305820465088
1569839792.7926688,137,0.7979166507720947
1569839793.7322128,138,0.7895833253860474
1569839794.6645653,139,0.7805555462837219
1569839795.6008236,140,0.7892361283302307
1569839796.532857,141,0.7819444537162781
1569839797.4747043,142,0.7829861044883728
1569839798.4117215,143,0.7795138955116272
1569839799.3581378,144,0.7840277552604675
1569839800.2993956,145,0.8059027791023254
1569839801.2349744,146,0.8010416626930237
1569839802.1736069,147,0.7815971970558167
1569839803.1095407,148,0.8010416626930237
1569839804.0446815,149,0.8184027671813965
1569839804.982711,150,0.800694465637207
1569839805.9193766,151,0.7979166507720947
1569839806.8543358,152,0.778124988079071
1569839807.8000321,153,0.7715277671813965
1569839808.732823,154,0.8201388716697693
1569839809.6681433,155,0.7895833253860474
1569839810.6030488,156,0.800000011920929
1569839811.5447552,157,0.7829861044883728
1569839812.4870858,158,0.777430534362793
1569839813.4298294,159,0.8024305701255798
1569839814.377062,160,0.7913194298744202
1569839815.3195267,161,0.7961805462837219
1569839816.2623081,162,0.778124988079071
1569839817.197965,163,0.8187500238418579
1569839818.1348188,164,0.8010416626930237
1569839819.0676215,165,0.793749988079071
1569839819.9947066,166,0.7975694537162781
1569839820.93051,167,0.8072916865348816
1569839821.8684177,168,0.793749988079071
1569839822.8029442,169,0.8034722208976746
1569839823.7349987,170,0.7958333492279053
1569839824.6673367,171,0.800694465637207
1569839825.6028318,172,0.7916666865348816
1569839826.5456884,173,0.8020833134651184
1569839827.4853804,174,0.8062499761581421
1569839828.4200993,175,0.8062499761581421
1569839829.364157,176,0.8131944537162781
1569839830.301519,177,0.8177083134651184
1569839831.2374082,178,0.7927083373069763
1569839832.1722534,179,0.8145833611488342
1569839833.1090546,180,0.8065972328186035
1569839834.0446491,181,0.8027777671813965
1569839834.9837122,182,0.78125
1569839835.9333594,183,0.816319465637207
1569839836.873021,184,0.7993055582046509
1569839837.8132415,185,0.7805555462837219
1569839838.7478702,186,0.7986111044883728
1569839839.6957023,187,0.7996527552604675
1569839840.6320841,188,0.8097222447395325
1569839841.5674443,189,0.8194444179534912
1569839842.509234,190,0.7909722328186035
1569839843.446864,191,0.8065972328186035
1569839844.393784,192,0.808680534362793
1569839845.329109,193,0.8069444298744202
1569839846.2601624,194,0.8031250238418579
1569839847.1911154,195,0.8277778029441833
1569839848.1244953,196,0.8059027791023254
1569839849.06423,197,0.8149305582046509
1569839850.0100477,198,0.8100694417953491
1569839850.947577,199,0.8256944417953491
