Wall time,Step,Value
1569839698.2166998,0,0.2750117778778076
1569839699.1285756,1,0.2747763693332672
1569839700.0229201,2,0.29672786593437195
1569839700.895089,3,0.30170080065727234
1569839701.767328,4,0.4425906240940094
1569839702.641032,5,0.45171257853507996
1569839703.5059705,6,0.5001177191734314
1569839704.3762426,7,0.5545845031738281
1569839705.2454607,8,0.551995038986206
1569839706.117292,9,0.5650011897087097
1569839706.9860349,10,0.573505163192749
1569839707.8574371,11,0.5984286665916443
1569839708.7440455,12,0.5789194703102112
1569839709.6491349,13,0.5808615684509277
1569839710.536373,14,0.612994372844696
1569839711.4267857,15,0.6064618825912476
1569839712.3143258,16,0.6147010326385498
1569839713.2412002,17,0.6041077971458435
1569839714.1415367,18,0.6236169934272766
1569839715.0450406,19,0.6149070262908936
1569839715.9388678,20,0.6299141049385071
1569839716.8341112,21,0.6029896140098572
1569839717.737501,22,0.6479225754737854
1569839718.6266298,23,0.6218808889389038
1569839719.5175662,24,0.659869372844696
1569839720.4075756,25,0.6075211763381958
1569839721.2988453,26,0.642949640750885
1569839722.196537,27,0.6325035095214844
1569839723.11495,28,0.607315182685852
1569839724.0094004,29,0.661370038986206
1569839724.9028792,30,0.6490113139152527
1569839725.7736406,31,0.6776424050331116
1569839726.6441789,32,0.6854696273803711
1569839727.537281,33,0.6787311434745789
1569839728.4120579,34,0.6950329542160034
1569839729.2966673,35,0.659869372844696
1569839730.1763182,36,0.7089218497276306
1569839731.064837,37,0.6611641049385071
1569839731.956697,38,0.6920021176338196
1569839732.8411689,39,0.7048022747039795
1569839733.712284,40,0.6872057318687439
1569839734.5852778,41,0.6961216926574707
1569839735.4634647,42,0.6694032549858093
1569839736.3533561,43,0.6865583658218384
1569839737.2479296,44,0.7030661702156067
1569839738.1435337,45,0.6963276863098145
1569839739.0477347,46,0.698505163192749
1569839739.9428642,47,0.7069797515869141
1569839740.835545,48,0.6926494836807251
1569839741.7319558,49,0.7087158560752869
1569839742.6362965,50,0.7093632221221924
1569839743.5250359,51,0.6956803202629089
1569839744.41747,52,0.691119372844696
1569839745.3131254,53,0.6854696273803711
1569839746.2090068,54,0.721074640750885
1569839747.0994413,55,0.7004472613334656
1569839747.998444,56,0.706744372844696
1569839748.894155,57,0.7017419934272766
1569839749.7947054,58,0.68135005235672
1569839750.6891704,59,0.6932968497276306
1569839751.566741,60,0.7110699415206909
1569839752.4572306,61,0.7178083658218384
1569839753.336833,62,0.7058910131454468
1569839754.203898,63,0.7184851765632629
1569839755.0770643,64,0.7382297515869141
1569839755.9466672,65,0.7371410131454468
1569839756.8218768,66,0.7388771176338196
1569839757.6952841,67,0.7262829542160034
1569839758.5723298,68,0.7030367255210876
1569839759.45197,69,0.7343161702156067
1569839760.3252065,70,0.7178083658218384
1569839761.1970854,71,0.7429966926574707
1569839762.0725284,72,0.7161017060279846
1569839762.9510133,73,0.7545021176338196
1569839763.8304174,74,0.7551494836807251
1569839764.7018313,75,0.7557968497276306
1569839765.571595,76,0.7386711239814758
1569839766.442887,77,0.7373763918876648
1569839767.3351235,78,0.7553848624229431
1569839768.2089999,79,0.7560028433799744
1569839769.080322,80,0.758415699005127
1569839769.9730825,81,0.7477930784225464
1569839770.8718593,82,0.751265287399292
1569839771.763324,83,0.7638300657272339
1569839772.637997,84,0.759504497051239
1569839773.5124607,85,0.7647128105163574
1569839774.3819327,86,0.7436440587043762
1569839775.2547405,87,0.7406132221221924
1569839776.1260836,88,0.7686263918876648
1569839776.9975636,89,0.759710431098938
1569839777.8667617,90,0.7505885362625122
1569839778.7374249,91,0.7618879675865173
1569839779.615087,92,0.7417019605636597
1569839780.4816654,93,0.7521186470985413
1569839781.3570023,94,0.758415699005127
1569839782.23232,95,0.7514418363571167
1569839783.1108437,96,0.7421139478683472
1569839783.9820178,97,0.7768656015396118
1569839784.8552177,98,0.7805731892585754
1569839785.7251475,99,0.7684204578399658
1569839786.5963714,100,0.768185019493103
1569839787.463628,101,0.7532073855400085
1569839788.337807,102,0.7245468497276306
1569839789.2074332,103,0.7642714381217957
1569839790.0769951,104,0.7625353336334229
1569839790.9472153,105,0.7514712810516357
1569839791.8172746,106,0.7614465355873108
1569839792.690714,107,0.7638300657272339
1569839793.587832,108,0.7501471042633057
1569839794.4771967,109,0.7647128105163574
1569839795.3573766,110,0.7514712810516357
1569839796.2424695,111,0.7683910131454468
1569839797.114973,112,0.7605637907981873
1569839797.9857705,113,0.7545021176338196
1569839798.863064,114,0.7571210265159607
1569839799.7361026,115,0.7662429213523865
1569839800.6063697,116,0.7620939016342163
1569839801.4849515,117,0.7414665818214417
1569839802.3709233,118,0.7566795945167542
1569839803.2638798,119,0.7466748952865601
1569839804.140784,120,0.7492938041687012
1569839805.011445,121,0.7499411702156067
1569839805.8958156,122,0.7540607452392578
1569839806.7724948,123,0.7492938041687012
1569839807.6530087,124,0.7551494836807251
1569839808.5180583,125,0.7699211239814758
1569839809.3925295,126,0.7521186470985413
1569839810.2649415,127,0.7471162676811218
1569839811.140509,128,0.7605637907981873
1569839812.0132582,129,0.7705684900283813
1569839812.9079118,130,0.753619372844696
1569839813.8128188,131,0.7664194703102112
1569839814.7109797,132,0.7612111568450928
1569839815.6031137,133,0.7566795945167542
1569839816.5053728,134,0.7727165818214417
1569839817.4038763,135,0.7924906015396118
1569839818.2931643,136,0.7542961239814758
1569839819.1932526,137,0.7686263918876648
1569839820.0911908,138,0.776630163192749
1569839820.986852,139,0.7293137907981873
1569839821.8791409,140,0.7660075426101685
1569839822.7793527,141,0.7692737579345703
1569839823.6756387,142,0.7532073855400085
1569839824.5729103,143,0.7577683329582214
1569839825.4724429,144,0.7744821310043335
1569839826.3689678,145,0.7751588821411133
1569839827.2644482,146,0.7568855881690979
1569839828.166487,147,0.7529720067977905
1569839829.0631151,148,0.7399364113807678
1569839829.9628947,149,0.7664489150047302
1569839830.855361,150,0.7660075426101685
1569839831.7511127,151,0.7655661702156067
1569839832.6538732,152,0.7762182354927063
1569839833.5543652,153,0.7675376534461975
1569839834.452479,154,0.7569150328636169
1569839835.3454804,155,0.7553554773330688
1569839836.2425783,156,0.7883710265159607
1569839837.1330113,157,0.7777189016342163
1569839838.0287573,158,0.7642714381217957
1569839838.9260914,159,0.759504497051239
1569839839.8253477,160,0.752560019493103
1569839840.714147,161,0.7655661702156067
1569839841.6072304,162,0.7729519605636597
1569839842.4952395,163,0.7622998952865601
1569839843.3677113,164,0.7668609023094177
1569839844.2410355,165,0.7494997382164001
1569839845.1129766,166,0.7618879675865173
1569839845.986384,167,0.7629767060279846
1569839846.857482,168,0.7690383791923523
1569839847.7329347,169,0.7757768630981445
1569839848.6109965,170,0.7762182354927063
1569839849.4849315,171,0.7701565623283386
1569839850.3610957,172,0.7503825426101685
1569839851.2312515,173,0.7540607452392578
1569839852.102585,174,0.7710098624229431
1569839852.9839473,175,0.7636240720748901
1569839853.8567653,176,0.7701271176338196
1569839854.7229855,177,0.781220555305481
1569839855.5914724,178,0.7660075426101685
1569839856.466601,179,0.76079922914505
1569839857.3451548,180,0.7527365684509277
1569839858.2206693,181,0.7540607452392578
1569839859.1169453,182,0.7723045945167542
1569839860.00896,183,0.7622998952865601
1569839860.912479,184,0.7733639478683472
1569839861.8102973,185,0.7382297515869141
1569839862.700564,186,0.7473222613334656
1569839863.5942225,187,0.7590630650520325
1569839864.487298,188,0.7627412676811218
1569839865.3822682,189,0.759504497051239
1569839866.2763786,190,0.7490583658218384
1569839867.1531577,191,0.7505885362625122
1569839868.0392184,192,0.7482050657272339
1569839868.907537,193,0.7588276863098145
1569839869.7799773,194,0.759504497051239
1569839870.6504908,195,0.7562382221221924
1569839871.5209012,196,0.7503825426101685
1569839872.3914607,197,0.7818385362625122
1569839873.2911983,198,0.7670962810516357
1569839874.1853788,199,0.7803378105163574
