Wall time,Step,Value
1569839767.7913136,0,0.27611714601516724
1569839768.8366966,1,0.3357487916946411
1569839769.8529105,2,0.3475996255874634
1569839770.8791268,3,0.41130736470222473
1569839771.9010413,4,0.4034571349620819
1569839772.908829,5,0.4379529058933258
1569839773.9066367,6,0.35107186436653137
1569839774.9362893,7,0.411005437374115
1569839775.945347,8,0.3475996255874634
1569839776.9473355,9,0.3079710006713867
1569839777.9458652,10,0.3910024166107178
1569839778.9483411,11,0.4304046034812927
1569839779.9449556,12,0.44542571902275085
1569839780.9753764,13,0.5116998553276062
1569839782.0065153,14,0.6298308968544006
1569839783.0302181,15,0.6836503744125366
1569839784.0608037,16,0.6816123127937317
1569839785.0688949,17,0.6688556671142578
1569839786.0709705,18,0.6662892699241638
1569839787.075716,19,0.6787439584732056
1569839788.1043854,20,0.7241848111152649
1569839789.1299129,21,0.6705917716026306
1569839790.1250472,22,0.6754981875419617
1569839791.1413896,23,0.7131642699241638
1569839792.1584213,24,0.7172403335571289
1569839793.1755831,25,0.7311292290687561
1569839794.200708,26,0.6917270421981812
1569839795.232978,27,0.7131642699241638
1569839796.2561636,28,0.7267512083053589
1569839797.2776678,29,0.6856129169464111
1569839798.2961764,30,0.7354317903518677
1569839799.3161216,31,0.7342995405197144
1569839800.3196669,32,0.7406401038169861
1569839801.340537,33,0.740338146686554
1569839802.352758,34,0.7617753744125366
1569839803.377485,35,0.7713617086410522
1569839804.3750336,36,0.788722813129425
1569839805.3968928,37,0.7490187287330627
1569839806.4296994,38,0.7490187287330627
1569839807.4557066,39,0.782608687877655
1569839808.4629216,40,0.7866848111152649
1569839809.4897215,41,0.7849486470222473
1569839810.5153756,42,0.771588146686554
1569839811.5255952,43,0.7829106450080872
1569839812.522617,44,0.789553165435791
1569839813.5189507,45,0.8171044588088989
1569839814.5445304,46,0.8075181245803833
1569839815.5495274,47,0.819972813129425
1569839816.5519786,48,0.7958937287330627
1569839817.5566492,49,0.7996678948402405
1569839818.5801115,50,0.8248792290687561
1569839819.5880089,51,0.760869562625885
1569839820.5990608,52,0.8188405632972717
1569839821.6396112,53,0.8081219792366028
1569839822.6382635,54,0.8081219792366028
1569839823.6465812,55,0.8095561861991882
1569839824.6420069,56,0.8272191882133484
1569839825.6483138,57,0.8005736470222473
1569839826.674579,58,0.8217089176177979
1569839827.689303,59,0.792119562625885
1569839828.6963205,60,0.7909873127937317
1569839829.6996765,61,0.8040459156036377
1569839830.733926,62,0.8173308968544006
1569839831.7862976,63,0.835597813129425
1569839832.8147244,64,0.8228411674499512
1569839833.8826208,65,0.8217089176177979
1569839834.9074204,66,0.8318236470222473
1569839835.961773,67,0.8141606450080872
1569839837.0172536,68,0.8292572498321533
1569839838.0651116,69,0.8434480428695679
1569839839.1003642,70,0.8393719792366028
1569839840.1378567,71,0.8168025612831116
1569839841.1512644,72,0.8054800629615784
1569839842.178291,73,0.8242753744125366
1569839843.2141464,74,0.8106883764266968
1569839844.295307,75,0.8080465197563171
1569839845.3475277,76,0.8480525612831116
1569839846.4080222,77,0.8390700221061707
1569839847.4539003,78,0.7909873127937317
1569839848.4888325,79,0.8124245405197144
1569839849.5095062,80,0.7976298332214355
1569839850.5343058,81,0.8234450221061707
1569839851.5889585,82,0.8390700221061707
1569839852.6084487,83,0.8130283951759338
1569839853.6712203,84,0.8318236470222473
1569839854.720982,85,0.8390700221061707
1569839855.7714546,86,0.8083484172821045
1569839856.827494,87,0.8515247702598572
1569839857.8519788,88,0.8321256041526794
1569839858.876213,89,0.8141606450080872
1569839859.9074156,90,0.826917290687561
1569839860.968022,91,0.8335598111152649
1569839862.0169058,92,0.83152174949646
1569839863.026407,93,0.8251811861991882
1569839864.0259252,94,0.8483544588088989
1569839865.0409324,95,0.8263133764266968
1569839866.069518,96,0.8289552927017212
1569839867.0687976,97,0.8266153335571289
1569839868.0810168,98,0.8037439584732056
1569839869.1055043,99,0.8083484172821045
1569839870.1308093,100,0.8286533951759338
1569839871.1522205,101,0.8570350408554077
1569839872.181076,102,0.8031401038169861
1569839873.2070484,103,0.8127264380455017
1569839874.288121,104,0.7924215197563171
1569839875.36213,105,0.8155947923660278
1569839876.4367418,106,0.8318236470222473
1569839877.515207,107,0.8286533951759338
1569839878.568488,108,0.8518266677856445
1569839879.6467316,109,0.7979317903518677
1569839880.7177582,110,0.8344655632972717
1569839881.8232493,111,0.8060084581375122
1569839882.8689573,112,0.8390700221061707
1569839883.9328911,113,0.8034420013427734
1569839884.9609828,114,0.8286533951759338
1569839885.9753213,115,0.8161986470222473
1569839887.0203638,116,0.8161986470222473
1569839888.0543756,117,0.8217089176177979
1569839889.0857272,118,0.8500905632972717
1569839890.101421,119,0.8234450221061707
1569839891.1267416,120,0.8324275612831116
1569839892.143695,121,0.8130283951759338
1569839893.1554182,122,0.7976298332214355
1569839894.1697092,123,0.8133302927017212
1569839895.2108529,124,0.8161986470222473
1569839896.2476075,125,0.8100845217704773
1569839897.252476,126,0.8300875425338745
1569839898.2802243,127,0.8214070200920105
1569839899.307822,128,0.8109903335571289
1569839900.3312933,129,0.8324275612831116
1569839901.3295872,130,0.8069142699241638
1569839902.3594859,131,0.8092542290687561
1569839903.362907,132,0.8031401038169861
1569839904.358548,133,0.7996678948402405
1569839905.379758,134,0.8234450221061707
1569839906.4171696,135,0.8373339176177979
1569839907.4153852,136,0.8182367086410522
1569839908.4129465,137,0.8228411674499512
1569839909.4362106,138,0.8185386657714844
1569839910.4519296,139,0.8054800629615784
1569839911.4788764,140,0.8321256041526794
1569839912.4910462,141,0.819972813129425
1569839913.4905155,142,0.8144625425338745
1569839914.5009096,143,0.826917290687561
1569839915.5052304,144,0.8358997702598572
1569839916.5276418,145,0.8133302927017212
1569839917.5190303,146,0.8037439584732056
1569839918.5253267,147,0.8075181245803833
1569839919.5472574,148,0.7785326242446899
1569839920.5425332,149,0.8260869383811951
1569839921.585783,150,0.824577271938324
1569839922.6089242,151,0.8379377722740173
1569839923.6000412,152,0.8037439584732056
1569839924.625062,153,0.8075181245803833
1569839925.6471105,154,0.7785326242446899
1569839926.6693437,155,0.8214070200920105
1569839927.6944537,156,0.7906854152679443
1569839928.6959696,157,0.8217089176177979
1569839929.6918032,158,0.8231431245803833
1569839930.7235558,159,0.8251811861991882
1569839931.735918,160,0.8324275612831116
1569839932.7382567,161,0.8130283951759338
1569839933.74013,162,0.8292572498321533
1569839934.7478907,163,0.8234450221061707
1569839935.7453432,164,0.8072161674499512
1569839936.7653255,165,0.8521286249160767
1569839937.7843406,166,0.8182367086410522
1569839938.8127854,167,0.7999697923660278
1569839939.8260195,168,0.8217089176177979
1569839940.825916,169,0.82201087474823
1569839941.829465,170,0.8023098111152649
1569839942.8530343,171,0.8109903335571289
1569839943.8770878,172,0.8005736470222473
1569839944.9047797,173,0.8254830837249756
1569839945.8999975,174,0.8147644996643066
1569839946.902498,175,0.8292572498321533
1569839947.9303746,176,0.8168025612831116
1569839948.9605858,177,0.8379377722740173
1569839949.9868138,178,0.8147644996643066
1569839950.9947872,179,0.8214070200920105
1569839952.0072653,180,0.8054800629615784
1569839953.0403168,181,0.8251811861991882
1569839954.0657365,182,0.7840428948402405
1569839955.0992768,183,0.7999697923660278
1569839956.1365092,184,0.8017058968544006
1569839957.13613,185,0.8075181245803833
1569839958.1690516,186,0.83763587474823
1569839959.1671953,187,0.8124245405197144
1569839960.1863842,188,0.7591334581375122
1569839961.2056363,189,0.8266153335571289
1569839962.2274997,190,0.8109903335571289
1569839963.2300117,191,0.8399758338928223
1569839964.2318025,192,0.8263133764266968
1569839965.234011,193,0.808952271938324
1569839966.2516909,194,0.8133302927017212
1569839967.2714963,195,0.8147644996643066
1569839968.3006444,196,0.8109903335571289
1569839969.326334,197,0.8179348111152649
1569839970.3235433,198,0.8257850408554077
1569839971.3507786,199,0.798233687877655
