Wall time,Step,Value
1569839880.6083107,0,0.3296130895614624
1569839881.5135543,1,0.2873883843421936
1569839882.4007444,2,0.3169642984867096
1569839883.2877443,3,0.3100818395614624
1569839884.1799142,4,0.3686755895614624
1569839885.0762012,5,0.4051339328289032
1569839885.980639,6,0.4084821343421936
1569839886.8740084,7,0.5189732313156128
1569839887.769226,8,0.4771205484867096
1569839888.6763096,9,0.4592633843421936
1569839889.567751,10,0.4657738208770752
1569839890.457215,11,0.5174851417541504
1569839891.3533468,12,0.5405505895614624
1569839892.250234,13,0.5831473469734192
1569839893.1480958,14,0.562313973903656
1569839894.0398052,15,0.617559552192688
1569839894.9521477,16,0.562313973903656
1569839895.8535702,17,0.5513392686843872
1569839896.7481022,18,0.6026785969734192
1569839897.6388423,19,0.6318824291229248
1569839898.5278285,20,0.593563973903656
1569839899.4194655,21,0.6231398582458496
1569839900.3089654,22,0.6117931604385376
1569839901.2007308,23,0.5877976417541504
1569839902.0963836,24,0.632626473903656
1569839902.9824574,25,0.6147693395614624
1569839903.8734686,26,0.562127947807312
1569839904.7674055,27,0.629092276096344
1569839905.6679344,28,0.605654776096344
1569839906.5625584,29,0.621279776096344
1569839907.4510024,30,0.601748526096344
1569839908.3438072,31,0.5838913917541504
1569839909.2335284,32,0.6774553656578064
1569839910.126784,33,0.6303943395614624
1569839911.0215578,34,0.6303943395614624
1569839911.914219,35,0.6843377947807312
1569839912.804134,36,0.683965802192688
1569839913.6941943,37,0.644717276096344
1569839914.596306,38,0.6434151530265808
1569839915.4924457,39,0.6690848469734192
1569839916.3829293,40,0.652529776096344
1569839917.2693434,41,0.6382068395614624
1569839918.1616805,42,0.6869419813156128
1569839919.057292,43,0.6460193395614624
1569839919.946403,44,0.7025669813156128
1569839920.8371131,45,0.668154776096344
1569839921.735478,46,0.6886160969734192
1569839922.6303446,47,0.6529017686843872
1569839923.51889,48,0.6934523582458496
1569839924.424462,49,0.6742931604385376
1569839925.3221936,50,0.7038690447807312
1569839926.2227151,51,0.691220223903656
1569839927.1177986,52,0.734747052192688
1569839928.0091977,53,0.6590401530265808
1569839928.894612,54,0.695126473903656
1569839929.796667,55,0.7120535969734192
1569839930.689764,56,0.6584821343421936
1569839931.5789099,57,0.7103794813156128
1569839932.4670484,58,0.7055431604385376
1569839933.3607767,59,0.7055431604385376
1569839934.2473488,60,0.722470223903656
1569839935.1356227,61,0.6902901530265808
1569839936.041886,62,0.7682291865348816
1569839936.9341218,63,0.7250744104385376
1569839937.823265,64,0.7403273582458496
1569839938.7138596,65,0.7559523582458496
1569839939.6019006,66,0.726376473903656
1569839940.4921415,67,0.7220982313156128
1569839941.4075418,68,0.7081473469734192
1569839942.3113663,69,0.7273065447807312
1569839943.2357955,70,0.7338169813156128
1569839944.1277087,71,0.7315848469734192
1569839945.038537,72,0.7286086082458496
1569839945.999982,73,0.754278302192688
1569839946.9656916,74,0.7172619104385376
1569839947.8959818,75,0.7338169813156128
1569839948.8358295,76,0.754278302192688
1569839949.7642233,77,0.758184552192688
1569839950.721431,78,0.7594866156578064
1569839951.6638024,79,0.6932663917541504
1569839952.5951998,80,0.7338169813156128
1569839953.5410607,81,0.7403273582458496
1569839954.4545188,82,0.7338169813156128
1569839955.3723366,83,0.7237723469734192
1569839956.2802665,84,0.758184552192688
1569839957.1966195,85,0.7507440447807312
1569839958.0993626,86,0.7016369104385376
1569839958.9965901,87,0.7364211082458496
1569839959.8999953,88,0.7455357313156128
1569839960.7975452,89,0.6928943395614624
1569839961.700861,90,0.6932663917541504
1569839962.5988286,91,0.7481398582458496
1569839963.4990423,92,0.7568824291229248
1569839964.3943052,93,0.734188973903656
1569839965.2957594,94,0.7429315447807312
1569839966.186671,95,0.7555803656578064
1569839967.0739079,96,0.7568824291229248
1569839967.9628327,97,0.7289806604385376
1569839968.857442,98,0.7081473469734192
1569839969.7580442,99,0.7477678656578064
1569839970.6581,100,0.7137276530265808
1569839971.5431714,101,0.7468377947807312
1569839972.4442315,102,0.7124255895614624
1569839973.3300817,103,0.718936026096344
1569839974.2179856,104,0.6919642686843872
1569839975.1109927,105,0.742001473903656
1569839976.0238886,106,0.7120535969734192
1569839976.917681,107,0.7328869104385376
1569839977.807937,108,0.730282723903656
1569839978.699169,109,0.714657723903656
1569839979.6007335,110,0.711123526096344
1569839980.489806,111,0.7059151530265808
1569839981.387984,112,0.7686011791229248
1569839982.278185,113,0.7020089030265808
1569839983.1697376,114,0.7507440447807312
1569839984.0707371,115,0.7442336082458496
1569839984.9693034,116,0.7533482313156128
1569839985.86003,117,0.726376473903656
1569839986.750063,118,0.7163318395614624
1569839987.647951,119,0.6981026530265808
1569839988.5407875,120,0.7520461082458496
1569839989.4235475,121,0.734188973903656
1569839990.3142931,122,0.722470223903656
1569839991.2073555,123,0.7786458134651184
1569839992.0935748,124,0.7790178656578064
1569839992.996166,125,0.7446056604385376
1569839993.892682,126,0.7312127947807312
1569839994.7822556,127,0.7842261791229248
1569839995.6847827,128,0.730282723903656
1569839996.5758448,129,0.7377232313156128
1569839997.4736416,130,0.7390252947807312
1569839998.3679206,131,0.7085193395614624
1569839999.2623522,132,0.734188973903656
1569840000.1564245,133,0.7507440447807312
1569840001.0470715,134,0.7286086082458496
1569840001.9390771,135,0.6932663917541504
1569840002.8280432,136,0.7176339030265808
1569840003.7226017,137,0.715029776096344
1569840004.6319308,138,0.7485119104385376
1569840005.5328147,139,0.730282723903656
1569840006.436808,140,0.7124255895614624
1569840007.3377712,141,0.7137276530265808
1569840008.2281866,142,0.7202380895614624
1569840009.1164966,143,0.7163318395614624
1569840010.0121598,144,0.7163318395614624
1569840010.908277,145,0.711123526096344
1569840011.8119526,146,0.699404776096344
1569840012.7065377,147,0.7159598469734192
1569840013.598087,148,0.7712053656578064
1569840014.4878197,149,0.7585565447807312
1569840015.3783617,150,0.7406994104385376
1569840016.2745693,151,0.7276785969734192
1569840017.1875496,152,0.7159598469734192
1569840018.0838592,153,0.6897321343421936
1569840018.9798212,154,0.7572544813156128
1569840019.8749154,155,0.7046130895614624
1569840020.7661994,156,0.734188973903656
1569840021.6706333,157,0.7747395634651184
1569840022.5671754,158,0.7124255895614624
1569840023.467688,159,0.7328869104385376
1569840024.3598473,160,0.711123526096344
1569840025.2489047,161,0.7494419813156128
1569840026.147194,162,0.7455357313156128
1569840027.04094,163,0.7442336082458496
1569840027.9441633,164,0.734561026096344
1569840028.8397613,165,0.7546502947807312
1569840029.746873,166,0.6828497052192688
1569840030.6416848,167,0.7725074291229248
1569840031.5290713,168,0.7241443395614624
1569840032.4192007,169,0.730282723903656
1569840033.312251,170,0.7354910969734192
1569840034.214072,171,0.7163318395614624
1569840035.1038406,172,0.7250744104385376
1569840036.0049138,173,0.7202380895614624
1569840036.9018776,174,0.699404776096344
1569840037.7908208,175,0.7163318395614624
1569840038.6824174,176,0.722470223903656
1569840039.5788038,177,0.7672991156578064
1569840040.4779472,178,0.796875
1569840041.3709958,179,0.7211681604385376
1569840042.264011,180,0.7472098469734192
1569840043.1543682,181,0.6984747052192688
1569840044.056461,182,0.7533482313156128
1569840044.96013,183,0.718563973903656
1569840045.8669686,184,0.7328869104385376
1569840046.7540674,185,0.7377232313156128
1569840047.6438,186,0.726376473903656
1569840048.5408335,187,0.7751116156578064
1569840049.4281728,188,0.7559523582458496
1569840050.3213344,189,0.7211681604385376
1569840051.2188904,190,0.7672991156578064
1569840052.1206799,191,0.7663690447807312
1569840053.0154743,192,0.7481398582458496
1569840053.9090676,193,0.711123526096344
1569840054.7992733,194,0.7416294813156128
1569840055.6967022,195,0.7023809552192688
1569840056.5890148,196,0.7438616156578064
1569840057.4881155,197,0.7315848469734192
1569840058.392711,198,0.7328869104385376
1569840059.2919204,199,0.7364211082458496
