Wall time,Step,Value
1569839745.8482134,0,0.2529761791229248
1569839746.8354192,1,0.30761054158210754
1569839747.8063,2,0.3482142984867096
1569839748.7955966,3,0.34502550959587097
1569839749.785662,4,0.38286563754081726
1569839750.7651584,5,0.3720238208770752
1569839751.7396781,6,0.4204931855201721
1569839752.7029288,7,0.32780611515045166
1569839753.6697562,8,0.4347364008426666
1569839754.645309,9,0.4583333432674408
1569839755.6181033,10,0.5391156673431396
1569839756.5883892,11,0.5601615905761719
1569839757.569651,12,0.5911989808082581
1569839758.566741,13,0.6226615905761719
1569839759.5463068,14,0.6260629296302795
1569839760.5093749,15,0.6254251599311829
1569839761.4956672,16,0.6045918464660645
1569839762.4807045,17,0.6179847121238708
1569839763.471522,18,0.6392431855201721
1569839764.4644322,19,0.632440447807312
1569839765.4595106,20,0.6483843326568604
1569839766.4535987,21,0.6075680255889893
1569839767.4464648,22,0.6481717824935913
1569839768.4195666,23,0.6456207633018494
1569839769.406323,24,0.6379677057266235
1569839770.369692,25,0.6477466225624084
1569839771.3508615,26,0.6209608912467957
1569839772.3158858,27,0.6460459232330322
1569839773.285919,28,0.682823121547699
1569839774.2571173,29,0.6764456033706665
1569839775.2485244,30,0.6551870703697205
1569839776.2056031,31,0.6766581535339355
1569839777.2070224,32,0.665603756904602
1569839778.1946065,33,0.6796343326568604
1569839779.1758406,34,0.6454081535339355
1569839780.1644945,35,0.6647533774375916
1569839781.1385267,36,0.6738945841789246
1569839782.1318405,37,0.6738945841789246
1569839783.0975597,38,0.6917517185211182
1569839784.091373,39,0.6617771983146667
1569839785.076527,40,0.6804847121238708
1569839786.0397596,41,0.699404776096344
1569839787.0054138,42,0.6558248400688171
1569839787.9919074,43,0.6704931855201721
1569839788.9782228,44,0.7372449040412903
1569839789.9672365,45,0.7100340127944946
1569839790.9487758,46,0.7136479616165161
1569839791.9113288,47,0.7291666865348816
1569839792.8766127,48,0.7302296161651611
1569839793.8749495,49,0.7468112111091614
1569839794.8657038,50,0.7344812750816345
1569839795.8573875,51,0.730654776096344
1569839796.856028,52,0.7595663070678711
1569839797.8443334,53,0.725977897644043
1569839798.8292,54,0.735331654548645
1569839799.8155005,55,0.7557398080825806
1569839800.7948136,56,0.7293792366981506
1569839801.7819872,57,0.7521258592605591
1569839802.7564793,58,0.7699829936027527
1569839803.7506375,59,0.7655187249183655
1569839804.7352073,60,0.735331654548645
1569839805.7271857,61,0.7523384094238281
1569839806.7157578,62,0.7735969424247742
1569839807.6887538,63,0.788690447807312
1569839808.6916883,64,0.7629677057266235
1569839809.6866677,65,0.7463860511779785
1569839810.6664202,66,0.7616921663284302
1569839811.6323838,67,0.790603756904602
1569839812.6019974,68,0.7840136289596558
1569839813.5939603,69,0.7801870703697205
1569839814.5654953,70,0.7723214030265808
1569839815.5396118,71,0.7636054158210754
1569839816.5340555,72,0.7988945841789246
1569839817.5292401,73,0.7782738208770752
1569839818.5238657,74,0.7759353518486023
1569839819.4951603,75,0.7542517185211182
1569839820.4905698,76,0.7920918464660645
1569839821.4565816,77,0.7806122303009033
1569839822.4259348,78,0.7971938848495483
1569839823.4104235,79,0.7650935649871826
1569839824.3682883,80,0.7716836929321289
1569839825.3383214,81,0.8144132494926453
1569839826.330149,82,0.7833758592605591
1569839827.32538,83,0.819940447807312
1569839828.2898233,84,0.800382673740387
1569839829.2841678,85,0.7448979616165161
1569839830.269435,86,0.7946428656578064
1569839831.247624,87,0.7793367505073547
1569839832.2400062,88,0.7710459232330322
1569839833.2032526,89,0.7825255393981934
1569839834.168596,90,0.8016581535339355
1569839835.1448662,91,0.7974064350128174
1569839836.1370862,92,0.7608418464660645
1569839837.1308832,93,0.7650935649871826
1569839838.1222725,94,0.7831632494926453
1569839839.1117535,95,0.8069728016853333
1569839840.0719516,96,0.8201530575752258
1569839841.054997,97,0.7937925457954407
1569839842.013689,98,0.7791241407394409
1569839842.979897,99,0.7948554158210754
1569839843.9485736,100,0.8114370703697205
1569839844.939984,101,0.7976190447807312
1569839845.8982723,102,0.8039966225624084
1569839846.8596964,103,0.7821003198623657
1569839847.8349144,104,0.7984693646430969
1569839848.8051715,105,0.7901785969734192
1569839849.772688,106,0.8159013390541077
1569839850.736228,107,0.8205782175064087
1569839851.7275507,108,0.8027210831642151
1569839852.7139933,109,0.7940050959587097
1569839853.6859968,110,0.8101615905761719
1569839854.662497,111,0.8188775777816772
1569839855.6354568,112,0.7940050959587097
1569839856.6024423,113,0.7997449040412903
1569839857.5761337,114,0.785926878452301
1569839858.5497634,115,0.8012329936027527
1569839859.5347168,116,0.793367326259613
1569839860.5254717,117,0.7872023582458496
1569839861.5003564,118,0.7735969424247742
1569839862.4724948,119,0.8073979616165161
1569839863.4379032,120,0.7797619104385376
1569839864.408955,121,0.8080357313156128
1569839865.4049435,122,0.8184523582458496
1569839866.3991477,123,0.8035714030265808
1569839867.3954084,124,0.8122873902320862
1569839868.3781054,125,0.8139880895614624
1569839869.350042,126,0.7991071343421936
1569839870.3122735,127,0.805059552192688
1569839871.3007693,128,0.8159013390541077
1569839872.328133,129,0.8201530575752258
1569839873.3269804,130,0.8248299360275269
1569839874.359786,131,0.8150510191917419
1569839875.4353015,132,0.8101615905761719
1569839876.5034323,133,0.8088860511779785
1569839877.532006,134,0.8184523582458496
1569839878.5729065,135,0.8114370703697205
1569839879.6459467,136,0.7899659872055054
1569839880.676234,137,0.7889030575752258
1569839881.7767892,138,0.8312074542045593
1569839882.8581889,139,0.8054847121238708
1569839883.889084,140,0.8182398080825806
1569839884.9251027,141,0.8329081535339355
1569839885.917374,142,0.8029336929321289
1569839886.9006786,143,0.8033588528633118
1569839887.883867,144,0.8167517185211182
1569839888.8948069,145,0.8369472622871399
1569839889.9098582,146,0.8056972622871399
1569839890.9369712,147,0.8301445841789246
1569839891.9798434,148,0.7954931855201721
1569839893.0103507,149,0.8233418464660645
1569839894.0192456,150,0.8037840127944946
1569839895.0070457,151,0.8027210831642151
1569839896.0273106,152,0.8263180255889893
1569839897.0357552,153,0.8071853518486023
1569839898.0213387,154,0.805272102355957
1569839898.9935906,155,0.8016581535339355
1569839899.9861095,156,0.7663690447807312
1569839900.974717,157,0.8139880895614624
1569839901.963824,158,0.8101615905761719
1569839902.943641,159,0.8163265585899353
1569839903.9087474,160,0.7697703838348389
1569839904.8810015,161,0.8095238208770752
1569839905.8630319,162,0.8212159872055054
1569839906.8366249,163,0.8014456033706665
1569839907.8069544,164,0.831632673740387
1569839908.8004825,165,0.7969812750816345
1569839909.7946095,166,0.7899659872055054
1569839910.7965488,167,0.8076105713844299
1569839911.7616913,168,0.8065476417541504
1569839912.7648127,169,0.8233418464660645
1569839913.7617211,170,0.8154761791229248
1569839914.740579,171,0.8131377696990967
1569839915.6997826,172,0.8292942047119141
1569839916.668268,173,0.8190901279449463
1569839917.6426446,174,0.8012329936027527
1569839918.60714,175,0.8416241407394409
1569839919.5724752,176,0.8324829936027527
1569839920.5453198,177,0.8131377696990967
1569839921.518603,178,0.8131377696990967
1569839922.4917626,179,0.7971938848495483
1569839923.4614508,180,0.8035714030265808
1569839924.428852,181,0.8307822942733765
1569839925.4209838,182,0.8082482814788818
1569839926.4100797,183,0.7980442047119141
1569839927.399261,184,0.8212159872055054
1569839928.3895257,185,0.8292942047119141
1569839929.3803725,186,0.800595223903656
1569839930.377966,187,0.8227040767669678
1569839931.3705533,188,0.8248299360275269
1569839932.3610542,189,0.7899659872055054
1569839933.3457763,190,0.8235543966293335
1569839934.3325822,191,0.7954931855201721
1569839935.2935283,192,0.8380101919174194
1569839936.2685986,193,0.8203656673431396
1569839937.2603323,194,0.8248299360275269
1569839938.2543063,195,0.8411989808082581
1569839939.2456791,196,0.8229166865348816
1569839940.2435946,197,0.827168345451355
1569839941.2286007,198,0.8095238208770752
1569839942.2217216,199,0.829081654548645
