Wall time,Step,Value
1569839882.1856399,0,0.33475378155708313
1569839883.1445246,1,0.31455177068710327
1569839884.0887046,2,0.3675820827484131
1569839885.0308683,3,0.36174243688583374
1569839885.9651284,4,0.4575441777706146
1569839886.9151545,5,0.49794822931289673
1569839887.853828,6,0.5291982293128967
1569839888.7999082,7,0.5497159361839294
1569839889.740384,8,0.5457702279090881
1569839890.681013,9,0.5634469985961914
1569839891.6143312,10,0.5355113744735718
1569839892.5530107,11,0.5992739796638489
1569839893.4897394,12,0.5648674368858337
1569839894.423368,13,0.5792297720909119
1569839895.3661616,14,0.5869633555412292
1569839896.295616,15,0.6306818127632141
1569839897.2301402,16,0.5749684572219849
1569839898.1657176,17,0.6541982293128967
1569839899.110899,18,0.6559343338012695
1569839900.0594134,19,0.6305239796638489
1569839901.0134027,20,0.596275269985199
1569839901.9592307,21,0.6232638955116272
1569839902.8973956,22,0.6254734992980957
1569839903.831413,23,0.6527777910232544
1569839904.765891,24,0.6594065427780151
1569839905.6946616,25,0.6147411465644836
1569839906.6303275,26,0.6265782713890076
1569839907.5738354,27,0.5871211886405945
1569839908.5190234,28,0.5609217286109924
1569839909.4589803,29,0.6125315427780151
1569839910.406062,30,0.6409406661987305
1569839911.3443892,31,0.658775269985199
1569839912.2871773,32,0.669981062412262
1569839913.214004,33,0.642518937587738
1569839914.1541278,34,0.6720328330993652
1569839915.094125,35,0.6736111044883728
1569839916.0245683,36,0.6826073527336121
1569839916.95948,37,0.6824495196342468
1569839917.8954694,38,0.7113320827484131
1569839918.8245182,39,0.6958649158477783
1569839919.7690008,40,0.6961805820465088
1569839920.7049816,41,0.6846590638160706
1569839921.6350074,42,0.7065972089767456
1569839922.5632281,43,0.7163825631141663
1569839923.4992003,44,0.7148042917251587
1569839924.44105,45,0.7151199579238892
1569839925.375315,46,0.7304292917251587
1569839926.309146,47,0.7088068127632141
1569839927.2499013,48,0.7425820827484131
1569839928.1944335,49,0.7100694179534912
1569839929.1350107,50,0.7444760203361511
1569839930.0738575,51,0.7496843338012695
1569839931.014643,52,0.7493686676025391
1569839931.9555233,53,0.7427399158477783
1569839932.8875608,54,0.7648358345031738
1569839933.8190463,55,0.7361111044883728
1569839934.7537167,56,0.7477903962135315
1569839935.688689,57,0.7735164165496826
1569839936.6292577,58,0.7433711886405945
1569839937.566427,59,0.7441603541374207
1569839938.501107,60,0.7548926472663879
1569839939.445325,61,0.7533143758773804
1569839940.393637,62,0.7632575631141663
1569839941.3282013,63,0.7567866444587708
1569839942.270781,64,0.7615214586257935
1569839943.2323837,65,0.7686237096786499
1569839944.174612,66,0.751893937587738
1569839945.1544204,67,0.7615214586257935
1569839946.1094463,68,0.7537878751754761
1569839947.0736918,69,0.7670454382896423
1569839948.050965,70,0.7667297720909119
1569839949.060023,71,0.7601010203361511
1569839950.0432844,72,0.7634153962135315
1569839951.0401697,73,0.7550504803657532
1569839952.0106804,74,0.7940340638160706
1569839953.0320795,75,0.7904040217399597
1569839954.0298693,76,0.7670454382896423
1569839954.9828515,77,0.8044507503509521
1569839955.9195054,78,0.7720959782600403
1569839956.8594632,79,0.7569444179534912
1569839957.8184166,80,0.7690972089767456
1569839958.7905285,81,0.7463699579238892
1569839959.7729132,82,0.7911931872367859
1569839960.737358,83,0.7720959782600403
1569839961.7022119,84,0.7703598737716675
1569839962.6722372,85,0.7962436676025391
1569839963.6513677,86,0.7686237096786499
1569839964.6160026,87,0.7790403962135315
1569839965.5450728,88,0.7874053120613098
1569839966.4900396,89,0.7810921669006348
1569839967.4390113,90,0.748106062412262
1569839968.3823826,91,0.8060290217399597
1569839969.3372552,92,0.8000315427780151
1569839970.2717738,93,0.7755681872367859
1569839971.2203398,94,0.8065025210380554
1569839972.1665516,95,0.7930871248245239
1569839973.114124,96,0.803188145160675
1569839974.0565941,97,0.7779356241226196
1569839974.998404,98,0.8030303120613098
1569839975.9404163,99,0.8271780014038086
1569839976.8814783,100,0.7960858345031738
1569839977.822663,101,0.7861426472663879
1569839978.7673807,102,0.8154987096786499
1569839979.7057254,103,0.7823547720909119
1569839980.6481688,104,0.7829861044883728
1569839981.595957,105,0.8035038113594055
1569839982.5438948,106,0.8147096037864685
1569839983.5000186,107,0.8118686676025391
1569839984.4411633,108,0.8027146458625793
1569839985.3860135,109,0.7995581030845642
1569839986.3352885,110,0.7724116444587708
1569839987.2732298,111,0.8082386255264282
1569839988.2106073,112,0.815025269985199
1569839989.1679618,113,0.7934027910232544
1569839990.1090949,114,0.8101325631141663
1569839991.0524895,115,0.8082386255264282
1569839991.9934616,116,0.7807765007019043
1569839992.9438772,117,0.8016098737716675
1569839993.878177,118,0.8033459782600403
1569839994.813372,119,0.8000315427780151
1569839995.7496226,120,0.8205492496490479
1569839996.6902313,121,0.7982954382896423
1569839997.6324296,122,0.8083964586257935
1569839998.5740416,123,0.8052399158477783
1569839999.5031545,124,0.8172348737716675
1569840000.4389052,125,0.8001893758773804
1569840001.3711789,126,0.8033459782600403
1569840002.31388,127,0.8183396458625793
1569840003.2534568,128,0.7998737096786499
1569840004.1932728,129,0.809974730014801
1569840005.1324322,130,0.8459596037864685
1569840006.0675535,131,0.8208649158477783
1569840007.0044289,132,0.8205492496490479
1569840007.9339194,133,0.8066603541374207
1569840008.8758216,134,0.8065025210380554
1569840009.8078082,135,0.8205492496490479
1569840010.7448688,136,0.8083964586257935
1569840011.6897857,137,0.816919207572937
1569840012.6232195,138,0.794981062412262
1569840013.559152,139,0.8270202279090881
1569840014.507666,140,0.8443813323974609
1569840015.4562423,141,0.8052399158477783
1569840016.391189,142,0.8271780014038086
1569840017.3313591,143,0.8016098737716675
1569840018.274019,144,0.8271780014038086
1569840019.2336993,145,0.794349730014801
1569840020.1669896,146,0.8066603541374207
1569840021.1032443,147,0.8046085834503174
1569840022.040605,148,0.8353850841522217
1569840022.9696827,149,0.8071338534355164
1569840023.9055464,150,0.8115530014038086
1569840024.850598,151,0.809974730014801
1569840025.7898417,152,0.8014520406723022
1569840026.7227876,153,0.8355429172515869
1569840027.6560261,154,0.8050820827484131
1569840028.59537,155,0.825599730014801
1569840029.5241904,156,0.8221275210380554
1569840030.4593039,157,0.825599730014801
1569840031.4026923,158,0.816919207572937
1569840032.3493235,159,0.8071338534355164
1569840033.285912,160,0.8358585834503174
1569840034.2224243,161,0.7964015007019043
1569840035.1622322,162,0.8033459782600403
1569840036.094461,163,0.8304924368858337
1569840037.0240154,164,0.818813145160675
1569840037.9631624,165,0.7899305820465088
1569840038.913071,166,0.8372790217399597
1569840039.8494787,167,0.8038194179534912
1569840040.7832057,168,0.8240214586257935
1569840041.7203765,169,0.8047664165496826
1569840042.6522663,170,0.8154987096786499
1569840043.5951176,171,0.7915088534355164
1569840044.5233512,172,0.8338068127632141
1569840045.4594398,173,0.8252840638160706
1569840046.385379,174,0.8019254803657532
1569840047.3235993,175,0.8003472089767456
1569840048.2678988,176,0.8203914165496826
1569840049.2125847,177,0.8083964586257935
1569840050.1490202,178,0.796875
1569840051.0757732,179,0.7986111044883728
1569840052.0211794,180,0.8290719985961914
1569840052.9625547,181,0.8186553120613098
1569840053.8961065,182,0.823705792427063
1569840054.835935,183,0.8170770406723022
1569840055.7759597,184,0.8019254803657532
1569840056.7093925,185,0.8066603541374207
1569840057.6428635,186,0.8170770406723022
1569840058.5875785,187,0.8289141654968262
1569840059.525197,188,0.8104482293128967
1569840060.4628785,189,0.830650269985199
1569840061.4134674,190,0.8136047720909119
1569840062.389781,191,0.8083964586257935
1569840063.3736985,192,0.8271780014038086
1569840064.339917,193,0.8038194179534912
1569840065.3158374,194,0.8273358345031738
1569840066.2929354,195,0.8322285413742065
1569840067.2937574,196,0.8140782713890076
1569840068.2763276,197,0.8156565427780151
1569840069.2645223,198,0.8151831030845642
1569840070.2517855,199,0.8208649158477783
